UID,sentence_good,sentence_bad,pair_id,correct_lesion_mean_logprob,incorrect_lesion_mean_logprob,correct_lesion_sum_logprob,incorrect_lesion_sum_logprob,correct_lesion_logprob,incorrect_lesion_logprob,scored_condition
adjunct_island,What does Joseph fix without finding most screens?,What does Joseph fix most screens without finding?,521,-7.75,-7.9375,-69.5,-71.5,"tensor(-5.5000, device='cuda:0', dtype=torch.bfloat16);tensor(-2.8750, device='cuda:0', dtype=torch.bfloat16);tensor(-9.1875, device='cuda:0', dtype=torch.bfloat16);tensor(-11.1250, device='cuda:0', dtype=torch.bfloat16);tensor(-7.6875, device='cuda:0', dtype=torch.bfloat16);tensor(-8.5000, device='cuda:0', dtype=torch.bfloat16);tensor(-10.1250, device='cuda:0', dtype=torch.bfloat16);tensor(-11., device='cuda:0', dtype=torch.bfloat16);tensor(-3.6250, device='cuda:0', dtype=torch.bfloat16)","tensor(-5.5000, device='cuda:0', dtype=torch.bfloat16);tensor(-2.8750, device='cuda:0', dtype=torch.bfloat16);tensor(-9.1875, device='cuda:0', dtype=torch.bfloat16);tensor(-11.1250, device='cuda:0', dtype=torch.bfloat16);tensor(-7.5625, device='cuda:0', dtype=torch.bfloat16);tensor(-12.8750, device='cuda:0', dtype=torch.bfloat16);tensor(-6.4375, device='cuda:0', dtype=torch.bfloat16);tensor(-9.8125, device='cuda:0', dtype=torch.bfloat16);tensor(-6.1875, device='cuda:0', dtype=torch.bfloat16)",blimp
adjunct_island,What will Eva dislike while skated around a lot of libraries?,What will Eva dislike a lot of libraries while skated around?,737,-7.09375,-6.9375,-92.5,-90.0,"tensor(-5.5000, device='cuda:0', dtype=torch.bfloat16);tensor(-5.2500, device='cuda:0', dtype=torch.bfloat16);tensor(-12.6250, device='cuda:0', dtype=torch.bfloat16);tensor(-14.2500, device='cuda:0', dtype=torch.bfloat16);tensor(-9., device='cuda:0', dtype=torch.bfloat16);tensor(-9., device='cuda:0', dtype=torch.bfloat16);tensor(-8., device='cuda:0', dtype=torch.bfloat16);tensor(-3.1250, device='cuda:0', dtype=torch.bfloat16);tensor(-1.8750, device='cuda:0', dtype=torch.bfloat16);tensor(-7.8125, device='cuda:0', dtype=torch.bfloat16);tensor(-1.5000, device='cuda:0', dtype=torch.bfloat16);tensor(-10.3750, device='cuda:0', dtype=torch.bfloat16);tensor(-4.0625, device='cuda:0', dtype=torch.bfloat16)","tensor(-5.5000, device='cuda:0', dtype=torch.bfloat16);tensor(-5.2500, device='cuda:0', dtype=torch.bfloat16);tensor(-12.6250, device='cuda:0', dtype=torch.bfloat16);tensor(-14.2500, device='cuda:0', dtype=torch.bfloat16);tensor(-5.5000, device='cuda:0', dtype=torch.bfloat16);tensor(-1.1875, device='cuda:0', dtype=torch.bfloat16);tensor(-3., device='cuda:0', dtype=torch.bfloat16);tensor(-10.4375, device='cuda:0', dtype=torch.bfloat16);tensor(-8.4375, device='cuda:0', dtype=torch.bfloat16);tensor(-9.7500, device='cuda:0', dtype=torch.bfloat16);tensor(-5.6875, device='cuda:0', dtype=torch.bfloat16);tensor(-3.1875, device='cuda:0', dtype=torch.bfloat16);tensor(-5.2500, device='cuda:0', dtype=torch.bfloat16)",blimp
adjunct_island,What has Meredith ascended while climbing up a lot of stairs?,What has Meredith ascended a lot of stairs while climbing up?,740,-5.5625,-5.71875,-72.5,-74.5,"tensor(-5.5000, device='cuda:0', dtype=torch.bfloat16);tensor(-6.5312, device='cuda:0', dtype=torch.bfloat16);tensor(-13.0625, device='cuda:0', dtype=torch.bfloat16);tensor(-12.5625, device='cuda:0', dtype=torch.bfloat16);tensor(0., device='cuda:0', dtype=torch.bfloat16);tensor(-9.7500, device='cuda:0', dtype=torch.bfloat16);tensor(-4.3750, device='cuda:0', dtype=torch.bfloat16);tensor(-3.1250, device='cuda:0', dtype=torch.bfloat16);tensor(-1.2500, device='cuda:0', dtype=torch.bfloat16);tensor(-9.1250, device='cuda:0', dtype=torch.bfloat16);tensor(-0.3750, device='cuda:0', dtype=torch.bfloat16);tensor(-1.3750, device='cuda:0', dtype=torch.bfloat16);tensor(-5.3750, device='cuda:0', dtype=torch.bfloat16)","tensor(-5.5000, device='cuda:0', dtype=torch.bfloat16);tensor(-6.5312, device='cuda:0', dtype=torch.bfloat16);tensor(-13.0625, device='cuda:0', dtype=torch.bfloat16);tensor(-12.5625, device='cuda:0', dtype=torch.bfloat16);tensor(0., device='cuda:0', dtype=torch.bfloat16);tensor(-6.7500, device='cuda:0', dtype=torch.bfloat16);tensor(-3.1875, device='cuda:0', dtype=torch.bfloat16);tensor(-1.2500, device='cuda:0', dtype=torch.bfloat16);tensor(-5.0625, device='cuda:0', dtype=torch.bfloat16);tensor(-6.8125, device='cuda:0', dtype=torch.bfloat16);tensor(-3.6875, device='cuda:0', dtype=torch.bfloat16);tensor(-2.9375, device='cuda:0', dtype=torch.bfloat16);tensor(-7.0625, device='cuda:0', dtype=torch.bfloat16)",blimp
adjunct_island,Who is Eric curing while approaching Larry?,Who is Eric curing Larry while approaching?,660,-8.375,-8.6875,-67.0,-69.5,"tensor(-7.1250, device='cuda:0', dtype=torch.bfloat16);tensor(-2.1875, device='cuda:0', dtype=torch.bfloat16);tensor(-7.2188, device='cuda:0', dtype=torch.bfloat16);tensor(-19.6250, device='cuda:0', dtype=torch.bfloat16);tensor(-8.3750, device='cuda:0', dtype=torch.bfloat16);tensor(-9.5000, device='cuda:0', dtype=torch.bfloat16);tensor(-10.2500, device='cuda:0', dtype=torch.bfloat16);tensor(-2.5625, device='cuda:0', dtype=torch.bfloat16)","tensor(-7.1250, device='cuda:0', dtype=torch.bfloat16);tensor(-2.1875, device='cuda:0', dtype=torch.bfloat16);tensor(-7.2188, device='cuda:0', dtype=torch.bfloat16);tensor(-19.6250, device='cuda:0', dtype=torch.bfloat16);tensor(-10.9375, device='cuda:0', dtype=torch.bfloat16);tensor(-8.4375, device='cuda:0', dtype=torch.bfloat16);tensor(-9.9375, device='cuda:0', dtype=torch.bfloat16);tensor(-4., device='cuda:0', dtype=torch.bfloat16)",blimp
adjunct_island,What was Lawrence healing after finding many snakes?,What was Lawrence healing many snakes after finding?,411,-7.65625,-8.375,-69.0,-75.5,"tensor(-5.5000, device='cuda:0', dtype=torch.bfloat16);tensor(-5.5625, device='cuda:0', dtype=torch.bfloat16);tensor(-9.8750, device='cuda:0', dtype=torch.bfloat16);tensor(-13.7500, device='cuda:0', dtype=torch.bfloat16);tensor(-4.5625, device='cuda:0', dtype=torch.bfloat16);tensor(-8.6250, device='cuda:0', dtype=torch.bfloat16);tensor(-9.7500, device='cuda:0', dtype=torch.bfloat16);tensor(-6.3125, device='cuda:0', dtype=torch.bfloat16);tensor(-5., device='cuda:0', dtype=torch.bfloat16)","tensor(-5.5000, device='cuda:0', dtype=torch.bfloat16);tensor(-5.5625, device='cuda:0', dtype=torch.bfloat16);tensor(-9.8750, device='cuda:0', dtype=torch.bfloat16);tensor(-13.7500, device='cuda:0', dtype=torch.bfloat16);tensor(-8.7500, device='cuda:0', dtype=torch.bfloat16);tensor(-12.3750, device='cuda:0', dtype=torch.bfloat16);tensor(-5.7500, device='cuda:0', dtype=torch.bfloat16);tensor(-7.8750, device='cuda:0', dtype=torch.bfloat16);tensor(-6.1875, device='cuda:0', dtype=torch.bfloat16)",blimp
adjunct_island,Who had Kristin cared for after escaping from these children?,Who had Kristin cared for these children after escaping from?,678,-6.40625,-6.375,-77.0,-76.5,"tensor(-7.1250, device='cuda:0', dtype=torch.bfloat16);tensor(-6.8750, device='cuda:0', dtype=torch.bfloat16);tensor(-12.1250, device='cuda:0', dtype=torch.bfloat16);tensor(-1.7500, device='cuda:0', dtype=torch.bfloat16);tensor(-13.1250, device='cuda:0', dtype=torch.bfloat16);tensor(-1., device='cuda:0', dtype=torch.bfloat16);tensor(-4.6875, device='cuda:0', dtype=torch.bfloat16);tensor(-9.7500, device='cuda:0', dtype=torch.bfloat16);tensor(-2.1250, device='cuda:0', dtype=torch.bfloat16);tensor(-8.6250, device='cuda:0', dtype=torch.bfloat16);tensor(-6.3125, device='cuda:0', dtype=torch.bfloat16);tensor(-3.3125, device='cuda:0', dtype=torch.bfloat16)","tensor(-7.1250, device='cuda:0', dtype=torch.bfloat16);tensor(-6.8750, device='cuda:0', dtype=torch.bfloat16);tensor(-12.1250, device='cuda:0', dtype=torch.bfloat16);tensor(-1.7500, device='cuda:0', dtype=torch.bfloat16);tensor(-13.1250, device='cuda:0', dtype=torch.bfloat16);tensor(-1., device='cuda:0', dtype=torch.bfloat16);tensor(-6.6250, device='cuda:0', dtype=torch.bfloat16);tensor(-2.7500, device='cuda:0', dtype=torch.bfloat16);tensor(-4.3750, device='cuda:0', dtype=torch.bfloat16);tensor(-10.8750, device='cuda:0', dtype=torch.bfloat16);tensor(-1.6875, device='cuda:0', dtype=torch.bfloat16);tensor(-8.1250, device='cuda:0', dtype=torch.bfloat16)",blimp
adjunct_island,Who could some essay worry while impressing Lori?,Who could some essay worry Lori while impressing?,626,-8.0,-7.75,-80.0,-77.5,"tensor(-7.1250, device='cuda:0', dtype=torch.bfloat16);tensor(-5.7500, device='cuda:0', dtype=torch.bfloat16);tensor(-10.6250, device='cuda:0', dtype=torch.bfloat16);tensor(-7.3750, device='cuda:0', dtype=torch.bfloat16);tensor(-10.8750, device='cuda:0', dtype=torch.bfloat16);tensor(-8.2500, device='cuda:0', dtype=torch.bfloat16);tensor(-11.1250, device='cuda:0', dtype=torch.bfloat16);tensor(-0.8125, device='cuda:0', dtype=torch.bfloat16);tensor(-14.5000, device='cuda:0', dtype=torch.bfloat16);tensor(-3.4375, device='cuda:0', dtype=torch.bfloat16)","tensor(-7.1250, device='cuda:0', dtype=torch.bfloat16);tensor(-5.7500, device='cuda:0', dtype=torch.bfloat16);tensor(-10.6250, device='cuda:0', dtype=torch.bfloat16);tensor(-7.3750, device='cuda:0', dtype=torch.bfloat16);tensor(-10.8750, device='cuda:0', dtype=torch.bfloat16);tensor(-14.1250, device='cuda:0', dtype=torch.bfloat16);tensor(-7.2188, device='cuda:0', dtype=torch.bfloat16);tensor(-9.5000, device='cuda:0', dtype=torch.bfloat16);tensor(-0.4375, device='cuda:0', dtype=torch.bfloat16);tensor(-4.3125, device='cuda:0', dtype=torch.bfloat16)",blimp
adjunct_island,Who could Frank observe before concealing Robert?,Who could Frank observe Robert before concealing?,513,-7.21875,-7.53125,-65.0,-68.0,"tensor(-7.1250, device='cuda:0', dtype=torch.bfloat16);tensor(-5.7500, device='cuda:0', dtype=torch.bfloat16);tensor(-12.6250, device='cuda:0', dtype=torch.bfloat16);tensor(-10.2500, device='cuda:0', dtype=torch.bfloat16);tensor(-6.2500, device='cuda:0', dtype=torch.bfloat16);tensor(-8.8750, device='cuda:0', dtype=torch.bfloat16);tensor(-0.5000, device='cuda:0', dtype=torch.bfloat16);tensor(-10.8750, device='cuda:0', dtype=torch.bfloat16);tensor(-2.7500, device='cuda:0', dtype=torch.bfloat16)","tensor(-7.1250, device='cuda:0', dtype=torch.bfloat16);tensor(-5.7500, device='cuda:0', dtype=torch.bfloat16);tensor(-12.6250, device='cuda:0', dtype=torch.bfloat16);tensor(-10.2500, device='cuda:0', dtype=torch.bfloat16);tensor(-11.8125, device='cuda:0', dtype=torch.bfloat16);tensor(-6.0625, device='cuda:0', dtype=torch.bfloat16);tensor(-9.3750, device='cuda:0', dtype=torch.bfloat16);tensor(-0.1250, device='cuda:0', dtype=torch.bfloat16);tensor(-4.6875, device='cuda:0', dtype=torch.bfloat16)",blimp
adjunct_island,Who is Colleen watching without approaching Allison?,Who is Colleen watching Allison without approaching?,859,-7.875,-8.1875,-71.0,-73.5,"tensor(-7.1250, device='cuda:0', dtype=torch.bfloat16);tensor(-2.1875, device='cuda:0', dtype=torch.bfloat16);tensor(-8.0625, device='cuda:0', dtype=torch.bfloat16);tensor(-1.5000, device='cuda:0', dtype=torch.bfloat16);tensor(-15.1250, device='cuda:0', dtype=torch.bfloat16);tensor(-9.6250, device='cuda:0', dtype=torch.bfloat16);tensor(-12.6875, device='cuda:0', dtype=torch.bfloat16);tensor(-12.1250, device='cuda:0', dtype=torch.bfloat16);tensor(-2.4375, device='cuda:0', dtype=torch.bfloat16)","tensor(-7.1250, device='cuda:0', dtype=torch.bfloat16);tensor(-2.1875, device='cuda:0', dtype=torch.bfloat16);tensor(-8.0625, device='cuda:0', dtype=torch.bfloat16);tensor(-1.5000, device='cuda:0', dtype=torch.bfloat16);tensor(-15.1250, device='cuda:0', dtype=torch.bfloat16);tensor(-13.9375, device='cuda:0', dtype=torch.bfloat16);tensor(-9.2500, device='cuda:0', dtype=torch.bfloat16);tensor(-13.3750, device='cuda:0', dtype=torch.bfloat16);tensor(-2.8750, device='cuda:0', dtype=torch.bfloat16)",blimp
adjunct_island,Who has Margaret criticized while thinking about Lawrence?,Who has Margaret criticized Lawrence while thinking about?,136,-7.59375,-8.125,-68.5,-73.5,"tensor(-7.1250, device='cuda:0', dtype=torch.bfloat16);tensor(-4.6250, device='cuda:0', dtype=torch.bfloat16);tensor(-11.5000, device='cuda:0', dtype=torch.bfloat16);tensor(-14., device='cuda:0', dtype=torch.bfloat16);tensor(-8.4375, device='cuda:0', dtype=torch.bfloat16);tensor(-6.9375, device='cuda:0', dtype=torch.bfloat16);tensor(-1.8750, device='cuda:0', dtype=torch.bfloat16);tensor(-10.6250, device='cuda:0', dtype=torch.bfloat16);tensor(-3.1875, device='cuda:0', dtype=torch.bfloat16)","tensor(-7.1250, device='cuda:0', dtype=torch.bfloat16);tensor(-4.6250, device='cuda:0', dtype=torch.bfloat16);tensor(-11.5000, device='cuda:0', dtype=torch.bfloat16);tensor(-14., device='cuda:0', dtype=torch.bfloat16);tensor(-13.3750, device='cuda:0', dtype=torch.bfloat16);tensor(-7.9062, device='cuda:0', dtype=torch.bfloat16);tensor(-6.4375, device='cuda:0', dtype=torch.bfloat16);tensor(-2.2500, device='cuda:0', dtype=torch.bfloat16);tensor(-6.1875, device='cuda:0', dtype=torch.bfloat16)",blimp
anaphor_gender_agreement,Stephanie has irritated herself.,Stephanie has irritated itself.,521,-6.03125,-6.59375,-42.25,-46.25,"tensor(-9.2500, device='cuda:0', dtype=torch.bfloat16);tensor(-2.6250, device='cuda:0', dtype=torch.bfloat16);tensor(-0.3750, device='cuda:0', dtype=torch.bfloat16);tensor(-5.4375, device='cuda:0', dtype=torch.bfloat16);tensor(-15.8125, device='cuda:0', dtype=torch.bfloat16);tensor(-4.3750, device='cuda:0', dtype=torch.bfloat16);tensor(-4.3125, device='cuda:0', dtype=torch.bfloat16)","tensor(-9.2500, device='cuda:0', dtype=torch.bfloat16);tensor(-2.6250, device='cuda:0', dtype=torch.bfloat16);tensor(-0.3750, device='cuda:0', dtype=torch.bfloat16);tensor(-5.4375, device='cuda:0', dtype=torch.bfloat16);tensor(-15.8125, device='cuda:0', dtype=torch.bfloat16);tensor(-9.8750, device='cuda:0', dtype=torch.bfloat16);tensor(-2.8125, device='cuda:0', dtype=torch.bfloat16)",blimp
anaphor_gender_agreement,Phillip isn't confusing himself.,Phillip isn't confusing itself.,737,-5.9375,-6.5,-41.5,-45.5,"tensor(-10.2500, device='cuda:0', dtype=torch.bfloat16);tensor(-1.1250, device='cuda:0', dtype=torch.bfloat16);tensor(-11.0625, device='cuda:0', dtype=torch.bfloat16);tensor(-0.3750, device='cuda:0', dtype=torch.bfloat16);tensor(-12., device='cuda:0', dtype=torch.bfloat16);tensor(-3.2500, device='cuda:0', dtype=torch.bfloat16);tensor(-3.5000, device='cuda:0', dtype=torch.bfloat16)","tensor(-10.2500, device='cuda:0', dtype=torch.bfloat16);tensor(-1.1250, device='cuda:0', dtype=torch.bfloat16);tensor(-11.0625, device='cuda:0', dtype=torch.bfloat16);tensor(-0.3750, device='cuda:0', dtype=torch.bfloat16);tensor(-12., device='cuda:0', dtype=torch.bfloat16);tensor(-7.7812, device='cuda:0', dtype=torch.bfloat16);tensor(-2.9375, device='cuda:0', dtype=torch.bfloat16)",blimp
anaphor_gender_agreement,Roger wouldn't astound himself.,Roger wouldn't astound itself.,740,-7.0625,-7.53125,-49.5,-52.75,"tensor(-10.2500, device='cuda:0', dtype=torch.bfloat16);tensor(-13., device='cuda:0', dtype=torch.bfloat16);tensor(-0.3750, device='cuda:0', dtype=torch.bfloat16);tensor(-16.2500, device='cuda:0', dtype=torch.bfloat16);tensor(0., device='cuda:0', dtype=torch.bfloat16);tensor(-5.1250, device='cuda:0', dtype=torch.bfloat16);tensor(-4.3750, device='cuda:0', dtype=torch.bfloat16)","tensor(-10.2500, device='cuda:0', dtype=torch.bfloat16);tensor(-13., device='cuda:0', dtype=torch.bfloat16);tensor(-0.3750, device='cuda:0', dtype=torch.bfloat16);tensor(-16.2500, device='cuda:0', dtype=torch.bfloat16);tensor(0., device='cuda:0', dtype=torch.bfloat16);tensor(-9.6250, device='cuda:0', dtype=torch.bfloat16);tensor(-3.3125, device='cuda:0', dtype=torch.bfloat16)",blimp
anaphor_gender_agreement,Susan has scared herself.,Susan has scared himself.,660,-7.34375,-8.125,-36.75,-40.75,"tensor(-9.7500, device='cuda:0', dtype=torch.bfloat16);tensor(-5.8750, device='cuda:0', dtype=torch.bfloat16);tensor(-14.1875, device='cuda:0', dtype=torch.bfloat16);tensor(-2.1250, device='cuda:0', dtype=torch.bfloat16);tensor(-4.8125, device='cuda:0', dtype=torch.bfloat16)","tensor(-9.7500, device='cuda:0', dtype=torch.bfloat16);tensor(-5.8750, device='cuda:0', dtype=torch.bfloat16);tensor(-14.1875, device='cuda:0', dtype=torch.bfloat16);tensor(-6.7188, device='cuda:0', dtype=torch.bfloat16);tensor(-4.2500, device='cuda:0', dtype=torch.bfloat16)",blimp
anaphor_gender_agreement,Tammy can't scare herself.,Tammy can't scare itself.,411,-5.59375,-6.1875,-39.0,-43.25,"tensor(-10., device='cuda:0', dtype=torch.bfloat16);tensor(-2.8125, device='cuda:0', dtype=torch.bfloat16);tensor(-7.6250, device='cuda:0', dtype=torch.bfloat16);tensor(-1.6875, device='cuda:0', dtype=torch.bfloat16);tensor(-10.9375, device='cuda:0', dtype=torch.bfloat16);tensor(-3.3750, device='cuda:0', dtype=torch.bfloat16);tensor(-2.6250, device='cuda:0', dtype=torch.bfloat16)","tensor(-10., device='cuda:0', dtype=torch.bfloat16);tensor(-2.8125, device='cuda:0', dtype=torch.bfloat16);tensor(-7.6250, device='cuda:0', dtype=torch.bfloat16);tensor(-1.6875, device='cuda:0', dtype=torch.bfloat16);tensor(-10.9375, device='cuda:0', dtype=torch.bfloat16);tensor(-7.8438, device='cuda:0', dtype=torch.bfloat16);tensor(-2.3125, device='cuda:0', dtype=torch.bfloat16)",blimp
anaphor_gender_agreement,A lady hasn't visited herself.,A lady hasn't visited himself.,678,-6.15625,-6.625,-43.0,-46.25,"tensor(-5.5625, device='cuda:0', dtype=torch.bfloat16);tensor(-8.8750, device='cuda:0', dtype=torch.bfloat16);tensor(-9.3750, device='cuda:0', dtype=torch.bfloat16);tensor(-1., device='cuda:0', dtype=torch.bfloat16);tensor(-5.6875, device='cuda:0', dtype=torch.bfloat16);tensor(-8.1250, device='cuda:0', dtype=torch.bfloat16);tensor(-4.4375, device='cuda:0', dtype=torch.bfloat16)","tensor(-5.5625, device='cuda:0', dtype=torch.bfloat16);tensor(-8.8750, device='cuda:0', dtype=torch.bfloat16);tensor(-9.3750, device='cuda:0', dtype=torch.bfloat16);tensor(-1., device='cuda:0', dtype=torch.bfloat16);tensor(-5.6875, device='cuda:0', dtype=torch.bfloat16);tensor(-11.8750, device='cuda:0', dtype=torch.bfloat16);tensor(-3.9375, device='cuda:0', dtype=torch.bfloat16)",blimp
anaphor_gender_agreement,Joel has hugged himself.,Joel has hugged itself.,626,-6.375,-7.0625,-38.25,-42.5,"tensor(-9.5625, device='cuda:0', dtype=torch.bfloat16);tensor(-1.4375, device='cuda:0', dtype=torch.bfloat16);tensor(-5.5000, device='cuda:0', dtype=torch.bfloat16);tensor(-12.6875, device='cuda:0', dtype=torch.bfloat16);tensor(-4.7500, device='cuda:0', dtype=torch.bfloat16);tensor(-4.2500, device='cuda:0', dtype=torch.bfloat16)","tensor(-9.5625, device='cuda:0', dtype=torch.bfloat16);tensor(-1.4375, device='cuda:0', dtype=torch.bfloat16);tensor(-5.5000, device='cuda:0', dtype=torch.bfloat16);tensor(-12.6875, device='cuda:0', dtype=torch.bfloat16);tensor(-8.7500, device='cuda:0', dtype=torch.bfloat16);tensor(-4.5312, device='cuda:0', dtype=torch.bfloat16)",blimp
anaphor_gender_agreement,Jerry would attack himself.,Jerry would attack itself.,513,-7.75,-7.875,-38.75,-39.5,"tensor(-9.8750, device='cuda:0', dtype=torch.bfloat16);tensor(-9.6250, device='cuda:0', dtype=torch.bfloat16);tensor(-8.8750, device='cuda:0', dtype=torch.bfloat16);tensor(-6.4688, device='cuda:0', dtype=torch.bfloat16);tensor(-3.8750, device='cuda:0', dtype=torch.bfloat16)","tensor(-9.8750, device='cuda:0', dtype=torch.bfloat16);tensor(-9.6250, device='cuda:0', dtype=torch.bfloat16);tensor(-8.8750, device='cuda:0', dtype=torch.bfloat16);tensor(-8.5625, device='cuda:0', dtype=torch.bfloat16);tensor(-2.4375, device='cuda:0', dtype=torch.bfloat16)",blimp
anaphor_gender_agreement,Tara isn't admiring herself.,Tara isn't admiring itself.,859,-5.40625,-5.75,-43.25,-46.0,"tensor(-7.0938, device='cuda:0', dtype=torch.bfloat16);tensor(-5.8750, device='cuda:0', dtype=torch.bfloat16);tensor(-9.8750, device='cuda:0', dtype=torch.bfloat16);tensor(-0.6250, device='cuda:0', dtype=torch.bfloat16);tensor(-12.3750, device='cuda:0', dtype=torch.bfloat16);tensor(0., device='cuda:0', dtype=torch.bfloat16);tensor(-1.8125, device='cuda:0', dtype=torch.bfloat16);tensor(-5.6250, device='cuda:0', dtype=torch.bfloat16)","tensor(-7.0938, device='cuda:0', dtype=torch.bfloat16);tensor(-5.8750, device='cuda:0', dtype=torch.bfloat16);tensor(-9.8750, device='cuda:0', dtype=torch.bfloat16);tensor(-0.6250, device='cuda:0', dtype=torch.bfloat16);tensor(-12.3750, device='cuda:0', dtype=torch.bfloat16);tensor(0., device='cuda:0', dtype=torch.bfloat16);tensor(-6.3750, device='cuda:0', dtype=torch.bfloat16);tensor(-3.7500, device='cuda:0', dtype=torch.bfloat16)",blimp
anaphor_gender_agreement,Marla annoyed herself.,Marla annoyed himself.,136,-7.4375,-8.125,-37.0,-40.75,"tensor(-7.8125, device='cuda:0', dtype=torch.bfloat16);tensor(-5.2500, device='cuda:0', dtype=torch.bfloat16);tensor(-15.5000, device='cuda:0', dtype=torch.bfloat16);tensor(-5.3125, device='cuda:0', dtype=torch.bfloat16);tensor(-3.2500, device='cuda:0', dtype=torch.bfloat16)","tensor(-7.8125, device='cuda:0', dtype=torch.bfloat16);tensor(-5.2500, device='cuda:0', dtype=torch.bfloat16);tensor(-15.5000, device='cuda:0', dtype=torch.bfloat16);tensor(-9., device='cuda:0', dtype=torch.bfloat16);tensor(-3.1250, device='cuda:0', dtype=torch.bfloat16)",blimp
anaphor_number_agreement,Some girls approach themselves.,Some girls approach itself.,521,-7.59375,-8.5,-38.0,-42.5,"tensor(-7.7812, device='cuda:0', dtype=torch.bfloat16);tensor(-7.2812, device='cuda:0', dtype=torch.bfloat16);tensor(-9.2500, device='cuda:0', dtype=torch.bfloat16);tensor(-8., device='cuda:0', dtype=torch.bfloat16);tensor(-5.7188, device='cuda:0', dtype=torch.bfloat16)","tensor(-7.7812, device='cuda:0', dtype=torch.bfloat16);tensor(-7.2812, device='cuda:0', dtype=torch.bfloat16);tensor(-9.2500, device='cuda:0', dtype=torch.bfloat16);tensor(-14.7500, device='cuda:0', dtype=torch.bfloat16);tensor(-3.4375, device='cuda:0', dtype=torch.bfloat16)",blimp
anaphor_number_agreement,Some guests have fired themselves.,Some guests have fired herself.,737,-7.0625,-8.25,-42.25,-49.5,"tensor(-7.7812, device='cuda:0', dtype=torch.bfloat16);tensor(-9.7500, device='cuda:0', dtype=torch.bfloat16);tensor(-3.1875, device='cuda:0', dtype=torch.bfloat16);tensor(-11., device='cuda:0', dtype=torch.bfloat16);tensor(-6.1875, device='cuda:0', dtype=torch.bfloat16);tensor(-4.3750, device='cuda:0', dtype=torch.bfloat16)","tensor(-7.7812, device='cuda:0', dtype=torch.bfloat16);tensor(-9.7500, device='cuda:0', dtype=torch.bfloat16);tensor(-3.1875, device='cuda:0', dtype=torch.bfloat16);tensor(-11., device='cuda:0', dtype=torch.bfloat16);tensor(-13., device='cuda:0', dtype=torch.bfloat16);tensor(-4.7188, device='cuda:0', dtype=torch.bfloat16)",blimp
anaphor_number_agreement,These banks aggravate themselves.,These banks aggravate itself.,740,-6.59375,-7.21875,-39.5,-43.25,"tensor(-7.0625, device='cuda:0', dtype=torch.bfloat16);tensor(-8.6250, device='cuda:0', dtype=torch.bfloat16);tensor(-14.3750, device='cuda:0', dtype=torch.bfloat16);tensor(0., device='cuda:0', dtype=torch.bfloat16);tensor(-5.3125, device='cuda:0', dtype=torch.bfloat16);tensor(-4.1250, device='cuda:0', dtype=torch.bfloat16)","tensor(-7.0625, device='cuda:0', dtype=torch.bfloat16);tensor(-8.6250, device='cuda:0', dtype=torch.bfloat16);tensor(-14.3750, device='cuda:0', dtype=torch.bfloat16);tensor(0., device='cuda:0', dtype=torch.bfloat16);tensor(-9.3125, device='cuda:0', dtype=torch.bfloat16);tensor(-3.9375, device='cuda:0', dtype=torch.bfloat16)",blimp
anaphor_number_agreement,Actresses hadn't hidden themselves.,Actresses hadn't hidden himself.,660,-7.09375,-7.65625,-49.5,-53.5,"tensor(-9.1250, device='cuda:0', dtype=torch.bfloat16);tensor(-4.0625, device='cuda:0', dtype=torch.bfloat16);tensor(-14.9375, device='cuda:0', dtype=torch.bfloat16);tensor(-0.6250, device='cuda:0', dtype=torch.bfloat16);tensor(-10.6250, device='cuda:0', dtype=torch.bfloat16);tensor(-5., device='cuda:0', dtype=torch.bfloat16);tensor(-5.2500, device='cuda:0', dtype=torch.bfloat16)","tensor(-9.1250, device='cuda:0', dtype=torch.bfloat16);tensor(-4.0625, device='cuda:0', dtype=torch.bfloat16);tensor(-14.9375, device='cuda:0', dtype=torch.bfloat16);tensor(-0.6250, device='cuda:0', dtype=torch.bfloat16);tensor(-10.6250, device='cuda:0', dtype=torch.bfloat16);tensor(-10.5625, device='cuda:0', dtype=torch.bfloat16);tensor(-3.6875, device='cuda:0', dtype=torch.bfloat16)",blimp
anaphor_number_agreement,Some boys weren't concealing themselves.,Some boys weren't concealing himself.,411,-5.40625,-6.21875,-43.25,-49.75,"tensor(-7.7500, device='cuda:0', dtype=torch.bfloat16);tensor(-8.0625, device='cuda:0', dtype=torch.bfloat16);tensor(-7.5938, device='cuda:0', dtype=torch.bfloat16);tensor(-0.6250, device='cuda:0', dtype=torch.bfloat16);tensor(-11.5000, device='cuda:0', dtype=torch.bfloat16);tensor(-0.3750, device='cuda:0', dtype=torch.bfloat16);tensor(-3.9375, device='cuda:0', dtype=torch.bfloat16);tensor(-3.3750, device='cuda:0', dtype=torch.bfloat16)","tensor(-7.7500, device='cuda:0', dtype=torch.bfloat16);tensor(-8.0625, device='cuda:0', dtype=torch.bfloat16);tensor(-7.5938, device='cuda:0', dtype=torch.bfloat16);tensor(-0.6250, device='cuda:0', dtype=torch.bfloat16);tensor(-11.5000, device='cuda:0', dtype=torch.bfloat16);tensor(-0.3750, device='cuda:0', dtype=torch.bfloat16);tensor(-10.7500, device='cuda:0', dtype=torch.bfloat16);tensor(-3.1250, device='cuda:0', dtype=torch.bfloat16)",blimp
anaphor_number_agreement,Debra was scaring herself.,Debra was scaring themselves.,678,-5.25,-6.0625,-36.75,-42.5,"tensor(-7.5938, device='cuda:0', dtype=torch.bfloat16);tensor(-5.5625, device='cuda:0', dtype=torch.bfloat16);tensor(-5.9375, device='cuda:0', dtype=torch.bfloat16);tensor(-9.7500, device='cuda:0', dtype=torch.bfloat16);tensor(-3.1250, device='cuda:0', dtype=torch.bfloat16);tensor(-2., device='cuda:0', dtype=torch.bfloat16);tensor(-2.7500, device='cuda:0', dtype=torch.bfloat16)","tensor(-7.5938, device='cuda:0', dtype=torch.bfloat16);tensor(-5.5625, device='cuda:0', dtype=torch.bfloat16);tensor(-5.9375, device='cuda:0', dtype=torch.bfloat16);tensor(-9.7500, device='cuda:0', dtype=torch.bfloat16);tensor(-3.1250, device='cuda:0', dtype=torch.bfloat16);tensor(-7.5312, device='cuda:0', dtype=torch.bfloat16);tensor(-2.8750, device='cuda:0', dtype=torch.bfloat16)",blimp
anaphor_number_agreement,The girls hadn't scared themselves.,The girls hadn't scared himself.,626,-6.4375,-7.0625,-45.0,-49.5,"tensor(-3.5625, device='cuda:0', dtype=torch.bfloat16);tensor(-9.3125, device='cuda:0', dtype=torch.bfloat16);tensor(-10.4375, device='cuda:0', dtype=torch.bfloat16);tensor(-0.7500, device='cuda:0', dtype=torch.bfloat16);tensor(-12.6250, device='cuda:0', dtype=torch.bfloat16);tensor(-2.6875, device='cuda:0', dtype=torch.bfloat16);tensor(-5.7500, device='cuda:0', dtype=torch.bfloat16)","tensor(-3.5625, device='cuda:0', dtype=torch.bfloat16);tensor(-9.3125, device='cuda:0', dtype=torch.bfloat16);tensor(-10.4375, device='cuda:0', dtype=torch.bfloat16);tensor(-0.7500, device='cuda:0', dtype=torch.bfloat16);tensor(-12.6250, device='cuda:0', dtype=torch.bfloat16);tensor(-8.9375, device='cuda:0', dtype=torch.bfloat16);tensor(-3.7500, device='cuda:0', dtype=torch.bfloat16)",blimp
anaphor_number_agreement,Larry is describing himself.,Larry is describing themselves.,513,-7.03125,-8.3125,-35.25,-41.5,"tensor(-10.1875, device='cuda:0', dtype=torch.bfloat16);tensor(-5.8125, device='cuda:0', dtype=torch.bfloat16);tensor(-10.3750, device='cuda:0', dtype=torch.bfloat16);tensor(-3.8750, device='cuda:0', dtype=torch.bfloat16);tensor(-4.9375, device='cuda:0', dtype=torch.bfloat16)","tensor(-10.1875, device='cuda:0', dtype=torch.bfloat16);tensor(-5.8125, device='cuda:0', dtype=torch.bfloat16);tensor(-10.3750, device='cuda:0', dtype=torch.bfloat16);tensor(-9., device='cuda:0', dtype=torch.bfloat16);tensor(-6.2500, device='cuda:0', dtype=torch.bfloat16)",blimp
anaphor_number_agreement,Rachelle hasn't known herself.,Rachelle hasn't known themselves.,859,-5.6875,-6.71875,-45.5,-53.75,"tensor(-6.5000, device='cuda:0', dtype=torch.bfloat16);tensor(-5.0625, device='cuda:0', dtype=torch.bfloat16);tensor(-1.9375, device='cuda:0', dtype=torch.bfloat16);tensor(-10.2500, device='cuda:0', dtype=torch.bfloat16);tensor(-0.6250, device='cuda:0', dtype=torch.bfloat16);tensor(-9., device='cuda:0', dtype=torch.bfloat16);tensor(-6.7188, device='cuda:0', dtype=torch.bfloat16);tensor(-5.3125, device='cuda:0', dtype=torch.bfloat16)","tensor(-6.5000, device='cuda:0', dtype=torch.bfloat16);tensor(-5.0625, device='cuda:0', dtype=torch.bfloat16);tensor(-1.9375, device='cuda:0', dtype=torch.bfloat16);tensor(-10.2500, device='cuda:0', dtype=torch.bfloat16);tensor(-0.6250, device='cuda:0', dtype=torch.bfloat16);tensor(-9., device='cuda:0', dtype=torch.bfloat16);tensor(-13., device='cuda:0', dtype=torch.bfloat16);tensor(-7.3750, device='cuda:0', dtype=torch.bfloat16)",blimp
anaphor_number_agreement,Michelle was embarrassing herself.,Michelle was embarrassing themselves.,136,-6.9375,-8.1875,-34.5,-40.75,"tensor(-9.9375, device='cuda:0', dtype=torch.bfloat16);tensor(-5.5000, device='cuda:0', dtype=torch.bfloat16);tensor(-14.9375, device='cuda:0', dtype=torch.bfloat16);tensor(-1.2500, device='cuda:0', dtype=torch.bfloat16);tensor(-3., device='cuda:0', dtype=torch.bfloat16)","tensor(-9.9375, device='cuda:0', dtype=torch.bfloat16);tensor(-5.5000, device='cuda:0', dtype=torch.bfloat16);tensor(-14.9375, device='cuda:0', dtype=torch.bfloat16);tensor(-7.2812, device='cuda:0', dtype=torch.bfloat16);tensor(-3.1875, device='cuda:0', dtype=torch.bfloat16)",blimp
animate_subject_passive,Cheryl wasn't cured by the teachers.,Cheryl wasn't cured by the snake.,521,-5.90625,-5.6875,-53.0,-51.25,"tensor(-6.8125, device='cuda:0', dtype=torch.bfloat16);tensor(-4.6250, device='cuda:0', dtype=torch.bfloat16);tensor(-10.8750, device='cuda:0', dtype=torch.bfloat16);tensor(-0.5000, device='cuda:0', dtype=torch.bfloat16);tensor(-11.5000, device='cuda:0', dtype=torch.bfloat16);tensor(-1.8750, device='cuda:0', dtype=torch.bfloat16);tensor(-1.6250, device='cuda:0', dtype=torch.bfloat16);tensor(-11.2500, device='cuda:0', dtype=torch.bfloat16);tensor(-4., device='cuda:0', dtype=torch.bfloat16)","tensor(-6.8125, device='cuda:0', dtype=torch.bfloat16);tensor(-4.6250, device='cuda:0', dtype=torch.bfloat16);tensor(-10.8750, device='cuda:0', dtype=torch.bfloat16);tensor(-0.5000, device='cuda:0', dtype=torch.bfloat16);tensor(-11.5000, device='cuda:0', dtype=torch.bfloat16);tensor(-1.8750, device='cuda:0', dtype=torch.bfloat16);tensor(-1.6250, device='cuda:0', dtype=torch.bfloat16);tensor(-6.3125, device='cuda:0', dtype=torch.bfloat16);tensor(-7.1250, device='cuda:0', dtype=torch.bfloat16)",blimp
animate_subject_passive,The mushroom isn't bought by some men.,The mushroom isn't bought by some plane.,737,-5.90625,-6.625,-53.0,-59.75,"tensor(-3.5625, device='cuda:0', dtype=torch.bfloat16);tensor(-11.1250, device='cuda:0', dtype=torch.bfloat16);tensor(-8.2500, device='cuda:0', dtype=torch.bfloat16);tensor(-0.5000, device='cuda:0', dtype=torch.bfloat16);tensor(-11.3125, device='cuda:0', dtype=torch.bfloat16);tensor(-2.4375, device='cuda:0', dtype=torch.bfloat16);tensor(-6.4062, device='cuda:0', dtype=torch.bfloat16);tensor(-6., device='cuda:0', dtype=torch.bfloat16);tensor(-3.5000, device='cuda:0', dtype=torch.bfloat16)","tensor(-3.5625, device='cuda:0', dtype=torch.bfloat16);tensor(-11.1250, device='cuda:0', dtype=torch.bfloat16);tensor(-8.2500, device='cuda:0', dtype=torch.bfloat16);tensor(-0.5000, device='cuda:0', dtype=torch.bfloat16);tensor(-11.3125, device='cuda:0', dtype=torch.bfloat16);tensor(-2.4375, device='cuda:0', dtype=torch.bfloat16);tensor(-6.4062, device='cuda:0', dtype=torch.bfloat16);tensor(-11.5625, device='cuda:0', dtype=torch.bfloat16);tensor(-4.5625, device='cuda:0', dtype=torch.bfloat16)",blimp
animate_subject_passive,Steps are climbed down by the alumni.,Steps are climbed down by the rice.,740,-6.3125,-6.46875,-50.5,-51.75,"tensor(-10.5000, device='cuda:0', dtype=torch.bfloat16);tensor(-4.9375, device='cuda:0', dtype=torch.bfloat16);tensor(-9.8750, device='cuda:0', dtype=torch.bfloat16);tensor(-4.1250, device='cuda:0', dtype=torch.bfloat16);tensor(-3., device='cuda:0', dtype=torch.bfloat16);tensor(-1.7500, device='cuda:0', dtype=torch.bfloat16);tensor(-11.7500, device='cuda:0', dtype=torch.bfloat16);tensor(-4.6250, device='cuda:0', dtype=torch.bfloat16)","tensor(-10.5000, device='cuda:0', dtype=torch.bfloat16);tensor(-4.9375, device='cuda:0', dtype=torch.bfloat16);tensor(-9.8750, device='cuda:0', dtype=torch.bfloat16);tensor(-4.1250, device='cuda:0', dtype=torch.bfloat16);tensor(-3., device='cuda:0', dtype=torch.bfloat16);tensor(-1.7500, device='cuda:0', dtype=torch.bfloat16);tensor(-10.8750, device='cuda:0', dtype=torch.bfloat16);tensor(-6.7500, device='cuda:0', dtype=torch.bfloat16)",blimp
animate_subject_passive,Deanna is described by the teachers.,Deanna is described by the cups.,660,-5.6875,-6.5625,-45.5,-52.5,"tensor(-7.5938, device='cuda:0', dtype=torch.bfloat16);tensor(-4.6875, device='cuda:0', dtype=torch.bfloat16);tensor(-4.0625, device='cuda:0', dtype=torch.bfloat16);tensor(-8.1250, device='cuda:0', dtype=torch.bfloat16);tensor(-1.1250, device='cuda:0', dtype=torch.bfloat16);tensor(-3.0625, device='cuda:0', dtype=torch.bfloat16);tensor(-6.7188, device='cuda:0', dtype=torch.bfloat16);tensor(-10.1875, device='cuda:0', dtype=torch.bfloat16)","tensor(-7.5938, device='cuda:0', dtype=torch.bfloat16);tensor(-4.6875, device='cuda:0', dtype=torch.bfloat16);tensor(-4.0625, device='cuda:0', dtype=torch.bfloat16);tensor(-8.1250, device='cuda:0', dtype=torch.bfloat16);tensor(-1.1250, device='cuda:0', dtype=torch.bfloat16);tensor(-3.0625, device='cuda:0', dtype=torch.bfloat16);tensor(-16.1250, device='cuda:0', dtype=torch.bfloat16);tensor(-7.8438, device='cuda:0', dtype=torch.bfloat16)",blimp
animate_subject_passive,That play wasn't argued about by some offspring.,That play wasn't argued about by some dogs.,411,-7.0625,-6.4375,-70.5,-64.5,"tensor(-7.7500, device='cuda:0', dtype=torch.bfloat16);tensor(-9.8750, device='cuda:0', dtype=torch.bfloat16);tensor(-6.9062, device='cuda:0', dtype=torch.bfloat16);tensor(-0.7500, device='cuda:0', dtype=torch.bfloat16);tensor(-11.1875, device='cuda:0', dtype=torch.bfloat16);tensor(-5.8750, device='cuda:0', dtype=torch.bfloat16);tensor(-2.4375, device='cuda:0', dtype=torch.bfloat16);tensor(-8., device='cuda:0', dtype=torch.bfloat16);tensor(-14.3750, device='cuda:0', dtype=torch.bfloat16);tensor(-3.4375, device='cuda:0', dtype=torch.bfloat16)","tensor(-7.7500, device='cuda:0', dtype=torch.bfloat16);tensor(-9.8750, device='cuda:0', dtype=torch.bfloat16);tensor(-6.9062, device='cuda:0', dtype=torch.bfloat16);tensor(-0.7500, device='cuda:0', dtype=torch.bfloat16);tensor(-11.1875, device='cuda:0', dtype=torch.bfloat16);tensor(-5.8750, device='cuda:0', dtype=torch.bfloat16);tensor(-2.4375, device='cuda:0', dtype=torch.bfloat16);tensor(-8., device='cuda:0', dtype=torch.bfloat16);tensor(-8.8750, device='cuda:0', dtype=torch.bfloat16);tensor(-2.8750, device='cuda:0', dtype=torch.bfloat16)",blimp
animate_subject_passive,These peppers aren't taken by the waitress.,These peppers aren't taken by the snakes.,678,-6.0,-5.8125,-54.0,-52.5,"tensor(-7.0625, device='cuda:0', dtype=torch.bfloat16);tensor(-8.8750, device='cuda:0', dtype=torch.bfloat16);tensor(-5.5000, device='cuda:0', dtype=torch.bfloat16);tensor(-0.6250, device='cuda:0', dtype=torch.bfloat16);tensor(-11.5000, device='cuda:0', dtype=torch.bfloat16);tensor(-3.9375, device='cuda:0', dtype=torch.bfloat16);tensor(-2., device='cuda:0', dtype=torch.bfloat16);tensor(-11.6875, device='cuda:0', dtype=torch.bfloat16);tensor(-2.7500, device='cuda:0', dtype=torch.bfloat16)","tensor(-7.0625, device='cuda:0', dtype=torch.bfloat16);tensor(-8.8750, device='cuda:0', dtype=torch.bfloat16);tensor(-5.5000, device='cuda:0', dtype=torch.bfloat16);tensor(-0.6250, device='cuda:0', dtype=torch.bfloat16);tensor(-11.5000, device='cuda:0', dtype=torch.bfloat16);tensor(-3.9375, device='cuda:0', dtype=torch.bfloat16);tensor(-2., device='cuda:0', dtype=torch.bfloat16);tensor(-10., device='cuda:0', dtype=torch.bfloat16);tensor(-2.8750, device='cuda:0', dtype=torch.bfloat16)",blimp
animate_subject_passive,Kenneth wasn't discovered by the teenager.,Kenneth wasn't discovered by the wheelbarrow.,626,-5.5625,-4.9375,-50.0,-54.25,"tensor(-9.3750, device='cuda:0', dtype=torch.bfloat16);tensor(-0.2500, device='cuda:0', dtype=torch.bfloat16);tensor(-12.9375, device='cuda:0', dtype=torch.bfloat16);tensor(-0.5000, device='cuda:0', dtype=torch.bfloat16);tensor(-10.3750, device='cuda:0', dtype=torch.bfloat16);tensor(-1.3125, device='cuda:0', dtype=torch.bfloat16);tensor(-2.2500, device='cuda:0', dtype=torch.bfloat16);tensor(-10.0625, device='cuda:0', dtype=torch.bfloat16);tensor(-3.0625, device='cuda:0', dtype=torch.bfloat16)","tensor(-9.3750, device='cuda:0', dtype=torch.bfloat16);tensor(-0.2500, device='cuda:0', dtype=torch.bfloat16);tensor(-12.9375, device='cuda:0', dtype=torch.bfloat16);tensor(-0.5000, device='cuda:0', dtype=torch.bfloat16);tensor(-10.3750, device='cuda:0', dtype=torch.bfloat16);tensor(-1.3125, device='cuda:0', dtype=torch.bfloat16);tensor(-2.2500, device='cuda:0', dtype=torch.bfloat16);tensor(-11.1875, device='cuda:0', dtype=torch.bfloat16);tensor(-2.5625, device='cuda:0', dtype=torch.bfloat16);tensor(-0.1250, device='cuda:0', dtype=torch.bfloat16);tensor(-3.3125, device='cuda:0', dtype=torch.bfloat16)",blimp
animate_subject_passive,Emily was hired by some students.,Emily was hired by some diagnosis.,513,-6.34375,-7.5,-44.5,-52.5,"tensor(-10., device='cuda:0', dtype=torch.bfloat16);tensor(-5.6875, device='cuda:0', dtype=torch.bfloat16);tensor(-6.3750, device='cuda:0', dtype=torch.bfloat16);tensor(-1.2500, device='cuda:0', dtype=torch.bfloat16);tensor(-9.3750, device='cuda:0', dtype=torch.bfloat16);tensor(-5.2500, device='cuda:0', dtype=torch.bfloat16);tensor(-6.5625, device='cuda:0', dtype=torch.bfloat16)","tensor(-10., device='cuda:0', dtype=torch.bfloat16);tensor(-5.6875, device='cuda:0', dtype=torch.bfloat16);tensor(-6.3750, device='cuda:0', dtype=torch.bfloat16);tensor(-1.2500, device='cuda:0', dtype=torch.bfloat16);tensor(-9.3750, device='cuda:0', dtype=torch.bfloat16);tensor(-16., device='cuda:0', dtype=torch.bfloat16);tensor(-3.8125, device='cuda:0', dtype=torch.bfloat16)",blimp
animate_subject_passive,Some museum isn't arrived at by some dancers.,Some museum isn't arrived at by some photograph.,859,-6.625,-6.53125,-66.5,-65.5,"tensor(-7.7500, device='cuda:0', dtype=torch.bfloat16);tensor(-10.8750, device='cuda:0', dtype=torch.bfloat16);tensor(-11.2500, device='cuda:0', dtype=torch.bfloat16);tensor(-0.6250, device='cuda:0', dtype=torch.bfloat16);tensor(-12.8750, device='cuda:0', dtype=torch.bfloat16);tensor(-1.1250, device='cuda:0', dtype=torch.bfloat16);tensor(-2.1875, device='cuda:0', dtype=torch.bfloat16);tensor(-5.3438, device='cuda:0', dtype=torch.bfloat16);tensor(-11.5000, device='cuda:0', dtype=torch.bfloat16);tensor(-2.8125, device='cuda:0', dtype=torch.bfloat16)","tensor(-7.7500, device='cuda:0', dtype=torch.bfloat16);tensor(-10.8750, device='cuda:0', dtype=torch.bfloat16);tensor(-11.2500, device='cuda:0', dtype=torch.bfloat16);tensor(-0.6250, device='cuda:0', dtype=torch.bfloat16);tensor(-12.8750, device='cuda:0', dtype=torch.bfloat16);tensor(-1.1250, device='cuda:0', dtype=torch.bfloat16);tensor(-2.1875, device='cuda:0', dtype=torch.bfloat16);tensor(-5.3438, device='cuda:0', dtype=torch.bfloat16);tensor(-10.0625, device='cuda:0', dtype=torch.bfloat16);tensor(-3.1875, device='cuda:0', dtype=torch.bfloat16)",blimp
animate_subject_passive,That adult isn't visited by the ladies.,That adult isn't visited by the bicycle.,136,-6.28125,-6.6875,-56.5,-60.25,"tensor(-7.7500, device='cuda:0', dtype=torch.bfloat16);tensor(-10.5000, device='cuda:0', dtype=torch.bfloat16);tensor(-8.7500, device='cuda:0', dtype=torch.bfloat16);tensor(-0.8750, device='cuda:0', dtype=torch.bfloat16);tensor(-12.4375, device='cuda:0', dtype=torch.bfloat16);tensor(-1., device='cuda:0', dtype=torch.bfloat16);tensor(-2.1250, device='cuda:0', dtype=torch.bfloat16);tensor(-9.3750, device='cuda:0', dtype=torch.bfloat16);tensor(-3.6875, device='cuda:0', dtype=torch.bfloat16)","tensor(-7.7500, device='cuda:0', dtype=torch.bfloat16);tensor(-10.5000, device='cuda:0', dtype=torch.bfloat16);tensor(-8.7500, device='cuda:0', dtype=torch.bfloat16);tensor(-0.8750, device='cuda:0', dtype=torch.bfloat16);tensor(-12.4375, device='cuda:0', dtype=torch.bfloat16);tensor(-1., device='cuda:0', dtype=torch.bfloat16);tensor(-2.1250, device='cuda:0', dtype=torch.bfloat16);tensor(-11.4375, device='cuda:0', dtype=torch.bfloat16);tensor(-5.3125, device='cuda:0', dtype=torch.bfloat16)",blimp
animate_subject_trans,Barbara examines every essay.,That candle examines every essay.,521,-8.1875,-8.5,-49.0,-51.0,"tensor(-8.7500, device='cuda:0', dtype=torch.bfloat16);tensor(-2.7500, device='cuda:0', dtype=torch.bfloat16);tensor(-11.9375, device='cuda:0', dtype=torch.bfloat16);tensor(-8.5000, device='cuda:0', dtype=torch.bfloat16);tensor(-9.7500, device='cuda:0', dtype=torch.bfloat16);tensor(-7.3750, device='cuda:0', dtype=torch.bfloat16)","tensor(-7.7500, device='cuda:0', dtype=torch.bfloat16);tensor(-10.5625, device='cuda:0', dtype=torch.bfloat16);tensor(-12.8750, device='cuda:0', dtype=torch.bfloat16);tensor(-6.2500, device='cuda:0', dtype=torch.bfloat16);tensor(-9.1250, device='cuda:0', dtype=torch.bfloat16);tensor(-4.4375, device='cuda:0', dtype=torch.bfloat16)",blimp
animate_subject_trans,Alexander has known Sarah.,This cafe has known Sarah.,737,-8.375,-7.84375,-42.0,-47.0,"tensor(-9.8750, device='cuda:0', dtype=torch.bfloat16);tensor(-7.8125, device='cuda:0', dtype=torch.bfloat16);tensor(-7.4375, device='cuda:0', dtype=torch.bfloat16);tensor(-6.2500, device='cuda:0', dtype=torch.bfloat16);tensor(-10.5000, device='cuda:0', dtype=torch.bfloat16)","tensor(-4.8125, device='cuda:0', dtype=torch.bfloat16);tensor(-10.1875, device='cuda:0', dtype=torch.bfloat16);tensor(-3.1875, device='cuda:0', dtype=torch.bfloat16);tensor(-9.8125, device='cuda:0', dtype=torch.bfloat16);tensor(-11., device='cuda:0', dtype=torch.bfloat16);tensor(-8., device='cuda:0', dtype=torch.bfloat16)",blimp
animate_subject_trans,The Borgias were listening to Stephanie.,Some malls were listening to Stephanie.,740,-6.875,-7.96875,-55.0,-55.75,"tensor(-3.5625, device='cuda:0', dtype=torch.bfloat16);tensor(-11.0625, device='cuda:0', dtype=torch.bfloat16);tensor(-2.8750, device='cuda:0', dtype=torch.bfloat16);tensor(-5.8750, device='cuda:0', dtype=torch.bfloat16);tensor(-14.5625, device='cuda:0', dtype=torch.bfloat16);tensor(-0.7500, device='cuda:0', dtype=torch.bfloat16);tensor(-11.6250, device='cuda:0', dtype=torch.bfloat16);tensor(-4.6875, device='cuda:0', dtype=torch.bfloat16)","tensor(-7.7500, device='cuda:0', dtype=torch.bfloat16);tensor(-11.8125, device='cuda:0', dtype=torch.bfloat16);tensor(-4.3125, device='cuda:0', dtype=torch.bfloat16);tensor(-12.8750, device='cuda:0', dtype=torch.bfloat16);tensor(-0.5000, device='cuda:0', dtype=torch.bfloat16);tensor(-12.3125, device='cuda:0', dtype=torch.bfloat16);tensor(-6.1250, device='cuda:0', dtype=torch.bfloat16)",blimp
animate_subject_trans,Vincent hasn't researched a lot of books.,Some library hasn't researched a lot of books.,660,-4.875,-5.875,-48.75,-58.5,"tensor(-9.5000, device='cuda:0', dtype=torch.bfloat16);tensor(-1.4375, device='cuda:0', dtype=torch.bfloat16);tensor(-12.6250, device='cuda:0', dtype=torch.bfloat16);tensor(-0.5000, device='cuda:0', dtype=torch.bfloat16);tensor(-8.6250, device='cuda:0', dtype=torch.bfloat16);tensor(-3.6250, device='cuda:0', dtype=torch.bfloat16);tensor(-2.6875, device='cuda:0', dtype=torch.bfloat16);tensor(-1., device='cuda:0', dtype=torch.bfloat16);tensor(-4.5000, device='cuda:0', dtype=torch.bfloat16);tensor(-4.2500, device='cuda:0', dtype=torch.bfloat16)","tensor(-7.7500, device='cuda:0', dtype=torch.bfloat16);tensor(-10.4375, device='cuda:0', dtype=torch.bfloat16);tensor(-13.1250, device='cuda:0', dtype=torch.bfloat16);tensor(-0.2500, device='cuda:0', dtype=torch.bfloat16);tensor(-11.8750, device='cuda:0', dtype=torch.bfloat16);tensor(-3.6875, device='cuda:0', dtype=torch.bfloat16);tensor(-3.2500, device='cuda:0', dtype=torch.bfloat16);tensor(-1., device='cuda:0', dtype=torch.bfloat16);tensor(-3.2500, device='cuda:0', dtype=torch.bfloat16);tensor(-4., device='cuda:0', dtype=torch.bfloat16)",blimp
animate_subject_trans,April sounded like Amelia.,The museum sounded like Amelia.,411,-8.375,-8.3125,-42.0,-49.75,"tensor(-8.1250, device='cuda:0', dtype=torch.bfloat16);tensor(-15.5000, device='cuda:0', dtype=torch.bfloat16);tensor(-1.2500, device='cuda:0', dtype=torch.bfloat16);tensor(-13.3125, device='cuda:0', dtype=torch.bfloat16);tensor(-3.8125, device='cuda:0', dtype=torch.bfloat16)","tensor(-3.5625, device='cuda:0', dtype=torch.bfloat16);tensor(-8.5000, device='cuda:0', dtype=torch.bfloat16);tensor(-15.2500, device='cuda:0', dtype=torch.bfloat16);tensor(-1.1250, device='cuda:0', dtype=torch.bfloat16);tensor(-15.8750, device='cuda:0', dtype=torch.bfloat16);tensor(-5.5000, device='cuda:0', dtype=torch.bfloat16)",blimp
animate_subject_trans,Dana can attack Aaron.,A dress can attack Aaron.,678,-7.15625,-8.6875,-43.0,-52.25,"tensor(-6.5625, device='cuda:0', dtype=torch.bfloat16);tensor(-5.1250, device='cuda:0', dtype=torch.bfloat16);tensor(-8.1250, device='cuda:0', dtype=torch.bfloat16);tensor(-8.6875, device='cuda:0', dtype=torch.bfloat16);tensor(-9.5000, device='cuda:0', dtype=torch.bfloat16);tensor(-4.9375, device='cuda:0', dtype=torch.bfloat16)","tensor(-5.5625, device='cuda:0', dtype=torch.bfloat16);tensor(-10., device='cuda:0', dtype=torch.bfloat16);tensor(-4.7500, device='cuda:0', dtype=torch.bfloat16);tensor(-13.6875, device='cuda:0', dtype=torch.bfloat16);tensor(-13.2500, device='cuda:0', dtype=torch.bfloat16);tensor(-4.9375, device='cuda:0', dtype=torch.bfloat16)",blimp
animate_subject_trans,Meredith boycotted these college campuses.,The high school boycotted these college campuses.,626,-6.0,-5.84375,-54.0,-52.75,"tensor(-6.5000, device='cuda:0', dtype=torch.bfloat16);tensor(-6.4375, device='cuda:0', dtype=torch.bfloat16);tensor(0., device='cuda:0', dtype=torch.bfloat16);tensor(-18.7500, device='cuda:0', dtype=torch.bfloat16);tensor(-0.3750, device='cuda:0', dtype=torch.bfloat16);tensor(-7.2500, device='cuda:0', dtype=torch.bfloat16);tensor(-7.7500, device='cuda:0', dtype=torch.bfloat16);tensor(-2., device='cuda:0', dtype=torch.bfloat16);tensor(-4.9375, device='cuda:0', dtype=torch.bfloat16)","tensor(-3.5625, device='cuda:0', dtype=torch.bfloat16);tensor(-7.8750, device='cuda:0', dtype=torch.bfloat16);tensor(-3.7500, device='cuda:0', dtype=torch.bfloat16);tensor(-14.3750, device='cuda:0', dtype=torch.bfloat16);tensor(-0.1250, device='cuda:0', dtype=torch.bfloat16);tensor(-6.3125, device='cuda:0', dtype=torch.bfloat16);tensor(-6.9375, device='cuda:0', dtype=torch.bfloat16);tensor(-5.8750, device='cuda:0', dtype=torch.bfloat16);tensor(-3.8750, device='cuda:0', dtype=torch.bfloat16)",blimp
animate_subject_trans,Tonya was talking about Brian.,Some cake was talking about Brian.,513,-5.9375,-7.625,-41.5,-53.25,"tensor(-9.2500, device='cuda:0', dtype=torch.bfloat16);tensor(-4., device='cuda:0', dtype=torch.bfloat16);tensor(-5.3750, device='cuda:0', dtype=torch.bfloat16);tensor(-7., device='cuda:0', dtype=torch.bfloat16);tensor(-1.8125, device='cuda:0', dtype=torch.bfloat16);tensor(-9.1875, device='cuda:0', dtype=torch.bfloat16);tensor(-5., device='cuda:0', dtype=torch.bfloat16)","tensor(-7.7812, device='cuda:0', dtype=torch.bfloat16);tensor(-10.9375, device='cuda:0', dtype=torch.bfloat16);tensor(-6.4375, device='cuda:0', dtype=torch.bfloat16);tensor(-11.3750, device='cuda:0', dtype=torch.bfloat16);tensor(-1.8750, device='cuda:0', dtype=torch.bfloat16);tensor(-9.7500, device='cuda:0', dtype=torch.bfloat16);tensor(-5.1250, device='cuda:0', dtype=torch.bfloat16)",blimp
animate_subject_trans,Donald is noticing Aaron.,This art gallery is noticing Aaron.,859,-8.875,-8.125,-44.5,-56.75,"tensor(-9.1250, device='cuda:0', dtype=torch.bfloat16);tensor(-6.9375, device='cuda:0', dtype=torch.bfloat16);tensor(-12.6250, device='cuda:0', dtype=torch.bfloat16);tensor(-11.3125, device='cuda:0', dtype=torch.bfloat16);tensor(-4.3750, device='cuda:0', dtype=torch.bfloat16)","tensor(-4.8125, device='cuda:0', dtype=torch.bfloat16);tensor(-8.6250, device='cuda:0', dtype=torch.bfloat16);tensor(-5.5000, device='cuda:0', dtype=torch.bfloat16);tensor(-1.8750, device='cuda:0', dtype=torch.bfloat16);tensor(-16.6250, device='cuda:0', dtype=torch.bfloat16);tensor(-12.2500, device='cuda:0', dtype=torch.bfloat16);tensor(-7.0625, device='cuda:0', dtype=torch.bfloat16)",blimp
animate_subject_trans,Lori is discovering the water.,The beef is discovering the water.,136,-6.34375,-6.28125,-44.5,-44.0,"tensor(-6.8438, device='cuda:0', dtype=torch.bfloat16);tensor(-5.5000, device='cuda:0', dtype=torch.bfloat16);tensor(-4.3750, device='cuda:0', dtype=torch.bfloat16);tensor(-11.3125, device='cuda:0', dtype=torch.bfloat16);tensor(-1.6875, device='cuda:0', dtype=torch.bfloat16);tensor(-7.5938, device='cuda:0', dtype=torch.bfloat16);tensor(-7.1250, device='cuda:0', dtype=torch.bfloat16)","tensor(-3.5625, device='cuda:0', dtype=torch.bfloat16);tensor(-10.8125, device='cuda:0', dtype=torch.bfloat16);tensor(-3.3750, device='cuda:0', dtype=torch.bfloat16);tensor(-12.9375, device='cuda:0', dtype=torch.bfloat16);tensor(-2.1250, device='cuda:0', dtype=torch.bfloat16);tensor(-6.2500, device='cuda:0', dtype=torch.bfloat16);tensor(-4.8750, device='cuda:0', dtype=torch.bfloat16)",blimp
causative,The Clintons break that dish.,The Clintons fell that dish.,521,-7.625,-8.5625,-45.75,-51.5,"tensor(-3.5625, device='cuda:0', dtype=torch.bfloat16);tensor(-11.5625, device='cuda:0', dtype=torch.bfloat16);tensor(-8.5625, device='cuda:0', dtype=torch.bfloat16);tensor(-7.6250, device='cuda:0', dtype=torch.bfloat16);tensor(-9.8750, device='cuda:0', dtype=torch.bfloat16);tensor(-4.5000, device='cuda:0', dtype=torch.bfloat16)","tensor(-3.5625, device='cuda:0', dtype=torch.bfloat16);tensor(-11.5625, device='cuda:0', dtype=torch.bfloat16);tensor(-10.7500, device='cuda:0', dtype=torch.bfloat16);tensor(-9.0625, device='cuda:0', dtype=torch.bfloat16);tensor(-10.6875, device='cuda:0', dtype=torch.bfloat16);tensor(-5.7500, device='cuda:0', dtype=torch.bfloat16)",blimp
causative,Veronica had soaked all gloves.,Veronica had existed all gloves.,737,-7.15625,-7.78125,-50.25,-54.5,"tensor(-9.3750, device='cuda:0', dtype=torch.bfloat16);tensor(-3., device='cuda:0', dtype=torch.bfloat16);tensor(-7.7188, device='cuda:0', dtype=torch.bfloat16);tensor(-11.6875, device='cuda:0', dtype=torch.bfloat16);tensor(-3.3750, device='cuda:0', dtype=torch.bfloat16);tensor(-10.6250, device='cuda:0', dtype=torch.bfloat16);tensor(-4.3750, device='cuda:0', dtype=torch.bfloat16)","tensor(-9.3750, device='cuda:0', dtype=torch.bfloat16);tensor(-3., device='cuda:0', dtype=torch.bfloat16);tensor(-7.7188, device='cuda:0', dtype=torch.bfloat16);tensor(-9.8750, device='cuda:0', dtype=torch.bfloat16);tensor(-4.3750, device='cuda:0', dtype=torch.bfloat16);tensor(-16.8750, device='cuda:0', dtype=torch.bfloat16);tensor(-3.3125, device='cuda:0', dtype=torch.bfloat16)",blimp
causative,Christine could crash the convertibles.,Christine could slip the convertibles.,740,-6.9375,-6.8125,-55.5,-54.5,"tensor(-8.6875, device='cuda:0', dtype=torch.bfloat16);tensor(-2.9375, device='cuda:0', dtype=torch.bfloat16);tensor(-9.7500, device='cuda:0', dtype=torch.bfloat16);tensor(-10.5000, device='cuda:0', dtype=torch.bfloat16);tensor(-3.0625, device='cuda:0', dtype=torch.bfloat16);tensor(-13.2500, device='cuda:0', dtype=torch.bfloat16);tensor(-2.9375, device='cuda:0', dtype=torch.bfloat16);tensor(-4.3125, device='cuda:0', dtype=torch.bfloat16)","tensor(-8.6875, device='cuda:0', dtype=torch.bfloat16);tensor(-2.9375, device='cuda:0', dtype=torch.bfloat16);tensor(-9.7500, device='cuda:0', dtype=torch.bfloat16);tensor(-9.2500, device='cuda:0', dtype=torch.bfloat16);tensor(-2.6875, device='cuda:0', dtype=torch.bfloat16);tensor(-12.6875, device='cuda:0', dtype=torch.bfloat16);tensor(-2.7500, device='cuda:0', dtype=torch.bfloat16);tensor(-5.6250, device='cuda:0', dtype=torch.bfloat16)",blimp
causative,Tara wasn't shattering that bike.,Tara wasn't rusting that bike.,660,-6.6875,-6.53125,-60.25,-59.0,"tensor(-7.0938, device='cuda:0', dtype=torch.bfloat16);tensor(-5.8750, device='cuda:0', dtype=torch.bfloat16);tensor(-10.7500, device='cuda:0', dtype=torch.bfloat16);tensor(-0.7500, device='cuda:0', dtype=torch.bfloat16);tensor(-9.2500, device='cuda:0', dtype=torch.bfloat16);tensor(-5.1875, device='cuda:0', dtype=torch.bfloat16);tensor(-5.5625, device='cuda:0', dtype=torch.bfloat16);tensor(-11.4375, device='cuda:0', dtype=torch.bfloat16);tensor(-4.2500, device='cuda:0', dtype=torch.bfloat16)","tensor(-7.0938, device='cuda:0', dtype=torch.bfloat16);tensor(-5.8750, device='cuda:0', dtype=torch.bfloat16);tensor(-10.7500, device='cuda:0', dtype=torch.bfloat16);tensor(-0.7500, device='cuda:0', dtype=torch.bfloat16);tensor(-14.6250, device='cuda:0', dtype=torch.bfloat16);tensor(-2., device='cuda:0', dtype=torch.bfloat16);tensor(-4.8125, device='cuda:0', dtype=torch.bfloat16);tensor(-8.5000, device='cuda:0', dtype=torch.bfloat16);tensor(-4.5000, device='cuda:0', dtype=torch.bfloat16)",blimp
causative,Clyde has vaporized that ice.,Clyde has disappeared that ice.,411,-5.96875,-6.3125,-53.5,-50.5,"tensor(-6.5625, device='cuda:0', dtype=torch.bfloat16);tensor(-5.8125, device='cuda:0', dtype=torch.bfloat16);tensor(-0.2500, device='cuda:0', dtype=torch.bfloat16);tensor(-6.1250, device='cuda:0', dtype=torch.bfloat16);tensor(-15.2500, device='cuda:0', dtype=torch.bfloat16);tensor(-0.8125, device='cuda:0', dtype=torch.bfloat16);tensor(-7.1562, device='cuda:0', dtype=torch.bfloat16);tensor(-7.3438, device='cuda:0', dtype=torch.bfloat16);tensor(-4.3125, device='cuda:0', dtype=torch.bfloat16)","tensor(-6.5625, device='cuda:0', dtype=torch.bfloat16);tensor(-5.8125, device='cuda:0', dtype=torch.bfloat16);tensor(-0.2500, device='cuda:0', dtype=torch.bfloat16);tensor(-6.1250, device='cuda:0', dtype=torch.bfloat16);tensor(-8.8750, device='cuda:0', dtype=torch.bfloat16);tensor(-8.8125, device='cuda:0', dtype=torch.bfloat16);tensor(-8.4375, device='cuda:0', dtype=torch.bfloat16);tensor(-5.5312, device='cuda:0', dtype=torch.bfloat16)",blimp
causative,Matt twirls a shirt.,Matt vanishes a shirt.,678,-6.40625,-7.84375,-44.75,-47.0,"tensor(-8.9375, device='cuda:0', dtype=torch.bfloat16);tensor(-14.9375, device='cuda:0', dtype=torch.bfloat16);tensor(-6., device='cuda:0', dtype=torch.bfloat16);tensor(-0.0625, device='cuda:0', dtype=torch.bfloat16);tensor(-1.4375, device='cuda:0', dtype=torch.bfloat16);tensor(-7.6875, device='cuda:0', dtype=torch.bfloat16);tensor(-5.7500, device='cuda:0', dtype=torch.bfloat16)","tensor(-8.9375, device='cuda:0', dtype=torch.bfloat16);tensor(-8.5000, device='cuda:0', dtype=torch.bfloat16);tensor(-12.3750, device='cuda:0', dtype=torch.bfloat16);tensor(-5.3125, device='cuda:0', dtype=torch.bfloat16);tensor(-7.5000, device='cuda:0', dtype=torch.bfloat16);tensor(-4.3750, device='cuda:0', dtype=torch.bfloat16)",blimp
causative,Alexander does slow this bike.,Alexander does exist this bike.,626,-8.5,-8.8125,-51.25,-52.75,"tensor(-9.8750, device='cuda:0', dtype=torch.bfloat16);tensor(-10.8750, device='cuda:0', dtype=torch.bfloat16);tensor(-9.3125, device='cuda:0', dtype=torch.bfloat16);tensor(-7.8750, device='cuda:0', dtype=torch.bfloat16);tensor(-8.4375, device='cuda:0', dtype=torch.bfloat16);tensor(-4.8125, device='cuda:0', dtype=torch.bfloat16)","tensor(-9.8750, device='cuda:0', dtype=torch.bfloat16);tensor(-10.8750, device='cuda:0', dtype=torch.bfloat16);tensor(-8.4375, device='cuda:0', dtype=torch.bfloat16);tensor(-8., device='cuda:0', dtype=torch.bfloat16);tensor(-11.0625, device='cuda:0', dtype=torch.bfloat16);tensor(-4.5000, device='cuda:0', dtype=torch.bfloat16)",blimp
causative,Many teenagers loosen these skirts.,Many teenagers appeared these skirts.,513,-8.8125,-8.25,-53.0,-49.5,"tensor(-7.5000, device='cuda:0', dtype=torch.bfloat16);tensor(-7.1875, device='cuda:0', dtype=torch.bfloat16);tensor(-12.7500, device='cuda:0', dtype=torch.bfloat16);tensor(-8.0625, device='cuda:0', dtype=torch.bfloat16);tensor(-11.6250, device='cuda:0', dtype=torch.bfloat16);tensor(-5.7500, device='cuda:0', dtype=torch.bfloat16)","tensor(-7.5000, device='cuda:0', dtype=torch.bfloat16);tensor(-7.1875, device='cuda:0', dtype=torch.bfloat16);tensor(-10.5000, device='cuda:0', dtype=torch.bfloat16);tensor(-8.2500, device='cuda:0', dtype=torch.bfloat16);tensor(-11.1250, device='cuda:0', dtype=torch.bfloat16);tensor(-4.8125, device='cuda:0', dtype=torch.bfloat16)",blimp
causative,The driver is drying many scarves.,The driver is appearing many scarves.,859,-6.9375,-7.0,-55.5,-56.0,"tensor(-3.5625, device='cuda:0', dtype=torch.bfloat16);tensor(-9.3750, device='cuda:0', dtype=torch.bfloat16);tensor(-4.6250, device='cuda:0', dtype=torch.bfloat16);tensor(-13.0625, device='cuda:0', dtype=torch.bfloat16);tensor(-9.5625, device='cuda:0', dtype=torch.bfloat16);tensor(-11., device='cuda:0', dtype=torch.bfloat16);tensor(-0.4375, device='cuda:0', dtype=torch.bfloat16);tensor(-3.7500, device='cuda:0', dtype=torch.bfloat16)","tensor(-3.5625, device='cuda:0', dtype=torch.bfloat16);tensor(-9.3750, device='cuda:0', dtype=torch.bfloat16);tensor(-4.6250, device='cuda:0', dtype=torch.bfloat16);tensor(-9.6875, device='cuda:0', dtype=torch.bfloat16);tensor(-8.7500, device='cuda:0', dtype=torch.bfloat16);tensor(-12.8750, device='cuda:0', dtype=torch.bfloat16);tensor(-3., device='cuda:0', dtype=torch.bfloat16);tensor(-4.0625, device='cuda:0', dtype=torch.bfloat16)",blimp
causative,The teachers freeze all lakes.,The teachers waste away all lakes.,136,-8.3125,-8.0625,-49.75,-56.5,"tensor(-3.5625, device='cuda:0', dtype=torch.bfloat16);tensor(-10.1250, device='cuda:0', dtype=torch.bfloat16);tensor(-14.6875, device='cuda:0', dtype=torch.bfloat16);tensor(-5.7812, device='cuda:0', dtype=torch.bfloat16);tensor(-11.3125, device='cuda:0', dtype=torch.bfloat16);tensor(-4.2500, device='cuda:0', dtype=torch.bfloat16)","tensor(-3.5625, device='cuda:0', dtype=torch.bfloat16);tensor(-10.1250, device='cuda:0', dtype=torch.bfloat16);tensor(-13.3125, device='cuda:0', dtype=torch.bfloat16);tensor(-7.1250, device='cuda:0', dtype=torch.bfloat16);tensor(-4.6250, device='cuda:0', dtype=torch.bfloat16);tensor(-13.5000, device='cuda:0', dtype=torch.bfloat16);tensor(-4.2500, device='cuda:0', dtype=torch.bfloat16)",blimp
complex_NP_island,What would that man that hadn't concealed Linda respect?,What would Linda respect that man that hadn't concealed?,521,-7.78125,-7.21875,-85.5,-79.5,"tensor(-5.5000, device='cuda:0', dtype=torch.bfloat16);tensor(-5.2500, device='cuda:0', dtype=torch.bfloat16);tensor(-7.3125, device='cuda:0', dtype=torch.bfloat16);tensor(-6.6562, device='cuda:0', dtype=torch.bfloat16);tensor(-6.5000, device='cuda:0', dtype=torch.bfloat16);tensor(-10.2500, device='cuda:0', dtype=torch.bfloat16);tensor(-0.6250, device='cuda:0', dtype=torch.bfloat16);tensor(-11.7500, device='cuda:0', dtype=torch.bfloat16);tensor(-13.6250, device='cuda:0', dtype=torch.bfloat16);tensor(-13.5625, device='cuda:0', dtype=torch.bfloat16);tensor(-4.4062, device='cuda:0', dtype=torch.bfloat16)","tensor(-5.5000, device='cuda:0', dtype=torch.bfloat16);tensor(-5.2500, device='cuda:0', dtype=torch.bfloat16);tensor(-11.1875, device='cuda:0', dtype=torch.bfloat16);tensor(-14.3125, device='cuda:0', dtype=torch.bfloat16);tensor(-5.1250, device='cuda:0', dtype=torch.bfloat16);tensor(-7., device='cuda:0', dtype=torch.bfloat16);tensor(-6., device='cuda:0', dtype=torch.bfloat16);tensor(-8.8125, device='cuda:0', dtype=torch.bfloat16);tensor(-0.6250, device='cuda:0', dtype=torch.bfloat16);tensor(-10.7500, device='cuda:0', dtype=torch.bfloat16);tensor(-4.8750, device='cuda:0', dtype=torch.bfloat16)",blimp
complex_NP_island,Who weren't Brenda's mothers who are upsetting all students questioning?,Who weren't all students questioning Brenda's mothers who are upsetting?,737,-7.0625,-7.5,-92.0,-97.5,"tensor(-7.1250, device='cuda:0', dtype=torch.bfloat16);tensor(-11.1250, device='cuda:0', dtype=torch.bfloat16);tensor(-0.7500, device='cuda:0', dtype=torch.bfloat16);tensor(-13.0625, device='cuda:0', dtype=torch.bfloat16);tensor(-2.1250, device='cuda:0', dtype=torch.bfloat16);tensor(-6.7188, device='cuda:0', dtype=torch.bfloat16);tensor(-5.3125, device='cuda:0', dtype=torch.bfloat16);tensor(-3.8750, device='cuda:0', dtype=torch.bfloat16);tensor(-11.5000, device='cuda:0', dtype=torch.bfloat16);tensor(-5.8750, device='cuda:0', dtype=torch.bfloat16);tensor(-8.2500, device='cuda:0', dtype=torch.bfloat16);tensor(-11.1250, device='cuda:0', dtype=torch.bfloat16);tensor(-5., device='cuda:0', dtype=torch.bfloat16)","tensor(-7.1250, device='cuda:0', dtype=torch.bfloat16);tensor(-11.1250, device='cuda:0', dtype=torch.bfloat16);tensor(-0.7500, device='cuda:0', dtype=torch.bfloat16);tensor(-6.1250, device='cuda:0', dtype=torch.bfloat16);tensor(-7.1875, device='cuda:0', dtype=torch.bfloat16);tensor(-13., device='cuda:0', dtype=torch.bfloat16);tensor(-13.4375, device='cuda:0', dtype=torch.bfloat16);tensor(-1.0625, device='cuda:0', dtype=torch.bfloat16);tensor(-10.2500, device='cuda:0', dtype=torch.bfloat16);tensor(-7.6562, device='cuda:0', dtype=torch.bfloat16);tensor(-3.6250, device='cuda:0', dtype=torch.bfloat16);tensor(-11.0625, device='cuda:0', dtype=torch.bfloat16);tensor(-5., device='cuda:0', dtype=torch.bfloat16)",blimp
complex_NP_island,Who had the nephew of Galileo that doesn't talk to a brother of some girls discovered?,Who had a brother of some girls discovered the nephew of Galileo that doesn't talk to?,740,-5.53125,-5.625,-105.0,-107.0,"tensor(-7.1562, device='cuda:0', dtype=torch.bfloat16);tensor(-6.8125, device='cuda:0', dtype=torch.bfloat16);tensor(-1.1250, device='cuda:0', dtype=torch.bfloat16);tensor(-12.6875, device='cuda:0', dtype=torch.bfloat16);tensor(-1.1250, device='cuda:0', dtype=torch.bfloat16);tensor(-8.3750, device='cuda:0', dtype=torch.bfloat16);tensor(-1.5625, device='cuda:0', dtype=torch.bfloat16);tensor(-6.3750, device='cuda:0', dtype=torch.bfloat16);tensor(-10.3125, device='cuda:0', dtype=torch.bfloat16);tensor(-0.5000, device='cuda:0', dtype=torch.bfloat16);tensor(-5.3750, device='cuda:0', dtype=torch.bfloat16);tensor(-1.4375, device='cuda:0', dtype=torch.bfloat16);tensor(-5., device='cuda:0', dtype=torch.bfloat16);tensor(-6.6875, device='cuda:0', dtype=torch.bfloat16);tensor(-1.9375, device='cuda:0', dtype=torch.bfloat16);tensor(-7.4375, device='cuda:0', dtype=torch.bfloat16);tensor(-6.5938, device='cuda:0', dtype=torch.bfloat16);tensor(-9.9375, device='cuda:0', dtype=torch.bfloat16);tensor(-4.6250, device='cuda:0', dtype=torch.bfloat16)","tensor(-7.1562, device='cuda:0', dtype=torch.bfloat16);tensor(-6.8125, device='cuda:0', dtype=torch.bfloat16);tensor(-1.8750, device='cuda:0', dtype=torch.bfloat16);tensor(-6.5625, device='cuda:0', dtype=torch.bfloat16);tensor(-4.5000, device='cuda:0', dtype=torch.bfloat16);tensor(-7.7812, device='cuda:0', dtype=torch.bfloat16);tensor(-8.1875, device='cuda:0', dtype=torch.bfloat16);tensor(-10.2500, device='cuda:0', dtype=torch.bfloat16);tensor(-2.3125, device='cuda:0', dtype=torch.bfloat16);tensor(-10.8750, device='cuda:0', dtype=torch.bfloat16);tensor(-0.9375, device='cuda:0', dtype=torch.bfloat16);tensor(-7.9062, device='cuda:0', dtype=torch.bfloat16);tensor(-2.1250, device='cuda:0', dtype=torch.bfloat16);tensor(-6., device='cuda:0', dtype=torch.bfloat16);tensor(-9.7500, device='cuda:0', dtype=torch.bfloat16);tensor(-0.2500, device='cuda:0', dtype=torch.bfloat16);tensor(-6., device='cuda:0', dtype=torch.bfloat16);tensor(-1.6875, device='cuda:0', dtype=torch.bfloat16);tensor(-6.1875, device='cuda:0', dtype=torch.bfloat16)",blimp
complex_NP_island,Who had Rachelle's nephews that fired Jessica hated?,Who had Jessica hated Rachelle's nephews that fired?,660,-7.125,-7.03125,-85.5,-84.5,"tensor(-7.1250, device='cuda:0', dtype=torch.bfloat16);tensor(-6.8750, device='cuda:0', dtype=torch.bfloat16);tensor(-12.5000, device='cuda:0', dtype=torch.bfloat16);tensor(-3.1250, device='cuda:0', dtype=torch.bfloat16);tensor(-3.1875, device='cuda:0', dtype=torch.bfloat16);tensor(-9., device='cuda:0', dtype=torch.bfloat16);tensor(0., device='cuda:0', dtype=torch.bfloat16);tensor(-5.9375, device='cuda:0', dtype=torch.bfloat16);tensor(-10.9375, device='cuda:0', dtype=torch.bfloat16);tensor(-10.6875, device='cuda:0', dtype=torch.bfloat16);tensor(-12.5625, device='cuda:0', dtype=torch.bfloat16);tensor(-3.3750, device='cuda:0', dtype=torch.bfloat16)","tensor(-7.1250, device='cuda:0', dtype=torch.bfloat16);tensor(-6.8750, device='cuda:0', dtype=torch.bfloat16);tensor(-10.6250, device='cuda:0', dtype=torch.bfloat16);tensor(-11.1875, device='cuda:0', dtype=torch.bfloat16);tensor(-10.6250, device='cuda:0', dtype=torch.bfloat16);tensor(-3.7500, device='cuda:0', dtype=torch.bfloat16);tensor(-3.5625, device='cuda:0', dtype=torch.bfloat16);tensor(-9.4375, device='cuda:0', dtype=torch.bfloat16);tensor(0., device='cuda:0', dtype=torch.bfloat16);tensor(-5.2500, device='cuda:0', dtype=torch.bfloat16);tensor(-10.1875, device='cuda:0', dtype=torch.bfloat16);tensor(-5.8125, device='cuda:0', dtype=torch.bfloat16)",blimp
complex_NP_island,Who had Rodney's electricians who disturbed Kendra's ex-girlfriend scared?,Who had Kendra's ex-girlfriend scared Rodney's electricians who disturbed?,411,-6.625,-7.03125,-106.0,-112.5,"tensor(-7.1250, device='cuda:0', dtype=torch.bfloat16);tensor(-6.8750, device='cuda:0', dtype=torch.bfloat16);tensor(-11.0625, device='cuda:0', dtype=torch.bfloat16);tensor(-4.7500, device='cuda:0', dtype=torch.bfloat16);tensor(-10.6250, device='cuda:0', dtype=torch.bfloat16);tensor(-6.0625, device='cuda:0', dtype=torch.bfloat16);tensor(-6.9688, device='cuda:0', dtype=torch.bfloat16);tensor(-11.1250, device='cuda:0', dtype=torch.bfloat16);tensor(-11.6875, device='cuda:0', dtype=torch.bfloat16);tensor(-0.5000, device='cuda:0', dtype=torch.bfloat16);tensor(-0.8125, device='cuda:0', dtype=torch.bfloat16);tensor(-7.3750, device='cuda:0', dtype=torch.bfloat16);tensor(-5.7500, device='cuda:0', dtype=torch.bfloat16);tensor(-0.2500, device='cuda:0', dtype=torch.bfloat16);tensor(-11.8750, device='cuda:0', dtype=torch.bfloat16);tensor(-3.0625, device='cuda:0', dtype=torch.bfloat16)","tensor(-7.1250, device='cuda:0', dtype=torch.bfloat16);tensor(-6.8750, device='cuda:0', dtype=torch.bfloat16);tensor(-13.5000, device='cuda:0', dtype=torch.bfloat16);tensor(-1.7500, device='cuda:0', dtype=torch.bfloat16);tensor(-2.8750, device='cuda:0', dtype=torch.bfloat16);tensor(-6.5000, device='cuda:0', dtype=torch.bfloat16);tensor(-5.5625, device='cuda:0', dtype=torch.bfloat16);tensor(0., device='cuda:0', dtype=torch.bfloat16);tensor(-11.3125, device='cuda:0', dtype=torch.bfloat16);tensor(-14.7500, device='cuda:0', dtype=torch.bfloat16);tensor(-3.1875, device='cuda:0', dtype=torch.bfloat16);tensor(-12.1250, device='cuda:0', dtype=torch.bfloat16);tensor(-4.1250, device='cuda:0', dtype=torch.bfloat16);tensor(-5.5000, device='cuda:0', dtype=torch.bfloat16);tensor(-10.2500, device='cuda:0', dtype=torch.bfloat16);tensor(-7., device='cuda:0', dtype=torch.bfloat16)",blimp
complex_NP_island,Who do Rebecca's daughters who liked Patricia's bosses complain about?,Who do Patricia's bosses complain about Rebecca's daughters who liked?,678,-7.21875,-7.125,-93.5,-93.0,"tensor(-7.1250, device='cuda:0', dtype=torch.bfloat16);tensor(-4.3750, device='cuda:0', dtype=torch.bfloat16);tensor(-13.9375, device='cuda:0', dtype=torch.bfloat16);tensor(-4.6875, device='cuda:0', dtype=torch.bfloat16);tensor(-6.4688, device='cuda:0', dtype=torch.bfloat16);tensor(-8.1250, device='cuda:0', dtype=torch.bfloat16);tensor(-10.3750, device='cuda:0', dtype=torch.bfloat16);tensor(-11.2500, device='cuda:0', dtype=torch.bfloat16);tensor(-1.4375, device='cuda:0', dtype=torch.bfloat16);tensor(-11.8750, device='cuda:0', dtype=torch.bfloat16);tensor(-8.7500, device='cuda:0', dtype=torch.bfloat16);tensor(-1.5000, device='cuda:0', dtype=torch.bfloat16);tensor(-3.7500, device='cuda:0', dtype=torch.bfloat16)","tensor(-7.1250, device='cuda:0', dtype=torch.bfloat16);tensor(-4.3750, device='cuda:0', dtype=torch.bfloat16);tensor(-14.5000, device='cuda:0', dtype=torch.bfloat16);tensor(-5.2500, device='cuda:0', dtype=torch.bfloat16);tensor(-8.8750, device='cuda:0', dtype=torch.bfloat16);tensor(-6.3750, device='cuda:0', dtype=torch.bfloat16);tensor(-1.3750, device='cuda:0', dtype=torch.bfloat16);tensor(-11.3750, device='cuda:0', dtype=torch.bfloat16);tensor(-1.7500, device='cuda:0', dtype=torch.bfloat16);tensor(-9.0625, device='cuda:0', dtype=torch.bfloat16);tensor(-4.6875, device='cuda:0', dtype=torch.bfloat16);tensor(-10.4375, device='cuda:0', dtype=torch.bfloat16);tensor(-7.5938, device='cuda:0', dtype=torch.bfloat16)",blimp
complex_NP_island,Who have actresses that haven't concealed Rachelle's French teachers shocked?,Who have Rachelle's French teachers shocked actresses that haven't concealed?,626,-8.0625,-7.4375,-113.0,-104.0,"tensor(-7.1250, device='cuda:0', dtype=torch.bfloat16);tensor(-7.3750, device='cuda:0', dtype=torch.bfloat16);tensor(-16.7500, device='cuda:0', dtype=torch.bfloat16);tensor(-4.3750, device='cuda:0', dtype=torch.bfloat16);tensor(-6.5625, device='cuda:0', dtype=torch.bfloat16);tensor(-0.5000, device='cuda:0', dtype=torch.bfloat16);tensor(-13.4375, device='cuda:0', dtype=torch.bfloat16);tensor(-14.8750, device='cuda:0', dtype=torch.bfloat16);tensor(-2.6250, device='cuda:0', dtype=torch.bfloat16);tensor(-2.9375, device='cuda:0', dtype=torch.bfloat16);tensor(-9., device='cuda:0', dtype=torch.bfloat16);tensor(-13.1250, device='cuda:0', dtype=torch.bfloat16);tensor(-10.6875, device='cuda:0', dtype=torch.bfloat16);tensor(-3.6250, device='cuda:0', dtype=torch.bfloat16)","tensor(-7.1250, device='cuda:0', dtype=torch.bfloat16);tensor(-7.3750, device='cuda:0', dtype=torch.bfloat16);tensor(-10.6875, device='cuda:0', dtype=torch.bfloat16);tensor(-4.8125, device='cuda:0', dtype=torch.bfloat16);tensor(-4., device='cuda:0', dtype=torch.bfloat16);tensor(-9.3750, device='cuda:0', dtype=torch.bfloat16);tensor(-7.5625, device='cuda:0', dtype=torch.bfloat16);tensor(-10., device='cuda:0', dtype=torch.bfloat16);tensor(-15.6250, device='cuda:0', dtype=torch.bfloat16);tensor(-5.2500, device='cuda:0', dtype=torch.bfloat16);tensor(-6.8125, device='cuda:0', dtype=torch.bfloat16);tensor(-0.1250, device='cuda:0', dtype=torch.bfloat16);tensor(-10.7500, device='cuda:0', dtype=torch.bfloat16);tensor(-4.6875, device='cuda:0', dtype=torch.bfloat16)",blimp
complex_NP_island,What weren't women who do love Travis's piano teachers arguing about?,What weren't Travis's piano teachers arguing about women who do love?,513,-7.1875,-6.96875,-100.5,-97.5,"tensor(-5.5000, device='cuda:0', dtype=torch.bfloat16);tensor(-14.8125, device='cuda:0', dtype=torch.bfloat16);tensor(-0.6250, device='cuda:0', dtype=torch.bfloat16);tensor(-6.4062, device='cuda:0', dtype=torch.bfloat16);tensor(-6.5000, device='cuda:0', dtype=torch.bfloat16);tensor(-6.4375, device='cuda:0', dtype=torch.bfloat16);tensor(-7.4375, device='cuda:0', dtype=torch.bfloat16);tensor(-12.1250, device='cuda:0', dtype=torch.bfloat16);tensor(-5.7500, device='cuda:0', dtype=torch.bfloat16);tensor(-10.2500, device='cuda:0', dtype=torch.bfloat16);tensor(-7.5000, device='cuda:0', dtype=torch.bfloat16);tensor(-10.2500, device='cuda:0', dtype=torch.bfloat16);tensor(-2.5625, device='cuda:0', dtype=torch.bfloat16);tensor(-4.2500, device='cuda:0', dtype=torch.bfloat16)","tensor(-5.5000, device='cuda:0', dtype=torch.bfloat16);tensor(-14.8125, device='cuda:0', dtype=torch.bfloat16);tensor(-0.6250, device='cuda:0', dtype=torch.bfloat16);tensor(-12.3750, device='cuda:0', dtype=torch.bfloat16);tensor(-4.9375, device='cuda:0', dtype=torch.bfloat16);tensor(-10.7500, device='cuda:0', dtype=torch.bfloat16);tensor(-2.8750, device='cuda:0', dtype=torch.bfloat16);tensor(-9.8750, device='cuda:0', dtype=torch.bfloat16);tensor(-0.3750, device='cuda:0', dtype=torch.bfloat16);tensor(-13.6250, device='cuda:0', dtype=torch.bfloat16);tensor(-4.3125, device='cuda:0', dtype=torch.bfloat16);tensor(-5.0625, device='cuda:0', dtype=torch.bfloat16);tensor(-6.8750, device='cuda:0', dtype=torch.bfloat16);tensor(-5.4375, device='cuda:0', dtype=torch.bfloat16)",blimp
complex_NP_island,Who are those waiters' employees who are referencing many documentaries about Galileo irritating?,Who are many documentaries about Galileo irritating those waiters' employees who are referencing?,859,-6.84375,-7.0,-116.0,-119.0,"tensor(-7.1250, device='cuda:0', dtype=torch.bfloat16);tensor(-3.0625, device='cuda:0', dtype=torch.bfloat16);tensor(-5.5000, device='cuda:0', dtype=torch.bfloat16);tensor(-11., device='cuda:0', dtype=torch.bfloat16);tensor(-0.5625, device='cuda:0', dtype=torch.bfloat16);tensor(-7.5938, device='cuda:0', dtype=torch.bfloat16);tensor(-5.1875, device='cuda:0', dtype=torch.bfloat16);tensor(-3.5000, device='cuda:0', dtype=torch.bfloat16);tensor(-1.9375, device='cuda:0', dtype=torch.bfloat16);tensor(-15.0625, device='cuda:0', dtype=torch.bfloat16);tensor(-7.9688, device='cuda:0', dtype=torch.bfloat16);tensor(-10.6875, device='cuda:0', dtype=torch.bfloat16);tensor(-1.9375, device='cuda:0', dtype=torch.bfloat16);tensor(-9.1250, device='cuda:0', dtype=torch.bfloat16);tensor(-3.5625, device='cuda:0', dtype=torch.bfloat16);tensor(-17.7500, device='cuda:0', dtype=torch.bfloat16);tensor(-4.6250, device='cuda:0', dtype=torch.bfloat16)","tensor(-7.1250, device='cuda:0', dtype=torch.bfloat16);tensor(-3.0625, device='cuda:0', dtype=torch.bfloat16);tensor(-10.5625, device='cuda:0', dtype=torch.bfloat16);tensor(-12.3750, device='cuda:0', dtype=torch.bfloat16);tensor(-1.9375, device='cuda:0', dtype=torch.bfloat16);tensor(-8.8750, device='cuda:0', dtype=torch.bfloat16);tensor(-1.3750, device='cuda:0', dtype=torch.bfloat16);tensor(-14.6250, device='cuda:0', dtype=torch.bfloat16);tensor(-7.1875, device='cuda:0', dtype=torch.bfloat16);tensor(-13., device='cuda:0', dtype=torch.bfloat16);tensor(-1., device='cuda:0', dtype=torch.bfloat16);tensor(-7.4375, device='cuda:0', dtype=torch.bfloat16);tensor(-7.2188, device='cuda:0', dtype=torch.bfloat16);tensor(-2.6250, device='cuda:0', dtype=torch.bfloat16);tensor(-2.3125, device='cuda:0', dtype=torch.bfloat16);tensor(-13.3750, device='cuda:0', dtype=torch.bfloat16);tensor(-4.8125, device='cuda:0', dtype=torch.bfloat16)",blimp
complex_NP_island,What have all grandmothers of Benjamin that returned to the Clintons referenced?,What have the Clintons referenced all grandmothers of Benjamin that returned to?,136,-6.4375,-7.0,-96.5,-105.0,"tensor(-5.5000, device='cuda:0', dtype=torch.bfloat16);tensor(-7.0938, device='cuda:0', dtype=torch.bfloat16);tensor(-5.8750, device='cuda:0', dtype=torch.bfloat16);tensor(-10.3125, device='cuda:0', dtype=torch.bfloat16);tensor(-3.3750, device='cuda:0', dtype=torch.bfloat16);tensor(0., device='cuda:0', dtype=torch.bfloat16);tensor(-3.1250, device='cuda:0', dtype=torch.bfloat16);tensor(-10.3750, device='cuda:0', dtype=torch.bfloat16);tensor(-8.5000, device='cuda:0', dtype=torch.bfloat16);tensor(-10., device='cuda:0', dtype=torch.bfloat16);tensor(-1.2500, device='cuda:0', dtype=torch.bfloat16);tensor(-1.6875, device='cuda:0', dtype=torch.bfloat16);tensor(-14.1875, device='cuda:0', dtype=torch.bfloat16);tensor(-11.5000, device='cuda:0', dtype=torch.bfloat16);tensor(-3.5625, device='cuda:0', dtype=torch.bfloat16)","tensor(-5.5000, device='cuda:0', dtype=torch.bfloat16);tensor(-7.0938, device='cuda:0', dtype=torch.bfloat16);tensor(-2.7500, device='cuda:0', dtype=torch.bfloat16);tensor(-9.2500, device='cuda:0', dtype=torch.bfloat16);tensor(-14.6250, device='cuda:0', dtype=torch.bfloat16);tensor(-6.5312, device='cuda:0', dtype=torch.bfloat16);tensor(-13.7500, device='cuda:0', dtype=torch.bfloat16);tensor(-4.1875, device='cuda:0', dtype=torch.bfloat16);tensor(0., device='cuda:0', dtype=torch.bfloat16);tensor(-3.8750, device='cuda:0', dtype=torch.bfloat16);tensor(-11.4375, device='cuda:0', dtype=torch.bfloat16);tensor(-7.4375, device='cuda:0', dtype=torch.bfloat16);tensor(-9.7500, device='cuda:0', dtype=torch.bfloat16);tensor(-2.4375, device='cuda:0', dtype=torch.bfloat16);tensor(-6.5312, device='cuda:0', dtype=torch.bfloat16)",blimp
coordinate_structure_constraint_complex_left_branch,Which muffins is Sandra finding and Spain taking?,Which is Sandra finding muffins and Spain taking?,521,-7.78125,-7.8125,-78.0,-78.0,"tensor(-6.6250, device='cuda:0', dtype=torch.bfloat16);tensor(-14.6250, device='cuda:0', dtype=torch.bfloat16);tensor(-1.2500, device='cuda:0', dtype=torch.bfloat16);tensor(-4.5000, device='cuda:0', dtype=torch.bfloat16);tensor(-8.7500, device='cuda:0', dtype=torch.bfloat16);tensor(-9., device='cuda:0', dtype=torch.bfloat16);tensor(-7.1875, device='cuda:0', dtype=torch.bfloat16);tensor(-14.8750, device='cuda:0', dtype=torch.bfloat16);tensor(-5.4375, device='cuda:0', dtype=torch.bfloat16);tensor(-5.5000, device='cuda:0', dtype=torch.bfloat16)","tensor(-6.6250, device='cuda:0', dtype=torch.bfloat16);tensor(-2.9375, device='cuda:0', dtype=torch.bfloat16);tensor(-13.3750, device='cuda:0', dtype=torch.bfloat16);tensor(-14.0625, device='cuda:0', dtype=torch.bfloat16);tensor(-12.1250, device='cuda:0', dtype=torch.bfloat16);tensor(-0.2500, device='cuda:0', dtype=torch.bfloat16);tensor(-3.8750, device='cuda:0', dtype=torch.bfloat16);tensor(-12.2500, device='cuda:0', dtype=torch.bfloat16);tensor(-7.1250, device='cuda:0', dtype=torch.bfloat16);tensor(-5.5000, device='cuda:0', dtype=torch.bfloat16)",blimp
coordinate_structure_constraint_complex_left_branch,What alumni has Scott impressed and Stephen discussed?,What has Scott impressed alumni and Stephen discussed?,737,-7.75,-8.0,-70.0,-72.0,"tensor(-5.5000, device='cuda:0', dtype=torch.bfloat16);tensor(-13.1250, device='cuda:0', dtype=torch.bfloat16);tensor(-5.7500, device='cuda:0', dtype=torch.bfloat16);tensor(-9.3750, device='cuda:0', dtype=torch.bfloat16);tensor(-11.4375, device='cuda:0', dtype=torch.bfloat16);tensor(-4., device='cuda:0', dtype=torch.bfloat16);tensor(-10.6250, device='cuda:0', dtype=torch.bfloat16);tensor(-7.5625, device='cuda:0', dtype=torch.bfloat16);tensor(-2.3750, device='cuda:0', dtype=torch.bfloat16)","tensor(-5.5000, device='cuda:0', dtype=torch.bfloat16);tensor(-6.5312, device='cuda:0', dtype=torch.bfloat16);tensor(-10.1875, device='cuda:0', dtype=torch.bfloat16);tensor(-9.2500, device='cuda:0', dtype=torch.bfloat16);tensor(-11.2500, device='cuda:0', dtype=torch.bfloat16);tensor(-2.3125, device='cuda:0', dtype=torch.bfloat16);tensor(-11.2500, device='cuda:0', dtype=torch.bfloat16);tensor(-10.6875, device='cuda:0', dtype=torch.bfloat16);tensor(-4.9375, device='cuda:0', dtype=torch.bfloat16)",blimp
coordinate_structure_constraint_complex_left_branch,What children has Laura remembered and Marcus aggravated?,What has Laura remembered children and Marcus aggravated?,740,-8.3125,-8.3125,-75.0,-74.5,"tensor(-5.5000, device='cuda:0', dtype=torch.bfloat16);tensor(-9.7500, device='cuda:0', dtype=torch.bfloat16);tensor(-9.6250, device='cuda:0', dtype=torch.bfloat16);tensor(-7.3750, device='cuda:0', dtype=torch.bfloat16);tensor(-11.3750, device='cuda:0', dtype=torch.bfloat16);tensor(-3.7500, device='cuda:0', dtype=torch.bfloat16);tensor(-12.1250, device='cuda:0', dtype=torch.bfloat16);tensor(-12.6250, device='cuda:0', dtype=torch.bfloat16);tensor(-2.7500, device='cuda:0', dtype=torch.bfloat16)","tensor(-5.5000, device='cuda:0', dtype=torch.bfloat16);tensor(-6.5312, device='cuda:0', dtype=torch.bfloat16);tensor(-10.7500, device='cuda:0', dtype=torch.bfloat16);tensor(-9.1250, device='cuda:0', dtype=torch.bfloat16);tensor(-10.7500, device='cuda:0', dtype=torch.bfloat16);tensor(-5.1875, device='cuda:0', dtype=torch.bfloat16);tensor(-9.6250, device='cuda:0', dtype=torch.bfloat16);tensor(-12.1875, device='cuda:0', dtype=torch.bfloat16);tensor(-5.0625, device='cuda:0', dtype=torch.bfloat16)",blimp
coordinate_structure_constraint_complex_left_branch,Which offspring is Edward working with and all gates impressing?,Which is Edward working with offspring and all gates impressing?,660,-8.3125,-7.53125,-100.0,-90.5,"tensor(-6.6250, device='cuda:0', dtype=torch.bfloat16);tensor(-12.7500, device='cuda:0', dtype=torch.bfloat16);tensor(-2.6875, device='cuda:0', dtype=torch.bfloat16);tensor(-14.6875, device='cuda:0', dtype=torch.bfloat16);tensor(-9.6250, device='cuda:0', dtype=torch.bfloat16);tensor(-3., device='cuda:0', dtype=torch.bfloat16);tensor(-6.2500, device='cuda:0', dtype=torch.bfloat16);tensor(-8.8750, device='cuda:0', dtype=torch.bfloat16);tensor(-13.3750, device='cuda:0', dtype=torch.bfloat16);tensor(-13.5625, device='cuda:0', dtype=torch.bfloat16);tensor(-4.4375, device='cuda:0', dtype=torch.bfloat16);tensor(-4.0625, device='cuda:0', dtype=torch.bfloat16)","tensor(-6.6250, device='cuda:0', dtype=torch.bfloat16);tensor(-2.9375, device='cuda:0', dtype=torch.bfloat16);tensor(-12.9375, device='cuda:0', dtype=torch.bfloat16);tensor(-10.3125, device='cuda:0', dtype=torch.bfloat16);tensor(-2.4375, device='cuda:0', dtype=torch.bfloat16);tensor(-11.7500, device='cuda:0', dtype=torch.bfloat16);tensor(-3.2500, device='cuda:0', dtype=torch.bfloat16);tensor(-6.6250, device='cuda:0', dtype=torch.bfloat16);tensor(-12.8750, device='cuda:0', dtype=torch.bfloat16);tensor(-12.8125, device='cuda:0', dtype=torch.bfloat16);tensor(-3.3125, device='cuda:0', dtype=torch.bfloat16);tensor(-4.4688, device='cuda:0', dtype=torch.bfloat16)",blimp
coordinate_structure_constraint_complex_left_branch,Which chairs did Carlos like and every actress break?,Which did Carlos like chairs and every actress break?,411,-9.0,-9.0625,-90.0,-90.5,"tensor(-6.6250, device='cuda:0', dtype=torch.bfloat16);tensor(-14., device='cuda:0', dtype=torch.bfloat16);tensor(-6.0625, device='cuda:0', dtype=torch.bfloat16);tensor(-10.2500, device='cuda:0', dtype=torch.bfloat16);tensor(-6.2500, device='cuda:0', dtype=torch.bfloat16);tensor(-7.1875, device='cuda:0', dtype=torch.bfloat16);tensor(-12., device='cuda:0', dtype=torch.bfloat16);tensor(-9.6250, device='cuda:0', dtype=torch.bfloat16);tensor(-12.0625, device='cuda:0', dtype=torch.bfloat16);tensor(-5.9375, device='cuda:0', dtype=torch.bfloat16)","tensor(-6.6250, device='cuda:0', dtype=torch.bfloat16);tensor(-8.5000, device='cuda:0', dtype=torch.bfloat16);tensor(-10.5625, device='cuda:0', dtype=torch.bfloat16);tensor(-3.8750, device='cuda:0', dtype=torch.bfloat16);tensor(-20.1250, device='cuda:0', dtype=torch.bfloat16);tensor(-3.8125, device='cuda:0', dtype=torch.bfloat16);tensor(-11.1875, device='cuda:0', dtype=torch.bfloat16);tensor(-10.5000, device='cuda:0', dtype=torch.bfloat16);tensor(-10.3750, device='cuda:0', dtype=torch.bfloat16);tensor(-4.9375, device='cuda:0', dtype=torch.bfloat16)",blimp
coordinate_structure_constraint_complex_left_branch,Which pedestrians has Tiffany alarmed and Chad listened to?,Which has Tiffany alarmed pedestrians and Chad listened to?,678,-8.25,-9.3125,-82.5,-93.0,"tensor(-6.6250, device='cuda:0', dtype=torch.bfloat16);tensor(-15.5625, device='cuda:0', dtype=torch.bfloat16);tensor(-6.5000, device='cuda:0', dtype=torch.bfloat16);tensor(-13.2500, device='cuda:0', dtype=torch.bfloat16);tensor(-13.3125, device='cuda:0', dtype=torch.bfloat16);tensor(-3.9375, device='cuda:0', dtype=torch.bfloat16);tensor(-10.8125, device='cuda:0', dtype=torch.bfloat16);tensor(-8.3125, device='cuda:0', dtype=torch.bfloat16);tensor(-0.3750, device='cuda:0', dtype=torch.bfloat16);tensor(-3.6250, device='cuda:0', dtype=torch.bfloat16)","tensor(-6.6250, device='cuda:0', dtype=torch.bfloat16);tensor(-6., device='cuda:0', dtype=torch.bfloat16);tensor(-20.2500, device='cuda:0', dtype=torch.bfloat16);tensor(-14.8750, device='cuda:0', dtype=torch.bfloat16);tensor(-12.4375, device='cuda:0', dtype=torch.bfloat16);tensor(-2.3750, device='cuda:0', dtype=torch.bfloat16);tensor(-13., device='cuda:0', dtype=torch.bfloat16);tensor(-10., device='cuda:0', dtype=torch.bfloat16);tensor(-1.1875, device='cuda:0', dtype=torch.bfloat16);tensor(-6.1562, device='cuda:0', dtype=torch.bfloat16)",blimp
coordinate_structure_constraint_complex_left_branch,Which movie theaters had every teacher passed and Mitchell noticed?,Which had every teacher passed movie theaters and Mitchell noticed?,626,-8.3125,-8.375,-91.5,-92.5,"tensor(-6.6250, device='cuda:0', dtype=torch.bfloat16);tensor(-6.5938, device='cuda:0', dtype=torch.bfloat16);tensor(-7.3750, device='cuda:0', dtype=torch.bfloat16);tensor(-5.4375, device='cuda:0', dtype=torch.bfloat16);tensor(-11.2500, device='cuda:0', dtype=torch.bfloat16);tensor(-10.6250, device='cuda:0', dtype=torch.bfloat16);tensor(-9.6250, device='cuda:0', dtype=torch.bfloat16);tensor(-5.8750, device='cuda:0', dtype=torch.bfloat16);tensor(-14.1250, device='cuda:0', dtype=torch.bfloat16);tensor(-8.6250, device='cuda:0', dtype=torch.bfloat16);tensor(-5.5625, device='cuda:0', dtype=torch.bfloat16)","tensor(-6.6250, device='cuda:0', dtype=torch.bfloat16);tensor(-9.2500, device='cuda:0', dtype=torch.bfloat16);tensor(-9.1875, device='cuda:0', dtype=torch.bfloat16);tensor(-9.4375, device='cuda:0', dtype=torch.bfloat16);tensor(-7.0312, device='cuda:0', dtype=torch.bfloat16);tensor(-11.9375, device='cuda:0', dtype=torch.bfloat16);tensor(-5.5938, device='cuda:0', dtype=torch.bfloat16);tensor(-2.6250, device='cuda:0', dtype=torch.bfloat16);tensor(-14.2500, device='cuda:0', dtype=torch.bfloat16);tensor(-9.8125, device='cuda:0', dtype=torch.bfloat16);tensor(-6.6875, device='cuda:0', dtype=torch.bfloat16)",blimp
coordinate_structure_constraint_complex_left_branch,Which schools should Stacey go to and Roger stun?,Which should Stacey go to schools and Roger stun?,513,-6.5625,-7.21875,-72.0,-79.5,"tensor(-6.6250, device='cuda:0', dtype=torch.bfloat16);tensor(-9.6250, device='cuda:0', dtype=torch.bfloat16);tensor(-4.7500, device='cuda:0', dtype=torch.bfloat16);tensor(-7.7812, device='cuda:0', dtype=torch.bfloat16);tensor(-5.4375, device='cuda:0', dtype=torch.bfloat16);tensor(-5.1875, device='cuda:0', dtype=torch.bfloat16);tensor(-0.1250, device='cuda:0', dtype=torch.bfloat16);tensor(-6.3125, device='cuda:0', dtype=torch.bfloat16);tensor(-10.8750, device='cuda:0', dtype=torch.bfloat16);tensor(-12.7500, device='cuda:0', dtype=torch.bfloat16);tensor(-2.5625, device='cuda:0', dtype=torch.bfloat16)","tensor(-6.6250, device='cuda:0', dtype=torch.bfloat16);tensor(-6.2188, device='cuda:0', dtype=torch.bfloat16);tensor(-11.8125, device='cuda:0', dtype=torch.bfloat16);tensor(-4.1875, device='cuda:0', dtype=torch.bfloat16);tensor(-4.1875, device='cuda:0', dtype=torch.bfloat16);tensor(-0.7500, device='cuda:0', dtype=torch.bfloat16);tensor(-14.6250, device='cuda:0', dtype=torch.bfloat16);tensor(-4.1875, device='cuda:0', dtype=torch.bfloat16);tensor(-12.6250, device='cuda:0', dtype=torch.bfloat16);tensor(-11.3750, device='cuda:0', dtype=torch.bfloat16);tensor(-2.7500, device='cuda:0', dtype=torch.bfloat16)",blimp
coordinate_structure_constraint_complex_left_branch,What senators had Ellen left and Steven cured?,What had Ellen left senators and Steven cured?,859,-8.125,-9.25,-73.5,-83.0,"tensor(-5.5000, device='cuda:0', dtype=torch.bfloat16);tensor(-13.5625, device='cuda:0', dtype=torch.bfloat16);tensor(-4.8750, device='cuda:0', dtype=torch.bfloat16);tensor(-14.3750, device='cuda:0', dtype=torch.bfloat16);tensor(-8.0625, device='cuda:0', dtype=torch.bfloat16);tensor(-5.2500, device='cuda:0', dtype=torch.bfloat16);tensor(-8.7500, device='cuda:0', dtype=torch.bfloat16);tensor(-9.7500, device='cuda:0', dtype=torch.bfloat16);tensor(-3.1875, device='cuda:0', dtype=torch.bfloat16)","tensor(-5.5000, device='cuda:0', dtype=torch.bfloat16);tensor(-9.6250, device='cuda:0', dtype=torch.bfloat16);tensor(-10.6250, device='cuda:0', dtype=torch.bfloat16);tensor(-6.3750, device='cuda:0', dtype=torch.bfloat16);tensor(-16.1250, device='cuda:0', dtype=torch.bfloat16);tensor(-2.3125, device='cuda:0', dtype=torch.bfloat16);tensor(-12.7500, device='cuda:0', dtype=torch.bfloat16);tensor(-14.8125, device='cuda:0', dtype=torch.bfloat16);tensor(-5.1250, device='cuda:0', dtype=torch.bfloat16)",blimp
coordinate_structure_constraint_complex_left_branch,Whose committees is Paula astounding and Wendy impressing?,Whose is Paula astounding committees and Wendy impressing?,136,-7.4375,-8.75,-81.5,-96.0,"tensor(-9., device='cuda:0', dtype=torch.bfloat16);tensor(-2.9375, device='cuda:0', dtype=torch.bfloat16);tensor(-13.0625, device='cuda:0', dtype=torch.bfloat16);tensor(-4.8125, device='cuda:0', dtype=torch.bfloat16);tensor(-10.2500, device='cuda:0', dtype=torch.bfloat16);tensor(-15.6875, device='cuda:0', dtype=torch.bfloat16);tensor(-6.5312, device='cuda:0', dtype=torch.bfloat16);tensor(-10.6250, device='cuda:0', dtype=torch.bfloat16);tensor(-7.0938, device='cuda:0', dtype=torch.bfloat16);tensor(-0.1250, device='cuda:0', dtype=torch.bfloat16);tensor(-1.5625, device='cuda:0', dtype=torch.bfloat16)","tensor(-9., device='cuda:0', dtype=torch.bfloat16);tensor(-2.9375, device='cuda:0', dtype=torch.bfloat16);tensor(-6.4688, device='cuda:0', dtype=torch.bfloat16);tensor(-13.2500, device='cuda:0', dtype=torch.bfloat16);tensor(-19.5000, device='cuda:0', dtype=torch.bfloat16);tensor(-14.4375, device='cuda:0', dtype=torch.bfloat16);tensor(-4.0938, device='cuda:0', dtype=torch.bfloat16);tensor(-11.3125, device='cuda:0', dtype=torch.bfloat16);tensor(-10.3750, device='cuda:0', dtype=torch.bfloat16);tensor(-1.1250, device='cuda:0', dtype=torch.bfloat16);tensor(-3.6875, device='cuda:0', dtype=torch.bfloat16)",blimp
coordinate_structure_constraint_object_extraction,Who are Phillip and Dana curing?,Who was Phillip curing and Dana?,521,-7.34375,-8.5,-51.25,-59.75,"tensor(-7.1562, device='cuda:0', dtype=torch.bfloat16);tensor(-3., device='cuda:0', dtype=torch.bfloat16);tensor(-11.1250, device='cuda:0', dtype=torch.bfloat16);tensor(-1.4375, device='cuda:0', dtype=torch.bfloat16);tensor(-7.8125, device='cuda:0', dtype=torch.bfloat16);tensor(-18.5000, device='cuda:0', dtype=torch.bfloat16);tensor(-2.3125, device='cuda:0', dtype=torch.bfloat16)","tensor(-7.1562, device='cuda:0', dtype=torch.bfloat16);tensor(-3.6875, device='cuda:0', dtype=torch.bfloat16);tensor(-9.2500, device='cuda:0', dtype=torch.bfloat16);tensor(-19.1250, device='cuda:0', dtype=torch.bfloat16);tensor(-3.7500, device='cuda:0', dtype=torch.bfloat16);tensor(-11.3125, device='cuda:0', dtype=torch.bfloat16);tensor(-5.3750, device='cuda:0', dtype=torch.bfloat16)",blimp
coordinate_structure_constraint_object_extraction,Who have Wendy and Regina cleaned?,Who had Wendy cleaned and Regina?,737,-7.65625,-8.5,-53.5,-59.75,"tensor(-7.1562, device='cuda:0', dtype=torch.bfloat16);tensor(-7.3750, device='cuda:0', dtype=torch.bfloat16);tensor(-12.3750, device='cuda:0', dtype=torch.bfloat16);tensor(-3.4375, device='cuda:0', dtype=torch.bfloat16);tensor(-8.6875, device='cuda:0', dtype=torch.bfloat16);tensor(-10.0625, device='cuda:0', dtype=torch.bfloat16);tensor(-4.4375, device='cuda:0', dtype=torch.bfloat16)","tensor(-7.1562, device='cuda:0', dtype=torch.bfloat16);tensor(-6.8750, device='cuda:0', dtype=torch.bfloat16);tensor(-11.3125, device='cuda:0', dtype=torch.bfloat16);tensor(-14.2500, device='cuda:0', dtype=torch.bfloat16);tensor(-3.4375, device='cuda:0', dtype=torch.bfloat16);tensor(-11.6250, device='cuda:0', dtype=torch.bfloat16);tensor(-5.0625, device='cuda:0', dtype=torch.bfloat16)",blimp
coordinate_structure_constraint_object_extraction,What have Larry and Homer hired?,What had Larry hired and Homer?,740,-7.5,-8.4375,-52.5,-59.25,"tensor(-5.5000, device='cuda:0', dtype=torch.bfloat16);tensor(-7.0938, device='cuda:0', dtype=torch.bfloat16);tensor(-11.4375, device='cuda:0', dtype=torch.bfloat16);tensor(-3.4375, device='cuda:0', dtype=torch.bfloat16);tensor(-10.2500, device='cuda:0', dtype=torch.bfloat16);tensor(-10.4375, device='cuda:0', dtype=torch.bfloat16);tensor(-4.2500, device='cuda:0', dtype=torch.bfloat16)","tensor(-5.5000, device='cuda:0', dtype=torch.bfloat16);tensor(-9.5000, device='cuda:0', dtype=torch.bfloat16);tensor(-9.9375, device='cuda:0', dtype=torch.bfloat16);tensor(-11.3750, device='cuda:0', dtype=torch.bfloat16);tensor(-5.3125, device='cuda:0', dtype=torch.bfloat16);tensor(-11.2500, device='cuda:0', dtype=torch.bfloat16);tensor(-6.3125, device='cuda:0', dtype=torch.bfloat16)",blimp
coordinate_structure_constraint_object_extraction,Who have Brian and Kevin hidden?,Who has Brian hidden and Kevin?,660,-7.125,-7.875,-50.0,-55.0,"tensor(-7.1562, device='cuda:0', dtype=torch.bfloat16);tensor(-7.3750, device='cuda:0', dtype=torch.bfloat16);tensor(-11.1250, device='cuda:0', dtype=torch.bfloat16);tensor(-4.0625, device='cuda:0', dtype=torch.bfloat16);tensor(-6.5625, device='cuda:0', dtype=torch.bfloat16);tensor(-9.7500, device='cuda:0', dtype=torch.bfloat16);tensor(-3.9375, device='cuda:0', dtype=torch.bfloat16)","tensor(-7.1562, device='cuda:0', dtype=torch.bfloat16);tensor(-4.6875, device='cuda:0', dtype=torch.bfloat16);tensor(-10.3750, device='cuda:0', dtype=torch.bfloat16);tensor(-12.8125, device='cuda:0', dtype=torch.bfloat16);tensor(-4.4375, device='cuda:0', dtype=torch.bfloat16);tensor(-9.3125, device='cuda:0', dtype=torch.bfloat16);tensor(-6.3125, device='cuda:0', dtype=torch.bfloat16)",blimp
coordinate_structure_constraint_object_extraction,Who had hospitals and Tonya confused?,Who have hospitals confused and Tonya?,411,-7.9375,-8.375,-63.5,-67.0,"tensor(-7.1250, device='cuda:0', dtype=torch.bfloat16);tensor(-6.8750, device='cuda:0', dtype=torch.bfloat16);tensor(-13.9375, device='cuda:0', dtype=torch.bfloat16);tensor(-2.5000, device='cuda:0', dtype=torch.bfloat16);tensor(-15.3125, device='cuda:0', dtype=torch.bfloat16);tensor(-3.3125, device='cuda:0', dtype=torch.bfloat16);tensor(-11.3125, device='cuda:0', dtype=torch.bfloat16);tensor(-3., device='cuda:0', dtype=torch.bfloat16)","tensor(-7.1250, device='cuda:0', dtype=torch.bfloat16);tensor(-7.3750, device='cuda:0', dtype=torch.bfloat16);tensor(-14.2500, device='cuda:0', dtype=torch.bfloat16);tensor(-10.5000, device='cuda:0', dtype=torch.bfloat16);tensor(-4.6875, device='cuda:0', dtype=torch.bfloat16);tensor(-12.4375, device='cuda:0', dtype=torch.bfloat16);tensor(-5., device='cuda:0', dtype=torch.bfloat16);tensor(-5.5000, device='cuda:0', dtype=torch.bfloat16)",blimp
coordinate_structure_constraint_object_extraction,What should Aaron and Connie fire?,What might Aaron fire and Connie?,678,-7.34375,-8.5625,-51.25,-59.75,"tensor(-5.5000, device='cuda:0', dtype=torch.bfloat16);tensor(-5., device='cuda:0', dtype=torch.bfloat16);tensor(-11.5000, device='cuda:0', dtype=torch.bfloat16);tensor(-3.4375, device='cuda:0', dtype=torch.bfloat16);tensor(-8.7500, device='cuda:0', dtype=torch.bfloat16);tensor(-12.0625, device='cuda:0', dtype=torch.bfloat16);tensor(-5.0625, device='cuda:0', dtype=torch.bfloat16)","tensor(-5.5000, device='cuda:0', dtype=torch.bfloat16);tensor(-7.7500, device='cuda:0', dtype=torch.bfloat16);tensor(-10.6250, device='cuda:0', dtype=torch.bfloat16);tensor(-13.9375, device='cuda:0', dtype=torch.bfloat16);tensor(-4.6875, device='cuda:0', dtype=torch.bfloat16);tensor(-10.5000, device='cuda:0', dtype=torch.bfloat16);tensor(-6.7500, device='cuda:0', dtype=torch.bfloat16)",blimp
coordinate_structure_constraint_object_extraction,Who are Marcus and Lucille talking to?,Who is Marcus talking to and Lucille?,626,-4.8125,-6.0625,-43.5,-54.75,"tensor(-7.1250, device='cuda:0', dtype=torch.bfloat16);tensor(-3.0625, device='cuda:0', dtype=torch.bfloat16);tensor(-10., device='cuda:0', dtype=torch.bfloat16);tensor(-1.1875, device='cuda:0', dtype=torch.bfloat16);tensor(-6.1250, device='cuda:0', dtype=torch.bfloat16);tensor(-2.5000, device='cuda:0', dtype=torch.bfloat16);tensor(-10.6250, device='cuda:0', dtype=torch.bfloat16);tensor(-0.3750, device='cuda:0', dtype=torch.bfloat16);tensor(-2.3750, device='cuda:0', dtype=torch.bfloat16)","tensor(-7.1250, device='cuda:0', dtype=torch.bfloat16);tensor(-2.1875, device='cuda:0', dtype=torch.bfloat16);tensor(-7.4062, device='cuda:0', dtype=torch.bfloat16);tensor(-14.0625, device='cuda:0', dtype=torch.bfloat16);tensor(-0.2500, device='cuda:0', dtype=torch.bfloat16);tensor(-4.6875, device='cuda:0', dtype=torch.bfloat16);tensor(-12.8750, device='cuda:0', dtype=torch.bfloat16);tensor(-2.6250, device='cuda:0', dtype=torch.bfloat16);tensor(-3.4375, device='cuda:0', dtype=torch.bfloat16)",blimp
coordinate_structure_constraint_object_extraction,What have Gary and Daniel exited?,What had Gary exited and Daniel?,513,-7.1875,-8.5,-50.25,-59.5,"tensor(-5.5000, device='cuda:0', dtype=torch.bfloat16);tensor(-7.0938, device='cuda:0', dtype=torch.bfloat16);tensor(-11.8125, device='cuda:0', dtype=torch.bfloat16);tensor(-2.8750, device='cuda:0', dtype=torch.bfloat16);tensor(-6.6250, device='cuda:0', dtype=torch.bfloat16);tensor(-13.1875, device='cuda:0', dtype=torch.bfloat16);tensor(-3.1250, device='cuda:0', dtype=torch.bfloat16)","tensor(-5.5000, device='cuda:0', dtype=torch.bfloat16);tensor(-9.5000, device='cuda:0', dtype=torch.bfloat16);tensor(-11.1250, device='cuda:0', dtype=torch.bfloat16);tensor(-13.3750, device='cuda:0', dtype=torch.bfloat16);tensor(-4.3750, device='cuda:0', dtype=torch.bfloat16);tensor(-9.8125, device='cuda:0', dtype=torch.bfloat16);tensor(-5.8750, device='cuda:0', dtype=torch.bfloat16)",blimp
coordinate_structure_constraint_object_extraction,Who were the doctor and Peter finding?,Who was the doctor finding and Peter?,859,-5.96875,-6.5,-47.75,-52.0,"tensor(-7.1250, device='cuda:0', dtype=torch.bfloat16);tensor(-4.9375, device='cuda:0', dtype=torch.bfloat16);tensor(-0.3125, device='cuda:0', dtype=torch.bfloat16);tensor(-11.1875, device='cuda:0', dtype=torch.bfloat16);tensor(-1.8750, device='cuda:0', dtype=torch.bfloat16);tensor(-9.5000, device='cuda:0', dtype=torch.bfloat16);tensor(-8.8750, device='cuda:0', dtype=torch.bfloat16);tensor(-4., device='cuda:0', dtype=torch.bfloat16)","tensor(-7.1250, device='cuda:0', dtype=torch.bfloat16);tensor(-3.6875, device='cuda:0', dtype=torch.bfloat16);tensor(-1.6250, device='cuda:0', dtype=torch.bfloat16);tensor(-7.4688, device='cuda:0', dtype=torch.bfloat16);tensor(-11.7500, device='cuda:0', dtype=torch.bfloat16);tensor(-5., device='cuda:0', dtype=torch.bfloat16);tensor(-10.8750, device='cuda:0', dtype=torch.bfloat16);tensor(-4.4375, device='cuda:0', dtype=torch.bfloat16)",blimp
coordinate_structure_constraint_object_extraction,Who were Mary and Marie disgusting?,Who was Mary disgusting and Marie?,136,-7.125,-7.4375,-50.0,-52.0,"tensor(-7.1562, device='cuda:0', dtype=torch.bfloat16);tensor(-4.9375, device='cuda:0', dtype=torch.bfloat16);tensor(-7.2812, device='cuda:0', dtype=torch.bfloat16);tensor(-1.3750, device='cuda:0', dtype=torch.bfloat16);tensor(-7.1875, device='cuda:0', dtype=torch.bfloat16);tensor(-18.6250, device='cuda:0', dtype=torch.bfloat16);tensor(-3.3125, device='cuda:0', dtype=torch.bfloat16)","tensor(-7.1562, device='cuda:0', dtype=torch.bfloat16);tensor(-3.6875, device='cuda:0', dtype=torch.bfloat16);tensor(-5.1875, device='cuda:0', dtype=torch.bfloat16);tensor(-18.5000, device='cuda:0', dtype=torch.bfloat16);tensor(-3.2500, device='cuda:0', dtype=torch.bfloat16);tensor(-8.6250, device='cuda:0', dtype=torch.bfloat16);tensor(-5.6250, device='cuda:0', dtype=torch.bfloat16)",blimp
determiner_noun_agreement_1,Most dancers haven't forgotten this essay.,Most dancers haven't forgotten this essays.,521,-6.625,-7.3125,-53.0,-58.5,"tensor(-7.6250, device='cuda:0', dtype=torch.bfloat16);tensor(-10.6250, device='cuda:0', dtype=torch.bfloat16);tensor(-8.7500, device='cuda:0', dtype=torch.bfloat16);tensor(-1., device='cuda:0', dtype=torch.bfloat16);tensor(-6.5000, device='cuda:0', dtype=torch.bfloat16);tensor(-5.1250, device='cuda:0', dtype=torch.bfloat16);tensor(-9.7500, device='cuda:0', dtype=torch.bfloat16);tensor(-3.6875, device='cuda:0', dtype=torch.bfloat16)","tensor(-7.6250, device='cuda:0', dtype=torch.bfloat16);tensor(-10.6250, device='cuda:0', dtype=torch.bfloat16);tensor(-8.7500, device='cuda:0', dtype=torch.bfloat16);tensor(-1., device='cuda:0', dtype=torch.bfloat16);tensor(-6.5000, device='cuda:0', dtype=torch.bfloat16);tensor(-5.1250, device='cuda:0', dtype=torch.bfloat16);tensor(-14.8750, device='cuda:0', dtype=torch.bfloat16);tensor(-4.1250, device='cuda:0', dtype=torch.bfloat16)",blimp
determiner_noun_agreement_1,Candice cared for those teachers.,Candice cared for those teacher.,737,-6.75,-7.375,-54.0,-59.0,"tensor(-6.5625, device='cuda:0', dtype=torch.bfloat16);tensor(-6.2500, device='cuda:0', dtype=torch.bfloat16);tensor(-1.9375, device='cuda:0', dtype=torch.bfloat16);tensor(-14.5000, device='cuda:0', dtype=torch.bfloat16);tensor(-0.2500, device='cuda:0', dtype=torch.bfloat16);tensor(-7.1562, device='cuda:0', dtype=torch.bfloat16);tensor(-11.3750, device='cuda:0', dtype=torch.bfloat16);tensor(-5.9375, device='cuda:0', dtype=torch.bfloat16)","tensor(-6.5625, device='cuda:0', dtype=torch.bfloat16);tensor(-6.2500, device='cuda:0', dtype=torch.bfloat16);tensor(-1.9375, device='cuda:0', dtype=torch.bfloat16);tensor(-14.5000, device='cuda:0', dtype=torch.bfloat16);tensor(-0.2500, device='cuda:0', dtype=torch.bfloat16);tensor(-7.1562, device='cuda:0', dtype=torch.bfloat16);tensor(-14.5625, device='cuda:0', dtype=torch.bfloat16);tensor(-7.7812, device='cuda:0', dtype=torch.bfloat16)",blimp
determiner_noun_agreement_1,Dancers are researching these pictures.,Dancers are researching these picture.,740,-7.0,-7.6875,-49.0,-54.0,"tensor(-6.5625, device='cuda:0', dtype=torch.bfloat16);tensor(-7.5625, device='cuda:0', dtype=torch.bfloat16);tensor(-3.6875, device='cuda:0', dtype=torch.bfloat16);tensor(-11.0625, device='cuda:0', dtype=torch.bfloat16);tensor(-7.2188, device='cuda:0', dtype=torch.bfloat16);tensor(-8.7500, device='cuda:0', dtype=torch.bfloat16);tensor(-4.1875, device='cuda:0', dtype=torch.bfloat16)","tensor(-6.5625, device='cuda:0', dtype=torch.bfloat16);tensor(-7.5625, device='cuda:0', dtype=torch.bfloat16);tensor(-3.6875, device='cuda:0', dtype=torch.bfloat16);tensor(-11.0625, device='cuda:0', dtype=torch.bfloat16);tensor(-7.2188, device='cuda:0', dtype=torch.bfloat16);tensor(-11.1250, device='cuda:0', dtype=torch.bfloat16);tensor(-6.6875, device='cuda:0', dtype=torch.bfloat16)",blimp
determiner_noun_agreement_1,This government dislikes these guys.,This government dislikes these guy.,660,-7.0,-8.0,-42.0,-48.0,"tensor(-4.8125, device='cuda:0', dtype=torch.bfloat16);tensor(-10.2500, device='cuda:0', dtype=torch.bfloat16);tensor(-10.2500, device='cuda:0', dtype=torch.bfloat16);tensor(-7.9688, device='cuda:0', dtype=torch.bfloat16);tensor(-5.7812, device='cuda:0', dtype=torch.bfloat16);tensor(-2.9375, device='cuda:0', dtype=torch.bfloat16)","tensor(-4.8125, device='cuda:0', dtype=torch.bfloat16);tensor(-10.2500, device='cuda:0', dtype=torch.bfloat16);tensor(-10.2500, device='cuda:0', dtype=torch.bfloat16);tensor(-7.9688, device='cuda:0', dtype=torch.bfloat16);tensor(-10.1875, device='cuda:0', dtype=torch.bfloat16);tensor(-4.4375, device='cuda:0', dtype=torch.bfloat16)",blimp
determiner_noun_agreement_1,Bruce leaves these students.,Bruce leaves these student.,411,-9.125,-9.875,-45.75,-49.5,"tensor(-9.8750, device='cuda:0', dtype=torch.bfloat16);tensor(-10.2500, device='cuda:0', dtype=torch.bfloat16);tensor(-9.9375, device='cuda:0', dtype=torch.bfloat16);tensor(-7.8438, device='cuda:0', dtype=torch.bfloat16);tensor(-7.8125, device='cuda:0', dtype=torch.bfloat16)","tensor(-9.8750, device='cuda:0', dtype=torch.bfloat16);tensor(-10.2500, device='cuda:0', dtype=torch.bfloat16);tensor(-9.9375, device='cuda:0', dtype=torch.bfloat16);tensor(-9.5625, device='cuda:0', dtype=torch.bfloat16);tensor(-9.8750, device='cuda:0', dtype=torch.bfloat16)",blimp
determiner_noun_agreement_1,Christopher hasn't hidden that chair.,Christopher hasn't hidden that chairs.,678,-7.28125,-7.90625,-51.0,-55.25,"tensor(-9.7500, device='cuda:0', dtype=torch.bfloat16);tensor(-12.3125, device='cuda:0', dtype=torch.bfloat16);tensor(-0.5000, device='cuda:0', dtype=torch.bfloat16);tensor(-8.9375, device='cuda:0', dtype=torch.bfloat16);tensor(-4.1250, device='cuda:0', dtype=torch.bfloat16);tensor(-11.2500, device='cuda:0', dtype=torch.bfloat16);tensor(-4.1875, device='cuda:0', dtype=torch.bfloat16)","tensor(-9.7500, device='cuda:0', dtype=torch.bfloat16);tensor(-12.3125, device='cuda:0', dtype=torch.bfloat16);tensor(-0.5000, device='cuda:0', dtype=torch.bfloat16);tensor(-8.9375, device='cuda:0', dtype=torch.bfloat16);tensor(-4.1250, device='cuda:0', dtype=torch.bfloat16);tensor(-14.2500, device='cuda:0', dtype=torch.bfloat16);tensor(-5.4062, device='cuda:0', dtype=torch.bfloat16)",blimp
determiner_noun_agreement_1,Meredith cured these guys.,Meredith cured these guy.,626,-6.1875,-6.96875,-43.25,-48.75,"tensor(-6.5000, device='cuda:0', dtype=torch.bfloat16);tensor(-6.3750, device='cuda:0', dtype=torch.bfloat16);tensor(0., device='cuda:0', dtype=torch.bfloat16);tensor(-14.7500, device='cuda:0', dtype=torch.bfloat16);tensor(-6.4375, device='cuda:0', dtype=torch.bfloat16);tensor(-5.5312, device='cuda:0', dtype=torch.bfloat16);tensor(-3.6250, device='cuda:0', dtype=torch.bfloat16)","tensor(-6.5000, device='cuda:0', dtype=torch.bfloat16);tensor(-6.3750, device='cuda:0', dtype=torch.bfloat16);tensor(0., device='cuda:0', dtype=torch.bfloat16);tensor(-14.7500, device='cuda:0', dtype=torch.bfloat16);tensor(-6.4375, device='cuda:0', dtype=torch.bfloat16);tensor(-9., device='cuda:0', dtype=torch.bfloat16);tensor(-5.6250, device='cuda:0', dtype=torch.bfloat16)",blimp
determiner_noun_agreement_1,Some sketches had looked like this girl.,Some sketches had looked like this girls.,513,-6.5625,-7.0,-52.5,-56.0,"tensor(-7.7500, device='cuda:0', dtype=torch.bfloat16);tensor(-9.8125, device='cuda:0', dtype=torch.bfloat16);tensor(-7.6250, device='cuda:0', dtype=torch.bfloat16);tensor(-7.7188, device='cuda:0', dtype=torch.bfloat16);tensor(-2.3750, device='cuda:0', dtype=torch.bfloat16);tensor(-3.0625, device='cuda:0', dtype=torch.bfloat16);tensor(-10.8750, device='cuda:0', dtype=torch.bfloat16);tensor(-3.3750, device='cuda:0', dtype=torch.bfloat16)","tensor(-7.7500, device='cuda:0', dtype=torch.bfloat16);tensor(-9.8125, device='cuda:0', dtype=torch.bfloat16);tensor(-7.6250, device='cuda:0', dtype=torch.bfloat16);tensor(-7.7188, device='cuda:0', dtype=torch.bfloat16);tensor(-2.3750, device='cuda:0', dtype=torch.bfloat16);tensor(-3.0625, device='cuda:0', dtype=torch.bfloat16);tensor(-13.2500, device='cuda:0', dtype=torch.bfloat16);tensor(-4.4375, device='cuda:0', dtype=torch.bfloat16)",blimp
determiner_noun_agreement_1,Colleen left this patient.,Colleen left this patients.,859,-7.25,-7.8125,-43.5,-46.75,"tensor(-8.6875, device='cuda:0', dtype=torch.bfloat16);tensor(-2.8125, device='cuda:0', dtype=torch.bfloat16);tensor(-9.5000, device='cuda:0', dtype=torch.bfloat16);tensor(-3.8750, device='cuda:0', dtype=torch.bfloat16);tensor(-9.9375, device='cuda:0', dtype=torch.bfloat16);tensor(-8.6250, device='cuda:0', dtype=torch.bfloat16)","tensor(-8.6875, device='cuda:0', dtype=torch.bfloat16);tensor(-2.8125, device='cuda:0', dtype=torch.bfloat16);tensor(-9.5000, device='cuda:0', dtype=torch.bfloat16);tensor(-3.8750, device='cuda:0', dtype=torch.bfloat16);tensor(-13.6875, device='cuda:0', dtype=torch.bfloat16);tensor(-8.2500, device='cuda:0', dtype=torch.bfloat16)",blimp
determiner_noun_agreement_1,Veronica is hugging those boys.,Veronica is hugging those boy.,136,-5.84375,-6.65625,-46.75,-53.25,"tensor(-9.3750, device='cuda:0', dtype=torch.bfloat16);tensor(-3.0625, device='cuda:0', dtype=torch.bfloat16);tensor(-4., device='cuda:0', dtype=torch.bfloat16);tensor(-9.6250, device='cuda:0', dtype=torch.bfloat16);tensor(-3.5000, device='cuda:0', dtype=torch.bfloat16);tensor(-8.5625, device='cuda:0', dtype=torch.bfloat16);tensor(-5.1250, device='cuda:0', dtype=torch.bfloat16);tensor(-3.4375, device='cuda:0', dtype=torch.bfloat16)","tensor(-9.3750, device='cuda:0', dtype=torch.bfloat16);tensor(-3.0625, device='cuda:0', dtype=torch.bfloat16);tensor(-4., device='cuda:0', dtype=torch.bfloat16);tensor(-9.6250, device='cuda:0', dtype=torch.bfloat16);tensor(-3.5000, device='cuda:0', dtype=torch.bfloat16);tensor(-8.5625, device='cuda:0', dtype=torch.bfloat16);tensor(-8.5000, device='cuda:0', dtype=torch.bfloat16);tensor(-6.6250, device='cuda:0', dtype=torch.bfloat16)",blimp
determiner_noun_agreement_2,Derek might run around those grocery stores.,Derek might run around that grocery stores.,521,-6.71875,-7.0,-60.5,-63.0,"tensor(-6.5625, device='cuda:0', dtype=torch.bfloat16);tensor(-5.8750, device='cuda:0', dtype=torch.bfloat16);tensor(-12.5000, device='cuda:0', dtype=torch.bfloat16);tensor(-6.7500, device='cuda:0', dtype=torch.bfloat16);tensor(-5.1250, device='cuda:0', dtype=torch.bfloat16);tensor(-8.3750, device='cuda:0', dtype=torch.bfloat16);tensor(-8.1250, device='cuda:0', dtype=torch.bfloat16);tensor(-1.1250, device='cuda:0', dtype=torch.bfloat16);tensor(-5.9375, device='cuda:0', dtype=torch.bfloat16)","tensor(-6.5625, device='cuda:0', dtype=torch.bfloat16);tensor(-5.8750, device='cuda:0', dtype=torch.bfloat16);tensor(-12.5000, device='cuda:0', dtype=torch.bfloat16);tensor(-6.7500, device='cuda:0', dtype=torch.bfloat16);tensor(-5.1250, device='cuda:0', dtype=torch.bfloat16);tensor(-6.2500, device='cuda:0', dtype=torch.bfloat16);tensor(-8.1875, device='cuda:0', dtype=torch.bfloat16);tensor(-6.2500, device='cuda:0', dtype=torch.bfloat16);tensor(-5.6250, device='cuda:0', dtype=torch.bfloat16)",blimp
determiner_noun_agreement_2,Waitresses return to that public park.,Waitresses return to those public park.,737,-7.3125,-7.875,-58.5,-63.0,"tensor(-10.8750, device='cuda:0', dtype=torch.bfloat16);tensor(-7.5000, device='cuda:0', dtype=torch.bfloat16);tensor(-8.1875, device='cuda:0', dtype=torch.bfloat16);tensor(-0.6250, device='cuda:0', dtype=torch.bfloat16);tensor(-10.4375, device='cuda:0', dtype=torch.bfloat16);tensor(-8.8750, device='cuda:0', dtype=torch.bfloat16);tensor(-6.3125, device='cuda:0', dtype=torch.bfloat16);tensor(-5.6875, device='cuda:0', dtype=torch.bfloat16)","tensor(-10.8750, device='cuda:0', dtype=torch.bfloat16);tensor(-7.5000, device='cuda:0', dtype=torch.bfloat16);tensor(-8.1875, device='cuda:0', dtype=torch.bfloat16);tensor(-0.6250, device='cuda:0', dtype=torch.bfloat16);tensor(-10., device='cuda:0', dtype=torch.bfloat16);tensor(-7.7812, device='cuda:0', dtype=torch.bfloat16);tensor(-9.1250, device='cuda:0', dtype=torch.bfloat16);tensor(-8.9375, device='cuda:0', dtype=torch.bfloat16)",blimp
determiner_noun_agreement_2,Lawrence sounded like those movie theaters.,Lawrence sounded like that movie theaters.,740,-7.125,-7.25,-57.0,-58.0,"tensor(-8.4375, device='cuda:0', dtype=torch.bfloat16);tensor(-2.3125, device='cuda:0', dtype=torch.bfloat16);tensor(-17., device='cuda:0', dtype=torch.bfloat16);tensor(-1.7500, device='cuda:0', dtype=torch.bfloat16);tensor(-8.5000, device='cuda:0', dtype=torch.bfloat16);tensor(-8.1875, device='cuda:0', dtype=torch.bfloat16);tensor(-4.6875, device='cuda:0', dtype=torch.bfloat16);tensor(-6.0625, device='cuda:0', dtype=torch.bfloat16)","tensor(-8.4375, device='cuda:0', dtype=torch.bfloat16);tensor(-2.3125, device='cuda:0', dtype=torch.bfloat16);tensor(-17., device='cuda:0', dtype=torch.bfloat16);tensor(-1.7500, device='cuda:0', dtype=torch.bfloat16);tensor(-6.9375, device='cuda:0', dtype=torch.bfloat16);tensor(-7.5000, device='cuda:0', dtype=torch.bfloat16);tensor(-8.0625, device='cuda:0', dtype=torch.bfloat16);tensor(-6.1250, device='cuda:0', dtype=torch.bfloat16)",blimp
determiner_noun_agreement_2,Charles is hiring that boy.,Charles is hiring those boy.,660,-7.6875,-9.1875,-46.25,-55.0,"tensor(-9., device='cuda:0', dtype=torch.bfloat16);tensor(-7.0625, device='cuda:0', dtype=torch.bfloat16);tensor(-9.8125, device='cuda:0', dtype=torch.bfloat16);tensor(-9.7500, device='cuda:0', dtype=torch.bfloat16);tensor(-6.9375, device='cuda:0', dtype=torch.bfloat16);tensor(-3.6250, device='cuda:0', dtype=torch.bfloat16)","tensor(-9., device='cuda:0', dtype=torch.bfloat16);tensor(-7.0625, device='cuda:0', dtype=torch.bfloat16);tensor(-9.8125, device='cuda:0', dtype=torch.bfloat16);tensor(-9.1250, device='cuda:0', dtype=torch.bfloat16);tensor(-12.4375, device='cuda:0', dtype=torch.bfloat16);tensor(-7.6562, device='cuda:0', dtype=torch.bfloat16)",blimp
determiner_noun_agreement_2,Alice was kissing those customers.,Alice was kissing that customers.,411,-8.1875,-8.625,-49.25,-51.75,"tensor(-10., device='cuda:0', dtype=torch.bfloat16);tensor(-5.9375, device='cuda:0', dtype=torch.bfloat16);tensor(-11., device='cuda:0', dtype=torch.bfloat16);tensor(-8., device='cuda:0', dtype=torch.bfloat16);tensor(-10.8125, device='cuda:0', dtype=torch.bfloat16);tensor(-3.5000, device='cuda:0', dtype=torch.bfloat16)","tensor(-10., device='cuda:0', dtype=torch.bfloat16);tensor(-5.9375, device='cuda:0', dtype=torch.bfloat16);tensor(-11., device='cuda:0', dtype=torch.bfloat16);tensor(-5.9375, device='cuda:0', dtype=torch.bfloat16);tensor(-15., device='cuda:0', dtype=torch.bfloat16);tensor(-3.9375, device='cuda:0', dtype=torch.bfloat16)",blimp
determiner_noun_agreement_2,Cheryl breaks that fork.,Cheryl breaks those fork.,678,-7.875,-9.0,-47.25,-53.75,"tensor(-6.8125, device='cuda:0', dtype=torch.bfloat16);tensor(-4.5625, device='cuda:0', dtype=torch.bfloat16);tensor(-10.2500, device='cuda:0', dtype=torch.bfloat16);tensor(-9.1250, device='cuda:0', dtype=torch.bfloat16);tensor(-11.8750, device='cuda:0', dtype=torch.bfloat16);tensor(-4.6250, device='cuda:0', dtype=torch.bfloat16)","tensor(-6.8125, device='cuda:0', dtype=torch.bfloat16);tensor(-4.5625, device='cuda:0', dtype=torch.bfloat16);tensor(-10.2500, device='cuda:0', dtype=torch.bfloat16);tensor(-11.0625, device='cuda:0', dtype=torch.bfloat16);tensor(-12.5000, device='cuda:0', dtype=torch.bfloat16);tensor(-8.6250, device='cuda:0', dtype=torch.bfloat16)",blimp
determiner_noun_agreement_2,Jodi has found this patient.,Jodi has found these patient.,626,-6.53125,-7.21875,-45.5,-50.5,"tensor(-6.8125, device='cuda:0', dtype=torch.bfloat16);tensor(-5.7500, device='cuda:0', dtype=torch.bfloat16);tensor(-5.0625, device='cuda:0', dtype=torch.bfloat16);tensor(-6.9375, device='cuda:0', dtype=torch.bfloat16);tensor(-5.6250, device='cuda:0', dtype=torch.bfloat16);tensor(-8.6250, device='cuda:0', dtype=torch.bfloat16);tensor(-6.8125, device='cuda:0', dtype=torch.bfloat16)","tensor(-6.8125, device='cuda:0', dtype=torch.bfloat16);tensor(-5.7500, device='cuda:0', dtype=torch.bfloat16);tensor(-5.0625, device='cuda:0', dtype=torch.bfloat16);tensor(-6.9375, device='cuda:0', dtype=torch.bfloat16);tensor(-6.9375, device='cuda:0', dtype=torch.bfloat16);tensor(-9.5000, device='cuda:0', dtype=torch.bfloat16);tensor(-9.5000, device='cuda:0', dtype=torch.bfloat16)",blimp
determiner_noun_agreement_2,This actress listened to these guests.,This actress listened to this guests.,513,-7.34375,-7.875,-51.5,-55.25,"tensor(-4.8125, device='cuda:0', dtype=torch.bfloat16);tensor(-11.7500, device='cuda:0', dtype=torch.bfloat16);tensor(-13.1875, device='cuda:0', dtype=torch.bfloat16);tensor(-0.1250, device='cuda:0', dtype=torch.bfloat16);tensor(-5.4375, device='cuda:0', dtype=torch.bfloat16);tensor(-10.6250, device='cuda:0', dtype=torch.bfloat16);tensor(-5.4375, device='cuda:0', dtype=torch.bfloat16)","tensor(-4.8125, device='cuda:0', dtype=torch.bfloat16);tensor(-11.7500, device='cuda:0', dtype=torch.bfloat16);tensor(-13.1875, device='cuda:0', dtype=torch.bfloat16);tensor(-0.1250, device='cuda:0', dtype=torch.bfloat16);tensor(-4.4375, device='cuda:0', dtype=torch.bfloat16);tensor(-13.4375, device='cuda:0', dtype=torch.bfloat16);tensor(-7.4688, device='cuda:0', dtype=torch.bfloat16)",blimp
determiner_noun_agreement_2,Debra wouldn't research these pictures.,Debra wouldn't research this pictures.,859,-6.9375,-7.375,-55.5,-59.0,"tensor(-7.5938, device='cuda:0', dtype=torch.bfloat16);tensor(-5.5625, device='cuda:0', dtype=torch.bfloat16);tensor(-13.3750, device='cuda:0', dtype=torch.bfloat16);tensor(-0.3750, device='cuda:0', dtype=torch.bfloat16);tensor(-12.5000, device='cuda:0', dtype=torch.bfloat16);tensor(-5.1562, device='cuda:0', dtype=torch.bfloat16);tensor(-7.9062, device='cuda:0', dtype=torch.bfloat16);tensor(-2.9375, device='cuda:0', dtype=torch.bfloat16)","tensor(-7.5938, device='cuda:0', dtype=torch.bfloat16);tensor(-5.5625, device='cuda:0', dtype=torch.bfloat16);tensor(-13.3750, device='cuda:0', dtype=torch.bfloat16);tensor(-0.3750, device='cuda:0', dtype=torch.bfloat16);tensor(-12.5000, device='cuda:0', dtype=torch.bfloat16);tensor(-3.4375, device='cuda:0', dtype=torch.bfloat16);tensor(-12.8125, device='cuda:0', dtype=torch.bfloat16);tensor(-3.3125, device='cuda:0', dtype=torch.bfloat16)",blimp
determiner_noun_agreement_2,Peter can't complain about this driver.,Peter can't complain about these driver.,136,-5.75,-6.71875,-46.0,-53.75,"tensor(-8.5000, device='cuda:0', dtype=torch.bfloat16);tensor(-9.6250, device='cuda:0', dtype=torch.bfloat16);tensor(-3.1875, device='cuda:0', dtype=torch.bfloat16);tensor(-7.1875, device='cuda:0', dtype=torch.bfloat16);tensor(-0.7500, device='cuda:0', dtype=torch.bfloat16);tensor(-4.4375, device='cuda:0', dtype=torch.bfloat16);tensor(-10.2500, device='cuda:0', dtype=torch.bfloat16);tensor(-2.1875, device='cuda:0', dtype=torch.bfloat16)","tensor(-8.5000, device='cuda:0', dtype=torch.bfloat16);tensor(-9.6250, device='cuda:0', dtype=torch.bfloat16);tensor(-3.1875, device='cuda:0', dtype=torch.bfloat16);tensor(-7.1875, device='cuda:0', dtype=torch.bfloat16);tensor(-0.7500, device='cuda:0', dtype=torch.bfloat16);tensor(-6.3438, device='cuda:0', dtype=torch.bfloat16);tensor(-11.3750, device='cuda:0', dtype=torch.bfloat16);tensor(-6.7188, device='cuda:0', dtype=torch.bfloat16)",blimp
determiner_noun_agreement_irregular_1,Beverly discovered this ox.,Beverly discovered this oxen.,521,-7.40625,-6.6875,-51.75,-53.5,"tensor(-6.1875, device='cuda:0', dtype=torch.bfloat16);tensor(-5.7500, device='cuda:0', dtype=torch.bfloat16);tensor(-0.5000, device='cuda:0', dtype=torch.bfloat16);tensor(-11.5625, device='cuda:0', dtype=torch.bfloat16);tensor(-4.5000, device='cuda:0', dtype=torch.bfloat16);tensor(-11.3125, device='cuda:0', dtype=torch.bfloat16);tensor(-12., device='cuda:0', dtype=torch.bfloat16)","tensor(-6.1875, device='cuda:0', dtype=torch.bfloat16);tensor(-5.7500, device='cuda:0', dtype=torch.bfloat16);tensor(-0.5000, device='cuda:0', dtype=torch.bfloat16);tensor(-11.5625, device='cuda:0', dtype=torch.bfloat16);tensor(-4.5000, device='cuda:0', dtype=torch.bfloat16);tensor(-11.3125, device='cuda:0', dtype=torch.bfloat16);tensor(-4.4375, device='cuda:0', dtype=torch.bfloat16);tensor(-9.3125, device='cuda:0', dtype=torch.bfloat16)",blimp
determiner_noun_agreement_irregular_1,The guests hate that thesis.,The guests hate that theses.,737,-7.90625,-7.625,-47.5,-53.25,"tensor(-3.5625, device='cuda:0', dtype=torch.bfloat16);tensor(-11.2500, device='cuda:0', dtype=torch.bfloat16);tensor(-12.1250, device='cuda:0', dtype=torch.bfloat16);tensor(-5.2812, device='cuda:0', dtype=torch.bfloat16);tensor(-11.3750, device='cuda:0', dtype=torch.bfloat16);tensor(-3.8750, device='cuda:0', dtype=torch.bfloat16)","tensor(-3.5625, device='cuda:0', dtype=torch.bfloat16);tensor(-11.2500, device='cuda:0', dtype=torch.bfloat16);tensor(-12.1250, device='cuda:0', dtype=torch.bfloat16);tensor(-5.2812, device='cuda:0', dtype=torch.bfloat16);tensor(-2.7500, device='cuda:0', dtype=torch.bfloat16);tensor(-11.5000, device='cuda:0', dtype=torch.bfloat16);tensor(-6.8750, device='cuda:0', dtype=torch.bfloat16)",blimp
determiner_noun_agreement_irregular_1,Candice had shocked this person.,Candice had shocked this people.,740,-6.3125,-6.46875,-50.5,-51.75,"tensor(-6.5625, device='cuda:0', dtype=torch.bfloat16);tensor(-6.2500, device='cuda:0', dtype=torch.bfloat16);tensor(-1.9375, device='cuda:0', dtype=torch.bfloat16);tensor(-6.5625, device='cuda:0', dtype=torch.bfloat16);tensor(-12., device='cuda:0', dtype=torch.bfloat16);tensor(-7.3125, device='cuda:0', dtype=torch.bfloat16);tensor(-6.1250, device='cuda:0', dtype=torch.bfloat16);tensor(-3.6875, device='cuda:0', dtype=torch.bfloat16)","tensor(-6.5625, device='cuda:0', dtype=torch.bfloat16);tensor(-6.2500, device='cuda:0', dtype=torch.bfloat16);tensor(-1.9375, device='cuda:0', dtype=torch.bfloat16);tensor(-6.5625, device='cuda:0', dtype=torch.bfloat16);tensor(-12., device='cuda:0', dtype=torch.bfloat16);tensor(-7.3125, device='cuda:0', dtype=torch.bfloat16);tensor(-6.6562, device='cuda:0', dtype=torch.bfloat16);tensor(-4.5000, device='cuda:0', dtype=torch.bfloat16)",blimp
determiner_noun_agreement_irregular_1,Most hamsters found those axes.,Most hamsters found those axis.,660,-7.6875,-7.8125,-53.75,-54.5,"tensor(-7.6250, device='cuda:0', dtype=torch.bfloat16);tensor(-10.5000, device='cuda:0', dtype=torch.bfloat16);tensor(-1.3125, device='cuda:0', dtype=torch.bfloat16);tensor(-6.8750, device='cuda:0', dtype=torch.bfloat16);tensor(-10.1250, device='cuda:0', dtype=torch.bfloat16);tensor(-12.1250, device='cuda:0', dtype=torch.bfloat16);tensor(-5.1875, device='cuda:0', dtype=torch.bfloat16)","tensor(-7.6250, device='cuda:0', dtype=torch.bfloat16);tensor(-10.5000, device='cuda:0', dtype=torch.bfloat16);tensor(-1.3125, device='cuda:0', dtype=torch.bfloat16);tensor(-6.8750, device='cuda:0', dtype=torch.bfloat16);tensor(-10.1250, device='cuda:0', dtype=torch.bfloat16);tensor(-13.3125, device='cuda:0', dtype=torch.bfloat16);tensor(-4.8750, device='cuda:0', dtype=torch.bfloat16)",blimp
determiner_noun_agreement_irregular_1,Kayla appreciates these paralyses.,Kayla appreciates these paralysis.,411,-6.375,-7.9375,-57.5,-55.5,"tensor(-9.9375, device='cuda:0', dtype=torch.bfloat16);tensor(-2.1250, device='cuda:0', dtype=torch.bfloat16);tensor(-13.3750, device='cuda:0', dtype=torch.bfloat16);tensor(0., device='cuda:0', dtype=torch.bfloat16);tensor(-7.5938, device='cuda:0', dtype=torch.bfloat16);tensor(-9.5000, device='cuda:0', dtype=torch.bfloat16);tensor(-6.6250, device='cuda:0', dtype=torch.bfloat16);tensor(-4.9375, device='cuda:0', dtype=torch.bfloat16);tensor(-3.3125, device='cuda:0', dtype=torch.bfloat16)","tensor(-9.9375, device='cuda:0', dtype=torch.bfloat16);tensor(-2.1250, device='cuda:0', dtype=torch.bfloat16);tensor(-13.3750, device='cuda:0', dtype=torch.bfloat16);tensor(0., device='cuda:0', dtype=torch.bfloat16);tensor(-7.5938, device='cuda:0', dtype=torch.bfloat16);tensor(-16.1250, device='cuda:0', dtype=torch.bfloat16);tensor(-6.3125, device='cuda:0', dtype=torch.bfloat16)",blimp
determiner_noun_agreement_irregular_1,Frank should cure this goose.,Frank should cure this geese.,678,-8.6875,-7.875,-52.0,-55.0,"tensor(-8.8750, device='cuda:0', dtype=torch.bfloat16);tensor(-11.9375, device='cuda:0', dtype=torch.bfloat16);tensor(-11., device='cuda:0', dtype=torch.bfloat16);tensor(-3.8750, device='cuda:0', dtype=torch.bfloat16);tensor(-10.1250, device='cuda:0', dtype=torch.bfloat16);tensor(-6.1875, device='cuda:0', dtype=torch.bfloat16)","tensor(-8.8750, device='cuda:0', dtype=torch.bfloat16);tensor(-11.9375, device='cuda:0', dtype=torch.bfloat16);tensor(-11., device='cuda:0', dtype=torch.bfloat16);tensor(-3.8750, device='cuda:0', dtype=torch.bfloat16);tensor(-11.3125, device='cuda:0', dtype=torch.bfloat16);tensor(-3.6875, device='cuda:0', dtype=torch.bfloat16);tensor(-4.4375, device='cuda:0', dtype=torch.bfloat16)",blimp
determiner_noun_agreement_irregular_1,Carl heals these oxen.,Carl heals these ox.,626,-8.5,-10.75,-50.75,-53.5,"tensor(-9.1250, device='cuda:0', dtype=torch.bfloat16);tensor(-17.5000, device='cuda:0', dtype=torch.bfloat16);tensor(-8.2500, device='cuda:0', dtype=torch.bfloat16);tensor(-11.5625, device='cuda:0', dtype=torch.bfloat16);tensor(-0.6250, device='cuda:0', dtype=torch.bfloat16);tensor(-3.7500, device='cuda:0', dtype=torch.bfloat16)","tensor(-9.1250, device='cuda:0', dtype=torch.bfloat16);tensor(-17.5000, device='cuda:0', dtype=torch.bfloat16);tensor(-8.2500, device='cuda:0', dtype=torch.bfloat16);tensor(-11.5625, device='cuda:0', dtype=torch.bfloat16);tensor(-7.1875, device='cuda:0', dtype=torch.bfloat16)",blimp
determiner_noun_agreement_irregular_1,Tamara cleans those lice.,Tamara cleans those louse.,513,-6.9375,-7.875,-48.5,-55.0,"tensor(-10., device='cuda:0', dtype=torch.bfloat16);tensor(-0.7500, device='cuda:0', dtype=torch.bfloat16);tensor(-12.6875, device='cuda:0', dtype=torch.bfloat16);tensor(-9.6875, device='cuda:0', dtype=torch.bfloat16);tensor(-6.6875, device='cuda:0', dtype=torch.bfloat16);tensor(-3.2500, device='cuda:0', dtype=torch.bfloat16);tensor(-5.4375, device='cuda:0', dtype=torch.bfloat16)","tensor(-10., device='cuda:0', dtype=torch.bfloat16);tensor(-0.7500, device='cuda:0', dtype=torch.bfloat16);tensor(-12.6875, device='cuda:0', dtype=torch.bfloat16);tensor(-9.6875, device='cuda:0', dtype=torch.bfloat16);tensor(-6.6875, device='cuda:0', dtype=torch.bfloat16);tensor(-7.7500, device='cuda:0', dtype=torch.bfloat16);tensor(-7.5625, device='cuda:0', dtype=torch.bfloat16)",blimp
determiner_noun_agreement_irregular_1,Steve attacks those women.,Steve attacks those woman.,859,-8.375,-9.4375,-41.75,-47.0,"tensor(-9.5000, device='cuda:0', dtype=torch.bfloat16);tensor(-12.4375, device='cuda:0', dtype=torch.bfloat16);tensor(-6.2500, device='cuda:0', dtype=torch.bfloat16);tensor(-7.5625, device='cuda:0', dtype=torch.bfloat16);tensor(-6.0625, device='cuda:0', dtype=torch.bfloat16)","tensor(-9.5000, device='cuda:0', dtype=torch.bfloat16);tensor(-12.4375, device='cuda:0', dtype=torch.bfloat16);tensor(-6.2500, device='cuda:0', dtype=torch.bfloat16);tensor(-11.3750, device='cuda:0', dtype=torch.bfloat16);tensor(-7.5625, device='cuda:0', dtype=torch.bfloat16)",blimp
determiner_noun_agreement_irregular_1,Marcus argued about these ellipses.,Marcus argued about these ellipsis.,136,-6.40625,-7.9375,-51.25,-55.75,"tensor(-9.8750, device='cuda:0', dtype=torch.bfloat16);tensor(-13.0625, device='cuda:0', dtype=torch.bfloat16);tensor(-5.9375, device='cuda:0', dtype=torch.bfloat16);tensor(-6.6562, device='cuda:0', dtype=torch.bfloat16);tensor(-11.9375, device='cuda:0', dtype=torch.bfloat16);tensor(-0.1250, device='cuda:0', dtype=torch.bfloat16);tensor(-0.1250, device='cuda:0', dtype=torch.bfloat16);tensor(-3.6250, device='cuda:0', dtype=torch.bfloat16)","tensor(-9.8750, device='cuda:0', dtype=torch.bfloat16);tensor(-13.0625, device='cuda:0', dtype=torch.bfloat16);tensor(-5.9375, device='cuda:0', dtype=torch.bfloat16);tensor(-6.6562, device='cuda:0', dtype=torch.bfloat16);tensor(-11.9375, device='cuda:0', dtype=torch.bfloat16);tensor(-2.6250, device='cuda:0', dtype=torch.bfloat16);tensor(-5.5625, device='cuda:0', dtype=torch.bfloat16)",blimp
determiner_noun_agreement_irregular_2,Andrew insults this oasis.,Andrew insults these oasis.,521,-9.9375,-10.625,-49.75,-53.0,"tensor(-8.5625, device='cuda:0', dtype=torch.bfloat16);tensor(-15.9375, device='cuda:0', dtype=torch.bfloat16);tensor(-7.6875, device='cuda:0', dtype=torch.bfloat16);tensor(-12.6250, device='cuda:0', dtype=torch.bfloat16);tensor(-4.8750, device='cuda:0', dtype=torch.bfloat16)","tensor(-8.5625, device='cuda:0', dtype=torch.bfloat16);tensor(-15.9375, device='cuda:0', dtype=torch.bfloat16);tensor(-9., device='cuda:0', dtype=torch.bfloat16);tensor(-14.3125, device='cuda:0', dtype=torch.bfloat16);tensor(-5.1875, device='cuda:0', dtype=torch.bfloat16)",blimp
determiner_noun_agreement_irregular_2,Brian hated this thesis.,Brian hated these thesis.,737,-7.875,-9.5,-39.5,-47.25,"tensor(-8.8750, device='cuda:0', dtype=torch.bfloat16);tensor(-13.6250, device='cuda:0', dtype=torch.bfloat16);tensor(-5.0625, device='cuda:0', dtype=torch.bfloat16);tensor(-9.4375, device='cuda:0', dtype=torch.bfloat16);tensor(-2.4375, device='cuda:0', dtype=torch.bfloat16)","tensor(-8.8750, device='cuda:0', dtype=torch.bfloat16);tensor(-13.6250, device='cuda:0', dtype=torch.bfloat16);tensor(-6.4688, device='cuda:0', dtype=torch.bfloat16);tensor(-13.1250, device='cuda:0', dtype=torch.bfloat16);tensor(-5.2500, device='cuda:0', dtype=torch.bfloat16)",blimp
determiner_noun_agreement_irregular_2,All boys fire this woman.,All boys fire these woman.,740,-7.90625,-8.8125,-47.5,-52.75,"tensor(-6.9375, device='cuda:0', dtype=torch.bfloat16);tensor(-8.1875, device='cuda:0', dtype=torch.bfloat16);tensor(-11.3750, device='cuda:0', dtype=torch.bfloat16);tensor(-6.0625, device='cuda:0', dtype=torch.bfloat16);tensor(-11.2500, device='cuda:0', dtype=torch.bfloat16);tensor(-3.6875, device='cuda:0', dtype=torch.bfloat16)","tensor(-6.9375, device='cuda:0', dtype=torch.bfloat16);tensor(-8.1875, device='cuda:0', dtype=torch.bfloat16);tensor(-11.3750, device='cuda:0', dtype=torch.bfloat16);tensor(-8.3750, device='cuda:0', dtype=torch.bfloat16);tensor(-13.0625, device='cuda:0', dtype=torch.bfloat16);tensor(-4.8750, device='cuda:0', dtype=torch.bfloat16)",blimp
determiner_noun_agreement_irregular_2,Most gates bore that woman.,Most gates bore those woman.,660,-9.5625,-9.9375,-57.25,-59.5,"tensor(-7.6250, device='cuda:0', dtype=torch.bfloat16);tensor(-13.3750, device='cuda:0', dtype=torch.bfloat16);tensor(-12., device='cuda:0', dtype=torch.bfloat16);tensor(-8., device='cuda:0', dtype=torch.bfloat16);tensor(-10.6875, device='cuda:0', dtype=torch.bfloat16);tensor(-5.5938, device='cuda:0', dtype=torch.bfloat16)","tensor(-7.6250, device='cuda:0', dtype=torch.bfloat16);tensor(-13.3750, device='cuda:0', dtype=torch.bfloat16);tensor(-12., device='cuda:0', dtype=torch.bfloat16);tensor(-6.8750, device='cuda:0', dtype=torch.bfloat16);tensor(-12.8750, device='cuda:0', dtype=torch.bfloat16);tensor(-6.7188, device='cuda:0', dtype=torch.bfloat16)",blimp
determiner_noun_agreement_irregular_2,Todd doesn't talk to that child.,Todd doesn't talk to those child.,411,-5.40625,-6.59375,-43.25,-52.75,"tensor(-10.5000, device='cuda:0', dtype=torch.bfloat16);tensor(-10., device='cuda:0', dtype=torch.bfloat16);tensor(-0.3750, device='cuda:0', dtype=torch.bfloat16);tensor(-5.9375, device='cuda:0', dtype=torch.bfloat16);tensor(-1.3750, device='cuda:0', dtype=torch.bfloat16);tensor(-6.5000, device='cuda:0', dtype=torch.bfloat16);tensor(-5.6875, device='cuda:0', dtype=torch.bfloat16);tensor(-2.9375, device='cuda:0', dtype=torch.bfloat16)","tensor(-10.5000, device='cuda:0', dtype=torch.bfloat16);tensor(-10., device='cuda:0', dtype=torch.bfloat16);tensor(-0.3750, device='cuda:0', dtype=torch.bfloat16);tensor(-5.9375, device='cuda:0', dtype=torch.bfloat16);tensor(-1.3750, device='cuda:0', dtype=torch.bfloat16);tensor(-8.0625, device='cuda:0', dtype=torch.bfloat16);tensor(-10.5625, device='cuda:0', dtype=torch.bfloat16);tensor(-5.8750, device='cuda:0', dtype=torch.bfloat16)",blimp
determiner_noun_agreement_irregular_2,The men hide these mice.,The men hide this mice.,678,-7.84375,-8.3125,-47.0,-49.75,"tensor(-3.5625, device='cuda:0', dtype=torch.bfloat16);tensor(-8.5625, device='cuda:0', dtype=torch.bfloat16);tensor(-13.1875, device='cuda:0', dtype=torch.bfloat16);tensor(-7.4375, device='cuda:0', dtype=torch.bfloat16);tensor(-8.5625, device='cuda:0', dtype=torch.bfloat16);tensor(-5.8125, device='cuda:0', dtype=torch.bfloat16)","tensor(-3.5625, device='cuda:0', dtype=torch.bfloat16);tensor(-8.5625, device='cuda:0', dtype=torch.bfloat16);tensor(-13.1875, device='cuda:0', dtype=torch.bfloat16);tensor(-7.1875, device='cuda:0', dtype=torch.bfloat16);tensor(-11.8125, device='cuda:0', dtype=torch.bfloat16);tensor(-5.4688, device='cuda:0', dtype=torch.bfloat16)",blimp
determiner_noun_agreement_irregular_2,That unicycle hadn't annoyed this child.,That unicycle hadn't annoyed these child.,626,-6.8125,-7.84375,-61.5,-70.5,"tensor(-7.7500, device='cuda:0', dtype=torch.bfloat16);tensor(-8.5000, device='cuda:0', dtype=torch.bfloat16);tensor(-6., device='cuda:0', dtype=torch.bfloat16);tensor(-11.5000, device='cuda:0', dtype=torch.bfloat16);tensor(-0.5000, device='cuda:0', dtype=torch.bfloat16);tensor(-10.4375, device='cuda:0', dtype=torch.bfloat16);tensor(-6.6875, device='cuda:0', dtype=torch.bfloat16);tensor(-5.1875, device='cuda:0', dtype=torch.bfloat16);tensor(-4.8125, device='cuda:0', dtype=torch.bfloat16)","tensor(-7.7500, device='cuda:0', dtype=torch.bfloat16);tensor(-8.5000, device='cuda:0', dtype=torch.bfloat16);tensor(-6., device='cuda:0', dtype=torch.bfloat16);tensor(-11.5000, device='cuda:0', dtype=torch.bfloat16);tensor(-0.5000, device='cuda:0', dtype=torch.bfloat16);tensor(-10.4375, device='cuda:0', dtype=torch.bfloat16);tensor(-8.0625, device='cuda:0', dtype=torch.bfloat16);tensor(-9.8750, device='cuda:0', dtype=torch.bfloat16);tensor(-7.8750, device='cuda:0', dtype=torch.bfloat16)",blimp
determiner_noun_agreement_irregular_2,That pork shocks that woman.,That pork shocks those woman.,513,-8.25,-9.375,-49.5,-56.25,"tensor(-7.7500, device='cuda:0', dtype=torch.bfloat16);tensor(-11., device='cuda:0', dtype=torch.bfloat16);tensor(-14.5625, device='cuda:0', dtype=torch.bfloat16);tensor(-5.9375, device='cuda:0', dtype=torch.bfloat16);tensor(-7.0625, device='cuda:0', dtype=torch.bfloat16);tensor(-3.3125, device='cuda:0', dtype=torch.bfloat16)","tensor(-7.7500, device='cuda:0', dtype=torch.bfloat16);tensor(-11., device='cuda:0', dtype=torch.bfloat16);tensor(-14.5625, device='cuda:0', dtype=torch.bfloat16);tensor(-6.9688, device='cuda:0', dtype=torch.bfloat16);tensor(-11.4375, device='cuda:0', dtype=torch.bfloat16);tensor(-4.5625, device='cuda:0', dtype=torch.bfloat16)",blimp
determiner_noun_agreement_irregular_2,Beth isn't selling these octopi.,Beth isn't selling this octopi.,859,-6.3125,-6.75,-50.5,-54.0,"tensor(-9.5625, device='cuda:0', dtype=torch.bfloat16);tensor(-11.5000, device='cuda:0', dtype=torch.bfloat16);tensor(-0.6250, device='cuda:0', dtype=torch.bfloat16);tensor(-7.5938, device='cuda:0', dtype=torch.bfloat16);tensor(-5.3125, device='cuda:0', dtype=torch.bfloat16);tensor(-10.5625, device='cuda:0', dtype=torch.bfloat16);tensor(-1.7500, device='cuda:0', dtype=torch.bfloat16);tensor(-3.5000, device='cuda:0', dtype=torch.bfloat16)","tensor(-9.5625, device='cuda:0', dtype=torch.bfloat16);tensor(-11.5000, device='cuda:0', dtype=torch.bfloat16);tensor(-0.6250, device='cuda:0', dtype=torch.bfloat16);tensor(-7.5938, device='cuda:0', dtype=torch.bfloat16);tensor(-4.4375, device='cuda:0', dtype=torch.bfloat16);tensor(-10.1875, device='cuda:0', dtype=torch.bfloat16);tensor(-5.7500, device='cuda:0', dtype=torch.bfloat16);tensor(-4.4375, device='cuda:0', dtype=torch.bfloat16)",blimp
determiner_noun_agreement_irregular_2,Paul worked with those men.,Paul worked with that men.,136,-6.65625,-7.4375,-40.0,-44.75,"tensor(-8.3750, device='cuda:0', dtype=torch.bfloat16);tensor(-9.7500, device='cuda:0', dtype=torch.bfloat16);tensor(-1.3750, device='cuda:0', dtype=torch.bfloat16);tensor(-9.1250, device='cuda:0', dtype=torch.bfloat16);tensor(-6.1250, device='cuda:0', dtype=torch.bfloat16);tensor(-5.2500, device='cuda:0', dtype=torch.bfloat16)","tensor(-8.3750, device='cuda:0', dtype=torch.bfloat16);tensor(-9.7500, device='cuda:0', dtype=torch.bfloat16);tensor(-1.3750, device='cuda:0', dtype=torch.bfloat16);tensor(-10.3125, device='cuda:0', dtype=torch.bfloat16);tensor(-9.2500, device='cuda:0', dtype=torch.bfloat16);tensor(-5.6250, device='cuda:0', dtype=torch.bfloat16)",blimp
determiner_noun_agreement_with_adj_2,Matt hadn't revealed these popular reports.,Matt hadn't revealed this popular reports.,521,-7.46875,-7.59375,-59.75,-60.75,"tensor(-8.9375, device='cuda:0', dtype=torch.bfloat16);tensor(-12.7500, device='cuda:0', dtype=torch.bfloat16);tensor(-0.6250, device='cuda:0', dtype=torch.bfloat16);tensor(-8., device='cuda:0', dtype=torch.bfloat16);tensor(-6.8125, device='cuda:0', dtype=torch.bfloat16);tensor(-10.1250, device='cuda:0', dtype=torch.bfloat16);tensor(-8.3750, device='cuda:0', dtype=torch.bfloat16);tensor(-4.1250, device='cuda:0', dtype=torch.bfloat16)","tensor(-8.9375, device='cuda:0', dtype=torch.bfloat16);tensor(-12.7500, device='cuda:0', dtype=torch.bfloat16);tensor(-0.6250, device='cuda:0', dtype=torch.bfloat16);tensor(-8., device='cuda:0', dtype=torch.bfloat16);tensor(-5., device='cuda:0', dtype=torch.bfloat16);tensor(-10.8750, device='cuda:0', dtype=torch.bfloat16);tensor(-10.1875, device='cuda:0', dtype=torch.bfloat16);tensor(-4.3125, device='cuda:0', dtype=torch.bfloat16)",blimp
determiner_noun_agreement_with_adj_2,Maria hasn't loved those excited boys.,Maria hasn't loved that excited boys.,737,-7.46875,-7.5625,-59.75,-60.5,"tensor(-9.5000, device='cuda:0', dtype=torch.bfloat16);tensor(-12.7500, device='cuda:0', dtype=torch.bfloat16);tensor(-0.5000, device='cuda:0', dtype=torch.bfloat16);tensor(-8., device='cuda:0', dtype=torch.bfloat16);tensor(-8.5000, device='cuda:0', dtype=torch.bfloat16);tensor(-11.3750, device='cuda:0', dtype=torch.bfloat16);tensor(-5.0625, device='cuda:0', dtype=torch.bfloat16);tensor(-4.0625, device='cuda:0', dtype=torch.bfloat16)","tensor(-9.5000, device='cuda:0', dtype=torch.bfloat16);tensor(-12.7500, device='cuda:0', dtype=torch.bfloat16);tensor(-0.5000, device='cuda:0', dtype=torch.bfloat16);tensor(-8., device='cuda:0', dtype=torch.bfloat16);tensor(-6.3438, device='cuda:0', dtype=torch.bfloat16);tensor(-10.5000, device='cuda:0', dtype=torch.bfloat16);tensor(-8.6250, device='cuda:0', dtype=torch.bfloat16);tensor(-4.2500, device='cuda:0', dtype=torch.bfloat16)",blimp
determiner_noun_agreement_with_adj_2,Bruce had fired this troubled adult.,Bruce had fired these troubled adult.,740,-8.25,-9.0625,-57.5,-63.25,"tensor(-9.8750, device='cuda:0', dtype=torch.bfloat16);tensor(-8.5625, device='cuda:0', dtype=torch.bfloat16);tensor(-9.6250, device='cuda:0', dtype=torch.bfloat16);tensor(-5.7812, device='cuda:0', dtype=torch.bfloat16);tensor(-10.7500, device='cuda:0', dtype=torch.bfloat16);tensor(-7.8438, device='cuda:0', dtype=torch.bfloat16);tensor(-5.1250, device='cuda:0', dtype=torch.bfloat16)","tensor(-9.8750, device='cuda:0', dtype=torch.bfloat16);tensor(-8.5625, device='cuda:0', dtype=torch.bfloat16);tensor(-9.6250, device='cuda:0', dtype=torch.bfloat16);tensor(-6.9062, device='cuda:0', dtype=torch.bfloat16);tensor(-10.8750, device='cuda:0', dtype=torch.bfloat16);tensor(-9.6250, device='cuda:0', dtype=torch.bfloat16);tensor(-7.8750, device='cuda:0', dtype=torch.bfloat16)",blimp
determiner_noun_agreement_with_adj_2,Valerie hadn't arrived at these old museums.,Valerie hadn't arrived at this old museums.,660,-6.71875,-6.6875,-67.0,-67.0,"tensor(-9., device='cuda:0', dtype=torch.bfloat16);tensor(-5.4375, device='cuda:0', dtype=torch.bfloat16);tensor(-11.8750, device='cuda:0', dtype=torch.bfloat16);tensor(-0.6250, device='cuda:0', dtype=torch.bfloat16);tensor(-6.0625, device='cuda:0', dtype=torch.bfloat16);tensor(-1.3750, device='cuda:0', dtype=torch.bfloat16);tensor(-8.6250, device='cuda:0', dtype=torch.bfloat16);tensor(-8.6250, device='cuda:0', dtype=torch.bfloat16);tensor(-10.7500, device='cuda:0', dtype=torch.bfloat16);tensor(-4.8750, device='cuda:0', dtype=torch.bfloat16)","tensor(-9., device='cuda:0', dtype=torch.bfloat16);tensor(-5.4375, device='cuda:0', dtype=torch.bfloat16);tensor(-11.8750, device='cuda:0', dtype=torch.bfloat16);tensor(-0.6250, device='cuda:0', dtype=torch.bfloat16);tensor(-6.0625, device='cuda:0', dtype=torch.bfloat16);tensor(-1.3750, device='cuda:0', dtype=torch.bfloat16);tensor(-5.1875, device='cuda:0', dtype=torch.bfloat16);tensor(-7.3438, device='cuda:0', dtype=torch.bfloat16);tensor(-14.6250, device='cuda:0', dtype=torch.bfloat16);tensor(-5.4375, device='cuda:0', dtype=torch.bfloat16)",blimp
determiner_noun_agreement_with_adj_2,Mark flees from this hard high school.,Mark flees from these hard high school.,411,-6.34375,-6.84375,-57.25,-61.75,"tensor(-8.5000, device='cuda:0', dtype=torch.bfloat16);tensor(-14.4375, device='cuda:0', dtype=torch.bfloat16);tensor(-0.7500, device='cuda:0', dtype=torch.bfloat16);tensor(-2.5625, device='cuda:0', dtype=torch.bfloat16);tensor(-6.6562, device='cuda:0', dtype=torch.bfloat16);tensor(-8.0625, device='cuda:0', dtype=torch.bfloat16);tensor(-9.3750, device='cuda:0', dtype=torch.bfloat16);tensor(-2.5625, device='cuda:0', dtype=torch.bfloat16);tensor(-4.2500, device='cuda:0', dtype=torch.bfloat16)","tensor(-8.5000, device='cuda:0', dtype=torch.bfloat16);tensor(-14.4375, device='cuda:0', dtype=torch.bfloat16);tensor(-0.7500, device='cuda:0', dtype=torch.bfloat16);tensor(-2.5625, device='cuda:0', dtype=torch.bfloat16);tensor(-8.1250, device='cuda:0', dtype=torch.bfloat16);tensor(-7.5625, device='cuda:0', dtype=torch.bfloat16);tensor(-9.3750, device='cuda:0', dtype=torch.bfloat16);tensor(-3.6250, device='cuda:0', dtype=torch.bfloat16);tensor(-6.7812, device='cuda:0', dtype=torch.bfloat16)",blimp
determiner_noun_agreement_with_adj_2,Brian is investigating those bad adults.,Brian is investigating that bad adults.,678,-7.625,-8.3125,-53.25,-58.25,"tensor(-8.8750, device='cuda:0', dtype=torch.bfloat16);tensor(-5.0625, device='cuda:0', dtype=torch.bfloat16);tensor(-8.2500, device='cuda:0', dtype=torch.bfloat16);tensor(-10.7500, device='cuda:0', dtype=torch.bfloat16);tensor(-7.9688, device='cuda:0', dtype=torch.bfloat16);tensor(-9.2500, device='cuda:0', dtype=torch.bfloat16);tensor(-3.1250, device='cuda:0', dtype=torch.bfloat16)","tensor(-8.8750, device='cuda:0', dtype=torch.bfloat16);tensor(-5.0625, device='cuda:0', dtype=torch.bfloat16);tensor(-8.2500, device='cuda:0', dtype=torch.bfloat16);tensor(-9.0625, device='cuda:0', dtype=torch.bfloat16);tensor(-9.3750, device='cuda:0', dtype=torch.bfloat16);tensor(-10.8125, device='cuda:0', dtype=torch.bfloat16);tensor(-6.8750, device='cuda:0', dtype=torch.bfloat16)",blimp
determiner_noun_agreement_with_adj_2,The library should like this troubled cashier.,The library should like these troubled cashier.,626,-7.53125,-8.25,-60.25,-66.0,"tensor(-3.5625, device='cuda:0', dtype=torch.bfloat16);tensor(-8.1875, device='cuda:0', dtype=torch.bfloat16);tensor(-7.5000, device='cuda:0', dtype=torch.bfloat16);tensor(-9.2500, device='cuda:0', dtype=torch.bfloat16);tensor(-2.8125, device='cuda:0', dtype=torch.bfloat16);tensor(-13.0625, device='cuda:0', dtype=torch.bfloat16);tensor(-12.4375, device='cuda:0', dtype=torch.bfloat16);tensor(-3.5000, device='cuda:0', dtype=torch.bfloat16)","tensor(-3.5625, device='cuda:0', dtype=torch.bfloat16);tensor(-8.1875, device='cuda:0', dtype=torch.bfloat16);tensor(-7.5000, device='cuda:0', dtype=torch.bfloat16);tensor(-9.2500, device='cuda:0', dtype=torch.bfloat16);tensor(-5.6562, device='cuda:0', dtype=torch.bfloat16);tensor(-12.3750, device='cuda:0', dtype=torch.bfloat16);tensor(-14.5000, device='cuda:0', dtype=torch.bfloat16);tensor(-4.8125, device='cuda:0', dtype=torch.bfloat16)",blimp
determiner_noun_agreement_with_adj_2,Jesus shouldn't take this lost brochure.,Jesus shouldn't take these lost brochure.,513,-7.4375,-8.0,-59.5,-64.0,"tensor(-9.2500, device='cuda:0', dtype=torch.bfloat16);tensor(-13.6875, device='cuda:0', dtype=torch.bfloat16);tensor(-0.8750, device='cuda:0', dtype=torch.bfloat16);tensor(-5., device='cuda:0', dtype=torch.bfloat16);tensor(-4.1875, device='cuda:0', dtype=torch.bfloat16);tensor(-10.7500, device='cuda:0', dtype=torch.bfloat16);tensor(-10.7500, device='cuda:0', dtype=torch.bfloat16);tensor(-5.1250, device='cuda:0', dtype=torch.bfloat16)","tensor(-9.2500, device='cuda:0', dtype=torch.bfloat16);tensor(-13.6875, device='cuda:0', dtype=torch.bfloat16);tensor(-0.8750, device='cuda:0', dtype=torch.bfloat16);tensor(-5., device='cuda:0', dtype=torch.bfloat16);tensor(-5.7500, device='cuda:0', dtype=torch.bfloat16);tensor(-9.7500, device='cuda:0', dtype=torch.bfloat16);tensor(-14.1875, device='cuda:0', dtype=torch.bfloat16);tensor(-5.6250, device='cuda:0', dtype=torch.bfloat16)",blimp
determiner_noun_agreement_with_adj_2,A lady has helped these nice girls.,A lady has helped this nice girls.,859,-6.875,-7.1875,-55.0,-57.5,"tensor(-5.5625, device='cuda:0', dtype=torch.bfloat16);tensor(-8.8750, device='cuda:0', dtype=torch.bfloat16);tensor(-3., device='cuda:0', dtype=torch.bfloat16);tensor(-9.1875, device='cuda:0', dtype=torch.bfloat16);tensor(-8.1250, device='cuda:0', dtype=torch.bfloat16);tensor(-9., device='cuda:0', dtype=torch.bfloat16);tensor(-5.0625, device='cuda:0', dtype=torch.bfloat16);tensor(-6.1875, device='cuda:0', dtype=torch.bfloat16)","tensor(-5.5625, device='cuda:0', dtype=torch.bfloat16);tensor(-8.8750, device='cuda:0', dtype=torch.bfloat16);tensor(-3., device='cuda:0', dtype=torch.bfloat16);tensor(-9.1875, device='cuda:0', dtype=torch.bfloat16);tensor(-7.1562, device='cuda:0', dtype=torch.bfloat16);tensor(-9., device='cuda:0', dtype=torch.bfloat16);tensor(-8.5000, device='cuda:0', dtype=torch.bfloat16);tensor(-6.1875, device='cuda:0', dtype=torch.bfloat16)",blimp
determiner_noun_agreement_with_adj_2,Many students describe these concealed high schools.,Many students describe this concealed high schools.,136,-6.875,-7.03125,-55.0,-56.25,"tensor(-7.5000, device='cuda:0', dtype=torch.bfloat16);tensor(-4.2500, device='cuda:0', dtype=torch.bfloat16);tensor(-7.8750, device='cuda:0', dtype=torch.bfloat16);tensor(-5.8125, device='cuda:0', dtype=torch.bfloat16);tensor(-13.6250, device='cuda:0', dtype=torch.bfloat16);tensor(-7.0625, device='cuda:0', dtype=torch.bfloat16);tensor(-1.8125, device='cuda:0', dtype=torch.bfloat16);tensor(-7.1250, device='cuda:0', dtype=torch.bfloat16)","tensor(-7.5000, device='cuda:0', dtype=torch.bfloat16);tensor(-4.2500, device='cuda:0', dtype=torch.bfloat16);tensor(-7.8750, device='cuda:0', dtype=torch.bfloat16);tensor(-4.0625, device='cuda:0', dtype=torch.bfloat16);tensor(-14.8125, device='cuda:0', dtype=torch.bfloat16);tensor(-6.9375, device='cuda:0', dtype=torch.bfloat16);tensor(-4.6875, device='cuda:0', dtype=torch.bfloat16);tensor(-6.1250, device='cuda:0', dtype=torch.bfloat16)",blimp
determiner_noun_agreement_with_adj_irregular_1,Most pedestrians criticize these bad men.,Most pedestrians criticize these bad man.,521,-7.78125,-8.5,-54.5,-59.25,"tensor(-7.6250, device='cuda:0', dtype=torch.bfloat16);tensor(-9.8750, device='cuda:0', dtype=torch.bfloat16);tensor(-12.1250, device='cuda:0', dtype=torch.bfloat16);tensor(-6.3750, device='cuda:0', dtype=torch.bfloat16);tensor(-7.7188, device='cuda:0', dtype=torch.bfloat16);tensor(-7.1875, device='cuda:0', dtype=torch.bfloat16);tensor(-3.5625, device='cuda:0', dtype=torch.bfloat16)","tensor(-7.6250, device='cuda:0', dtype=torch.bfloat16);tensor(-9.8750, device='cuda:0', dtype=torch.bfloat16);tensor(-12.1250, device='cuda:0', dtype=torch.bfloat16);tensor(-6.3750, device='cuda:0', dtype=torch.bfloat16);tensor(-7.7188, device='cuda:0', dtype=torch.bfloat16);tensor(-7.6250, device='cuda:0', dtype=torch.bfloat16);tensor(-8., device='cuda:0', dtype=torch.bfloat16)",blimp
determiner_noun_agreement_with_adj_irregular_1,Andrew had approached that small man.,Andrew had approached that small men.,737,-7.65625,-8.0625,-53.5,-56.5,"tensor(-8.5625, device='cuda:0', dtype=torch.bfloat16);tensor(-8.8125, device='cuda:0', dtype=torch.bfloat16);tensor(-7.8438, device='cuda:0', dtype=torch.bfloat16);tensor(-10.1875, device='cuda:0', dtype=torch.bfloat16);tensor(-7.2500, device='cuda:0', dtype=torch.bfloat16);tensor(-5.5000, device='cuda:0', dtype=torch.bfloat16);tensor(-5.3750, device='cuda:0', dtype=torch.bfloat16)","tensor(-8.5625, device='cuda:0', dtype=torch.bfloat16);tensor(-8.8125, device='cuda:0', dtype=torch.bfloat16);tensor(-7.8438, device='cuda:0', dtype=torch.bfloat16);tensor(-10.1875, device='cuda:0', dtype=torch.bfloat16);tensor(-7.2500, device='cuda:0', dtype=torch.bfloat16);tensor(-7.5625, device='cuda:0', dtype=torch.bfloat16);tensor(-6.3750, device='cuda:0', dtype=torch.bfloat16)",blimp
determiner_noun_agreement_with_adj_irregular_1,Those girls exit this brown oasis.,Those girls exit this brown oases.,740,-8.6875,-7.8125,-61.0,-62.5,"tensor(-8.6875, device='cuda:0', dtype=torch.bfloat16);tensor(-7.9688, device='cuda:0', dtype=torch.bfloat16);tensor(-11.8750, device='cuda:0', dtype=torch.bfloat16);tensor(-5.4688, device='cuda:0', dtype=torch.bfloat16);tensor(-10.9375, device='cuda:0', dtype=torch.bfloat16);tensor(-11.4375, device='cuda:0', dtype=torch.bfloat16);tensor(-4.5938, device='cuda:0', dtype=torch.bfloat16)","tensor(-8.6875, device='cuda:0', dtype=torch.bfloat16);tensor(-7.9688, device='cuda:0', dtype=torch.bfloat16);tensor(-11.8750, device='cuda:0', dtype=torch.bfloat16);tensor(-5.4688, device='cuda:0', dtype=torch.bfloat16);tensor(-10.9375, device='cuda:0', dtype=torch.bfloat16);tensor(-7.8750, device='cuda:0', dtype=torch.bfloat16);tensor(-5.5000, device='cuda:0', dtype=torch.bfloat16);tensor(-4.0938, device='cuda:0', dtype=torch.bfloat16)",blimp
determiner_noun_agreement_with_adj_irregular_1,Debra hadn't hugged these content children.,Debra hadn't hugged these content child.,660,-7.59375,-7.875,-68.5,-71.0,"tensor(-7.5938, device='cuda:0', dtype=torch.bfloat16);tensor(-5.5625, device='cuda:0', dtype=torch.bfloat16);tensor(-13.1875, device='cuda:0', dtype=torch.bfloat16);tensor(-0.6250, device='cuda:0', dtype=torch.bfloat16);tensor(-9.5000, device='cuda:0', dtype=torch.bfloat16);tensor(-7.9688, device='cuda:0', dtype=torch.bfloat16);tensor(-13.1875, device='cuda:0', dtype=torch.bfloat16);tensor(-4.3125, device='cuda:0', dtype=torch.bfloat16);tensor(-6.4375, device='cuda:0', dtype=torch.bfloat16)","tensor(-7.5938, device='cuda:0', dtype=torch.bfloat16);tensor(-5.5625, device='cuda:0', dtype=torch.bfloat16);tensor(-13.1875, device='cuda:0', dtype=torch.bfloat16);tensor(-0.6250, device='cuda:0', dtype=torch.bfloat16);tensor(-9.5000, device='cuda:0', dtype=torch.bfloat16);tensor(-7.9688, device='cuda:0', dtype=torch.bfloat16);tensor(-13.1875, device='cuda:0', dtype=torch.bfloat16);tensor(-7.8438, device='cuda:0', dtype=torch.bfloat16);tensor(-5.4688, device='cuda:0', dtype=torch.bfloat16)",blimp
determiner_noun_agreement_with_adj_irregular_1,Sonia hides these hard nuclei.,Sonia hides these hard nucleus.,411,-8.75,-8.75,-61.25,-61.25,"tensor(-6.3125, device='cuda:0', dtype=torch.bfloat16);tensor(-7., device='cuda:0', dtype=torch.bfloat16);tensor(-13.2500, device='cuda:0', dtype=torch.bfloat16);tensor(-9.5000, device='cuda:0', dtype=torch.bfloat16);tensor(-8.0625, device='cuda:0', dtype=torch.bfloat16);tensor(-12.6875, device='cuda:0', dtype=torch.bfloat16);tensor(-4.3750, device='cuda:0', dtype=torch.bfloat16)","tensor(-6.3125, device='cuda:0', dtype=torch.bfloat16);tensor(-7., device='cuda:0', dtype=torch.bfloat16);tensor(-13.2500, device='cuda:0', dtype=torch.bfloat16);tensor(-9.5000, device='cuda:0', dtype=torch.bfloat16);tensor(-8.0625, device='cuda:0', dtype=torch.bfloat16);tensor(-12.7500, device='cuda:0', dtype=torch.bfloat16);tensor(-4.3750, device='cuda:0', dtype=torch.bfloat16)",blimp
determiner_noun_agreement_with_adj_irregular_1,Beth hugged that nice child.,Beth hugged that nice children.,678,-8.9375,-9.4375,-53.5,-56.5,"tensor(-9.5625, device='cuda:0', dtype=torch.bfloat16);tensor(-16.1250, device='cuda:0', dtype=torch.bfloat16);tensor(-8.6250, device='cuda:0', dtype=torch.bfloat16);tensor(-8.4375, device='cuda:0', dtype=torch.bfloat16);tensor(-6.9688, device='cuda:0', dtype=torch.bfloat16);tensor(-3.8125, device='cuda:0', dtype=torch.bfloat16)","tensor(-9.5625, device='cuda:0', dtype=torch.bfloat16);tensor(-16.1250, device='cuda:0', dtype=torch.bfloat16);tensor(-8.6250, device='cuda:0', dtype=torch.bfloat16);tensor(-8.4375, device='cuda:0', dtype=torch.bfloat16);tensor(-8.5000, device='cuda:0', dtype=torch.bfloat16);tensor(-5.3750, device='cuda:0', dtype=torch.bfloat16)",blimp
determiner_noun_agreement_with_adj_irregular_1,Many actresses conceal these long analyses.,Many actresses conceal these long analysis.,626,-9.0,-9.0625,-63.0,-63.5,"tensor(-7.5000, device='cuda:0', dtype=torch.bfloat16);tensor(-10.7500, device='cuda:0', dtype=torch.bfloat16);tensor(-11.7500, device='cuda:0', dtype=torch.bfloat16);tensor(-7.1875, device='cuda:0', dtype=torch.bfloat16);tensor(-8.3750, device='cuda:0', dtype=torch.bfloat16);tensor(-13.5000, device='cuda:0', dtype=torch.bfloat16);tensor(-4., device='cuda:0', dtype=torch.bfloat16)","tensor(-7.5000, device='cuda:0', dtype=torch.bfloat16);tensor(-10.7500, device='cuda:0', dtype=torch.bfloat16);tensor(-11.7500, device='cuda:0', dtype=torch.bfloat16);tensor(-7.1875, device='cuda:0', dtype=torch.bfloat16);tensor(-8.3750, device='cuda:0', dtype=torch.bfloat16);tensor(-13.8125, device='cuda:0', dtype=torch.bfloat16);tensor(-4.1250, device='cuda:0', dtype=torch.bfloat16)",blimp
determiner_noun_agreement_with_adj_irregular_1,Diane respected those unemployed alumni.,Diane respected those unemployed alumnus.,513,-8.125,-6.96875,-56.75,-62.5,"tensor(-6.5625, device='cuda:0', dtype=torch.bfloat16);tensor(-5.1875, device='cuda:0', dtype=torch.bfloat16);tensor(-14.5625, device='cuda:0', dtype=torch.bfloat16);tensor(-6.3125, device='cuda:0', dtype=torch.bfloat16);tensor(-11., device='cuda:0', dtype=torch.bfloat16);tensor(-8.3750, device='cuda:0', dtype=torch.bfloat16);tensor(-4.6875, device='cuda:0', dtype=torch.bfloat16)","tensor(-6.5625, device='cuda:0', dtype=torch.bfloat16);tensor(-5.1875, device='cuda:0', dtype=torch.bfloat16);tensor(-14.5625, device='cuda:0', dtype=torch.bfloat16);tensor(-6.3125, device='cuda:0', dtype=torch.bfloat16);tensor(-11., device='cuda:0', dtype=torch.bfloat16);tensor(-11.1250, device='cuda:0', dtype=torch.bfloat16);tensor(-3.1250, device='cuda:0', dtype=torch.bfloat16);tensor(-0.3750, device='cuda:0', dtype=torch.bfloat16);tensor(-4.3750, device='cuda:0', dtype=torch.bfloat16)",blimp
determiner_noun_agreement_with_adj_irregular_1,Carl hasn't found that lost child.,Carl hasn't found that lost children.,859,-6.5625,-7.25,-52.5,-58.0,"tensor(-9.1250, device='cuda:0', dtype=torch.bfloat16);tensor(-12.5000, device='cuda:0', dtype=torch.bfloat16);tensor(-0.3750, device='cuda:0', dtype=torch.bfloat16);tensor(-5.8125, device='cuda:0', dtype=torch.bfloat16);tensor(-5., device='cuda:0', dtype=torch.bfloat16);tensor(-8.4375, device='cuda:0', dtype=torch.bfloat16);tensor(-6.8125, device='cuda:0', dtype=torch.bfloat16);tensor(-4.3125, device='cuda:0', dtype=torch.bfloat16)","tensor(-9.1250, device='cuda:0', dtype=torch.bfloat16);tensor(-12.5000, device='cuda:0', dtype=torch.bfloat16);tensor(-0.3750, device='cuda:0', dtype=torch.bfloat16);tensor(-5.8125, device='cuda:0', dtype=torch.bfloat16);tensor(-5., device='cuda:0', dtype=torch.bfloat16);tensor(-8.4375, device='cuda:0', dtype=torch.bfloat16);tensor(-9.6250, device='cuda:0', dtype=torch.bfloat16);tensor(-7.1875, device='cuda:0', dtype=torch.bfloat16)",blimp
determiner_noun_agreement_with_adj_irregular_1,Jerry isn't cleaning those hard teeth.,Jerry isn't cleaning those hard tooth.,136,-7.8125,-8.125,-62.5,-65.0,"tensor(-9.9375, device='cuda:0', dtype=torch.bfloat16);tensor(-11.8125, device='cuda:0', dtype=torch.bfloat16);tensor(-0.5000, device='cuda:0', dtype=torch.bfloat16);tensor(-9.3750, device='cuda:0', dtype=torch.bfloat16);tensor(-7.3125, device='cuda:0', dtype=torch.bfloat16);tensor(-6.8125, device='cuda:0', dtype=torch.bfloat16);tensor(-14., device='cuda:0', dtype=torch.bfloat16);tensor(-2.6875, device='cuda:0', dtype=torch.bfloat16)","tensor(-9.9375, device='cuda:0', dtype=torch.bfloat16);tensor(-11.8125, device='cuda:0', dtype=torch.bfloat16);tensor(-0.5000, device='cuda:0', dtype=torch.bfloat16);tensor(-9.3750, device='cuda:0', dtype=torch.bfloat16);tensor(-7.3125, device='cuda:0', dtype=torch.bfloat16);tensor(-6.8125, device='cuda:0', dtype=torch.bfloat16);tensor(-13.5000, device='cuda:0', dtype=torch.bfloat16);tensor(-5.9375, device='cuda:0', dtype=torch.bfloat16)",blimp
determiner_noun_agreement_with_adj_irregular_2,Tina might confuse this exposed child.,Tina might confuse these exposed child.,521,-8.5625,-8.75,-68.5,-70.0,"tensor(-7.0938, device='cuda:0', dtype=torch.bfloat16);tensor(-5.7500, device='cuda:0', dtype=torch.bfloat16);tensor(-12.3125, device='cuda:0', dtype=torch.bfloat16);tensor(-9.5000, device='cuda:0', dtype=torch.bfloat16);tensor(-4.1875, device='cuda:0', dtype=torch.bfloat16);tensor(-14.2500, device='cuda:0', dtype=torch.bfloat16);tensor(-9.0625, device='cuda:0', dtype=torch.bfloat16);tensor(-6.4688, device='cuda:0', dtype=torch.bfloat16)","tensor(-7.0938, device='cuda:0', dtype=torch.bfloat16);tensor(-5.7500, device='cuda:0', dtype=torch.bfloat16);tensor(-12.3125, device='cuda:0', dtype=torch.bfloat16);tensor(-9.5000, device='cuda:0', dtype=torch.bfloat16);tensor(-5.1875, device='cuda:0', dtype=torch.bfloat16);tensor(-13.6875, device='cuda:0', dtype=torch.bfloat16);tensor(-9.3750, device='cuda:0', dtype=torch.bfloat16);tensor(-6.9688, device='cuda:0', dtype=torch.bfloat16)",blimp
determiner_noun_agreement_with_adj_irregular_2,Actresses discuss this popular person.,Actresses discuss these popular person.,737,-7.71875,-8.3125,-54.0,-58.25,"tensor(-9.1250, device='cuda:0', dtype=torch.bfloat16);tensor(-4.0625, device='cuda:0', dtype=torch.bfloat16);tensor(-8.2500, device='cuda:0', dtype=torch.bfloat16);tensor(-8.9375, device='cuda:0', dtype=torch.bfloat16);tensor(-7.6562, device='cuda:0', dtype=torch.bfloat16);tensor(-10.2500, device='cuda:0', dtype=torch.bfloat16);tensor(-5.7188, device='cuda:0', dtype=torch.bfloat16)","tensor(-9.1250, device='cuda:0', dtype=torch.bfloat16);tensor(-4.0625, device='cuda:0', dtype=torch.bfloat16);tensor(-8.2500, device='cuda:0', dtype=torch.bfloat16);tensor(-9.5625, device='cuda:0', dtype=torch.bfloat16);tensor(-7.3750, device='cuda:0', dtype=torch.bfloat16);tensor(-12.1875, device='cuda:0', dtype=torch.bfloat16);tensor(-7.6562, device='cuda:0', dtype=torch.bfloat16)",blimp
determiner_noun_agreement_with_adj_irregular_2,Bill passes that rough oasis.,Bill passes those rough oasis.,740,-9.6875,-10.0,-58.25,-60.0,"tensor(-8.8750, device='cuda:0', dtype=torch.bfloat16);tensor(-8.8750, device='cuda:0', dtype=torch.bfloat16);tensor(-3.8125, device='cuda:0', dtype=torch.bfloat16);tensor(-14.3750, device='cuda:0', dtype=torch.bfloat16);tensor(-16.2500, device='cuda:0', dtype=torch.bfloat16);tensor(-6.0625, device='cuda:0', dtype=torch.bfloat16)","tensor(-8.8750, device='cuda:0', dtype=torch.bfloat16);tensor(-8.8750, device='cuda:0', dtype=torch.bfloat16);tensor(-12.0625, device='cuda:0', dtype=torch.bfloat16);tensor(-9.1250, device='cuda:0', dtype=torch.bfloat16);tensor(-15.1250, device='cuda:0', dtype=torch.bfloat16);tensor(-5.8125, device='cuda:0', dtype=torch.bfloat16)",blimp
determiner_noun_agreement_with_adj_irregular_2,Katherine was cleaning this orange tooth.,Katherine was cleaning these orange tooth.,660,-7.625,-7.96875,-61.0,-63.75,"tensor(-6.6875, device='cuda:0', dtype=torch.bfloat16);tensor(-4.8125, device='cuda:0', dtype=torch.bfloat16);tensor(-6.6875, device='cuda:0', dtype=torch.bfloat16);tensor(-9., device='cuda:0', dtype=torch.bfloat16);tensor(-7.4375, device='cuda:0', dtype=torch.bfloat16);tensor(-9.1250, device='cuda:0', dtype=torch.bfloat16);tensor(-10.1250, device='cuda:0', dtype=torch.bfloat16);tensor(-7., device='cuda:0', dtype=torch.bfloat16)","tensor(-6.6875, device='cuda:0', dtype=torch.bfloat16);tensor(-4.8125, device='cuda:0', dtype=torch.bfloat16);tensor(-6.6875, device='cuda:0', dtype=torch.bfloat16);tensor(-9., device='cuda:0', dtype=torch.bfloat16);tensor(-9.4375, device='cuda:0', dtype=torch.bfloat16);tensor(-7.7500, device='cuda:0', dtype=torch.bfloat16);tensor(-8.9375, device='cuda:0', dtype=torch.bfloat16);tensor(-10.3750, device='cuda:0', dtype=torch.bfloat16)",blimp
determiner_noun_agreement_with_adj_irregular_2,Phillip discovers these busy women.,Phillip discovers this busy women.,411,-7.9375,-8.3125,-55.5,-58.25,"tensor(-10.2500, device='cuda:0', dtype=torch.bfloat16);tensor(-1.1250, device='cuda:0', dtype=torch.bfloat16);tensor(-12.5625, device='cuda:0', dtype=torch.bfloat16);tensor(-8.6250, device='cuda:0', dtype=torch.bfloat16);tensor(-10.6250, device='cuda:0', dtype=torch.bfloat16);tensor(-6.0625, device='cuda:0', dtype=torch.bfloat16);tensor(-6.3125, device='cuda:0', dtype=torch.bfloat16)","tensor(-10.2500, device='cuda:0', dtype=torch.bfloat16);tensor(-1.1250, device='cuda:0', dtype=torch.bfloat16);tensor(-12.5625, device='cuda:0', dtype=torch.bfloat16);tensor(-6.5938, device='cuda:0', dtype=torch.bfloat16);tensor(-9.8125, device='cuda:0', dtype=torch.bfloat16);tensor(-9.1250, device='cuda:0', dtype=torch.bfloat16);tensor(-8.7500, device='cuda:0', dtype=torch.bfloat16)",blimp
determiner_noun_agreement_with_adj_irregular_2,Some waiters hug this content alumnus.,Some waiters hug these content alumnus.,678,-6.875,-7.125,-68.5,-71.0,"tensor(-7.7500, device='cuda:0', dtype=torch.bfloat16);tensor(-11.5625, device='cuda:0', dtype=torch.bfloat16);tensor(-1.3750, device='cuda:0', dtype=torch.bfloat16);tensor(-11.3125, device='cuda:0', dtype=torch.bfloat16);tensor(-8., device='cuda:0', dtype=torch.bfloat16);tensor(-9.0625, device='cuda:0', dtype=torch.bfloat16);tensor(-10.5000, device='cuda:0', dtype=torch.bfloat16);tensor(-5.4375, device='cuda:0', dtype=torch.bfloat16);tensor(-0.3125, device='cuda:0', dtype=torch.bfloat16);tensor(-3.3125, device='cuda:0', dtype=torch.bfloat16)","tensor(-7.7500, device='cuda:0', dtype=torch.bfloat16);tensor(-11.5625, device='cuda:0', dtype=torch.bfloat16);tensor(-1.3750, device='cuda:0', dtype=torch.bfloat16);tensor(-11.3125, device='cuda:0', dtype=torch.bfloat16);tensor(-7.3438, device='cuda:0', dtype=torch.bfloat16);tensor(-11.8750, device='cuda:0', dtype=torch.bfloat16);tensor(-11.6875, device='cuda:0', dtype=torch.bfloat16);tensor(-4.5625, device='cuda:0', dtype=torch.bfloat16);tensor(-0.3750, device='cuda:0', dtype=torch.bfloat16);tensor(-3.2500, device='cuda:0', dtype=torch.bfloat16)",blimp
determiner_noun_agreement_with_adj_irregular_2,Kristin wasn't kissing those small men.,Kristin wasn't kissing that small men.,626,-6.53125,-6.75,-59.0,-60.75,"tensor(-9.7500, device='cuda:0', dtype=torch.bfloat16);tensor(-1.6875, device='cuda:0', dtype=torch.bfloat16);tensor(-11.2500, device='cuda:0', dtype=torch.bfloat16);tensor(-0.7500, device='cuda:0', dtype=torch.bfloat16);tensor(-11., device='cuda:0', dtype=torch.bfloat16);tensor(-7.1875, device='cuda:0', dtype=torch.bfloat16);tensor(-8.2500, device='cuda:0', dtype=torch.bfloat16);tensor(-5.1875, device='cuda:0', dtype=torch.bfloat16);tensor(-3.8125, device='cuda:0', dtype=torch.bfloat16)","tensor(-9.7500, device='cuda:0', dtype=torch.bfloat16);tensor(-1.6875, device='cuda:0', dtype=torch.bfloat16);tensor(-11.2500, device='cuda:0', dtype=torch.bfloat16);tensor(-0.7500, device='cuda:0', dtype=torch.bfloat16);tensor(-11., device='cuda:0', dtype=torch.bfloat16);tensor(-4.8750, device='cuda:0', dtype=torch.bfloat16);tensor(-8.3125, device='cuda:0', dtype=torch.bfloat16);tensor(-8.5000, device='cuda:0', dtype=torch.bfloat16);tensor(-4.6875, device='cuda:0', dtype=torch.bfloat16)",blimp
determiner_noun_agreement_with_adj_irregular_2,A waiter brought those purple teeth.,A waiter brought that purple teeth.,513,-7.96875,-8.1875,-55.75,-57.5,"tensor(-5.5625, device='cuda:0', dtype=torch.bfloat16);tensor(-11.5000, device='cuda:0', dtype=torch.bfloat16);tensor(-5.3125, device='cuda:0', dtype=torch.bfloat16);tensor(-8.8750, device='cuda:0', dtype=torch.bfloat16);tensor(-10.1250, device='cuda:0', dtype=torch.bfloat16);tensor(-9.3750, device='cuda:0', dtype=torch.bfloat16);tensor(-5., device='cuda:0', dtype=torch.bfloat16)","tensor(-5.5625, device='cuda:0', dtype=torch.bfloat16);tensor(-11.5000, device='cuda:0', dtype=torch.bfloat16);tensor(-5.3125, device='cuda:0', dtype=torch.bfloat16);tensor(-8.1250, device='cuda:0', dtype=torch.bfloat16);tensor(-10.8750, device='cuda:0', dtype=torch.bfloat16);tensor(-11.5000, device='cuda:0', dtype=torch.bfloat16);tensor(-4.5000, device='cuda:0', dtype=torch.bfloat16)",blimp
determiner_noun_agreement_with_adj_irregular_2,Lawrence isn't questioning that nice woman.,Lawrence isn't questioning those nice woman.,859,-6.71875,-7.28125,-60.5,-65.5,"tensor(-8.4375, device='cuda:0', dtype=torch.bfloat16);tensor(-2.3125, device='cuda:0', dtype=torch.bfloat16);tensor(-10.8750, device='cuda:0', dtype=torch.bfloat16);tensor(-0.5000, device='cuda:0', dtype=torch.bfloat16);tensor(-11., device='cuda:0', dtype=torch.bfloat16);tensor(-4.3125, device='cuda:0', dtype=torch.bfloat16);tensor(-12.4375, device='cuda:0', dtype=torch.bfloat16);tensor(-6.7500, device='cuda:0', dtype=torch.bfloat16);tensor(-3.8125, device='cuda:0', dtype=torch.bfloat16)","tensor(-8.4375, device='cuda:0', dtype=torch.bfloat16);tensor(-2.3125, device='cuda:0', dtype=torch.bfloat16);tensor(-10.8750, device='cuda:0', dtype=torch.bfloat16);tensor(-0.5000, device='cuda:0', dtype=torch.bfloat16);tensor(-11., device='cuda:0', dtype=torch.bfloat16);tensor(-6.5938, device='cuda:0', dtype=torch.bfloat16);tensor(-11.4375, device='cuda:0', dtype=torch.bfloat16);tensor(-9.6875, device='cuda:0', dtype=torch.bfloat16);tensor(-4.5625, device='cuda:0', dtype=torch.bfloat16)",blimp
determiner_noun_agreement_with_adj_irregular_2,Eva has exited those smooth oases.,Eva has exited that smooth oases.,136,-7.34375,-7.21875,-66.0,-65.0,"tensor(-7.1562, device='cuda:0', dtype=torch.bfloat16);tensor(-5.0625, device='cuda:0', dtype=torch.bfloat16);tensor(-5.3750, device='cuda:0', dtype=torch.bfloat16);tensor(-11.3125, device='cuda:0', dtype=torch.bfloat16);tensor(-10.3125, device='cuda:0', dtype=torch.bfloat16);tensor(-10.3750, device='cuda:0', dtype=torch.bfloat16);tensor(-7.3125, device='cuda:0', dtype=torch.bfloat16);tensor(-4.5625, device='cuda:0', dtype=torch.bfloat16);tensor(-4.5625, device='cuda:0', dtype=torch.bfloat16)","tensor(-7.1562, device='cuda:0', dtype=torch.bfloat16);tensor(-5.0625, device='cuda:0', dtype=torch.bfloat16);tensor(-5.3750, device='cuda:0', dtype=torch.bfloat16);tensor(-11.3125, device='cuda:0', dtype=torch.bfloat16);tensor(-7.6250, device='cuda:0', dtype=torch.bfloat16);tensor(-10.1875, device='cuda:0', dtype=torch.bfloat16);tensor(-7.8750, device='cuda:0', dtype=torch.bfloat16);tensor(-6.5000, device='cuda:0', dtype=torch.bfloat16);tensor(-3.9688, device='cuda:0', dtype=torch.bfloat16)",blimp
determiner_noun_agreement_with_adjective_1,The box stunned that important school.,The box stunned that important schools.,521,-8.125,-8.25,-57.0,-57.5,"tensor(-3.5625, device='cuda:0', dtype=torch.bfloat16);tensor(-9.3750, device='cuda:0', dtype=torch.bfloat16);tensor(-14., device='cuda:0', dtype=torch.bfloat16);tensor(-7., device='cuda:0', dtype=torch.bfloat16);tensor(-9.2500, device='cuda:0', dtype=torch.bfloat16);tensor(-8.1875, device='cuda:0', dtype=torch.bfloat16);tensor(-5.5625, device='cuda:0', dtype=torch.bfloat16)","tensor(-3.5625, device='cuda:0', dtype=torch.bfloat16);tensor(-9.3750, device='cuda:0', dtype=torch.bfloat16);tensor(-14., device='cuda:0', dtype=torch.bfloat16);tensor(-7., device='cuda:0', dtype=torch.bfloat16);tensor(-9.2500, device='cuda:0', dtype=torch.bfloat16);tensor(-9.1250, device='cuda:0', dtype=torch.bfloat16);tensor(-5.2812, device='cuda:0', dtype=torch.bfloat16)",blimp
determiner_noun_agreement_with_adjective_1,Colleen didn't attack that good actor.,Colleen didn't attack that good actors.,737,-6.375,-6.71875,-57.25,-60.5,"tensor(-8.6875, device='cuda:0', dtype=torch.bfloat16);tensor(-2.9375, device='cuda:0', dtype=torch.bfloat16);tensor(-10.1250, device='cuda:0', dtype=torch.bfloat16);tensor(-0.5000, device='cuda:0', dtype=torch.bfloat16);tensor(-9.2500, device='cuda:0', dtype=torch.bfloat16);tensor(-5.5000, device='cuda:0', dtype=torch.bfloat16);tensor(-9., device='cuda:0', dtype=torch.bfloat16);tensor(-8.1250, device='cuda:0', dtype=torch.bfloat16);tensor(-3.1875, device='cuda:0', dtype=torch.bfloat16)","tensor(-8.6875, device='cuda:0', dtype=torch.bfloat16);tensor(-2.9375, device='cuda:0', dtype=torch.bfloat16);tensor(-10.1250, device='cuda:0', dtype=torch.bfloat16);tensor(-0.5000, device='cuda:0', dtype=torch.bfloat16);tensor(-9.2500, device='cuda:0', dtype=torch.bfloat16);tensor(-5.5000, device='cuda:0', dtype=torch.bfloat16);tensor(-9., device='cuda:0', dtype=torch.bfloat16);tensor(-11.0625, device='cuda:0', dtype=torch.bfloat16);tensor(-3.3125, device='cuda:0', dtype=torch.bfloat16)",blimp
determiner_noun_agreement_with_adjective_1,That cilantro astounds that new museum.,That cilantro astounds that new museums.,740,-7.5,-7.4375,-67.5,-67.0,"tensor(-7.7500, device='cuda:0', dtype=torch.bfloat16);tensor(-12.7500, device='cuda:0', dtype=torch.bfloat16);tensor(-0.3750, device='cuda:0', dtype=torch.bfloat16);tensor(-13.1250, device='cuda:0', dtype=torch.bfloat16);tensor(-4.2500, device='cuda:0', dtype=torch.bfloat16);tensor(-7.7500, device='cuda:0', dtype=torch.bfloat16);tensor(-7.0625, device='cuda:0', dtype=torch.bfloat16);tensor(-10.8750, device='cuda:0', dtype=torch.bfloat16);tensor(-3.5625, device='cuda:0', dtype=torch.bfloat16)","tensor(-7.7500, device='cuda:0', dtype=torch.bfloat16);tensor(-12.7500, device='cuda:0', dtype=torch.bfloat16);tensor(-0.3750, device='cuda:0', dtype=torch.bfloat16);tensor(-13.1250, device='cuda:0', dtype=torch.bfloat16);tensor(-4.2500, device='cuda:0', dtype=torch.bfloat16);tensor(-7.7500, device='cuda:0', dtype=torch.bfloat16);tensor(-7.0625, device='cuda:0', dtype=torch.bfloat16);tensor(-10.8125, device='cuda:0', dtype=torch.bfloat16);tensor(-3.1250, device='cuda:0', dtype=torch.bfloat16)",blimp
determiner_noun_agreement_with_adjective_1,Vincent was cleaning that small glass.,Vincent was cleaning that small glasses.,660,-6.8125,-7.09375,-54.5,-56.75,"tensor(-9.5000, device='cuda:0', dtype=torch.bfloat16);tensor(-1.4375, device='cuda:0', dtype=torch.bfloat16);tensor(-6.6875, device='cuda:0', dtype=torch.bfloat16);tensor(-9.2500, device='cuda:0', dtype=torch.bfloat16);tensor(-9.1250, device='cuda:0', dtype=torch.bfloat16);tensor(-5.9375, device='cuda:0', dtype=torch.bfloat16);tensor(-4.8750, device='cuda:0', dtype=torch.bfloat16);tensor(-7.5625, device='cuda:0', dtype=torch.bfloat16)","tensor(-9.5000, device='cuda:0', dtype=torch.bfloat16);tensor(-1.4375, device='cuda:0', dtype=torch.bfloat16);tensor(-6.6875, device='cuda:0', dtype=torch.bfloat16);tensor(-9.2500, device='cuda:0', dtype=torch.bfloat16);tensor(-9.1250, device='cuda:0', dtype=torch.bfloat16);tensor(-5.9375, device='cuda:0', dtype=torch.bfloat16);tensor(-9.8750, device='cuda:0', dtype=torch.bfloat16);tensor(-4.8750, device='cuda:0', dtype=torch.bfloat16)",blimp
determiner_noun_agreement_with_adjective_1,Carla wouldn't hide this new plate.,Carla wouldn't hide this new plates.,411,-6.5625,-6.90625,-59.0,-62.25,"tensor(-7.8125, device='cuda:0', dtype=torch.bfloat16);tensor(-4.4375, device='cuda:0', dtype=torch.bfloat16);tensor(-14.2500, device='cuda:0', dtype=torch.bfloat16);tensor(-0.5000, device='cuda:0', dtype=torch.bfloat16);tensor(-8.1875, device='cuda:0', dtype=torch.bfloat16);tensor(-5.1250, device='cuda:0', dtype=torch.bfloat16);tensor(-6.1875, device='cuda:0', dtype=torch.bfloat16);tensor(-8.2500, device='cuda:0', dtype=torch.bfloat16);tensor(-4.1875, device='cuda:0', dtype=torch.bfloat16)","tensor(-7.8125, device='cuda:0', dtype=torch.bfloat16);tensor(-4.4375, device='cuda:0', dtype=torch.bfloat16);tensor(-14.2500, device='cuda:0', dtype=torch.bfloat16);tensor(-0.5000, device='cuda:0', dtype=torch.bfloat16);tensor(-8.1875, device='cuda:0', dtype=torch.bfloat16);tensor(-5.1250, device='cuda:0', dtype=torch.bfloat16);tensor(-6.1875, device='cuda:0', dtype=torch.bfloat16);tensor(-11.6875, device='cuda:0', dtype=torch.bfloat16);tensor(-4.0625, device='cuda:0', dtype=torch.bfloat16)",blimp
determiner_noun_agreement_with_adjective_1,Some essay isn't astounding those popular associations.,Some essay isn't astounding those popular association.,678,-8.0625,-8.3125,-73.0,-75.0,"tensor(-7.7500, device='cuda:0', dtype=torch.bfloat16);tensor(-10.5625, device='cuda:0', dtype=torch.bfloat16);tensor(-9., device='cuda:0', dtype=torch.bfloat16);tensor(-1.8750, device='cuda:0', dtype=torch.bfloat16);tensor(-10.6250, device='cuda:0', dtype=torch.bfloat16);tensor(-10.5000, device='cuda:0', dtype=torch.bfloat16);tensor(-11.2500, device='cuda:0', dtype=torch.bfloat16);tensor(-8.3750, device='cuda:0', dtype=torch.bfloat16);tensor(-2.8125, device='cuda:0', dtype=torch.bfloat16)","tensor(-7.7500, device='cuda:0', dtype=torch.bfloat16);tensor(-10.5625, device='cuda:0', dtype=torch.bfloat16);tensor(-9., device='cuda:0', dtype=torch.bfloat16);tensor(-1.8750, device='cuda:0', dtype=torch.bfloat16);tensor(-10.6250, device='cuda:0', dtype=torch.bfloat16);tensor(-10.5000, device='cuda:0', dtype=torch.bfloat16);tensor(-11.2500, device='cuda:0', dtype=torch.bfloat16);tensor(-9.7500, device='cuda:0', dtype=torch.bfloat16);tensor(-3.6250, device='cuda:0', dtype=torch.bfloat16)",blimp
determiner_noun_agreement_with_adjective_1,Carmen forgot this smart cashier.,Carmen forgot this smart cashiers.,626,-7.4375,-7.375,-59.5,-66.0,"tensor(-6.5625, device='cuda:0', dtype=torch.bfloat16);tensor(-5.1875, device='cuda:0', dtype=torch.bfloat16);tensor(-1.5000, device='cuda:0', dtype=torch.bfloat16);tensor(-13.8125, device='cuda:0', dtype=torch.bfloat16);tensor(-5.6250, device='cuda:0', dtype=torch.bfloat16);tensor(-10.8125, device='cuda:0', dtype=torch.bfloat16);tensor(-11., device='cuda:0', dtype=torch.bfloat16);tensor(-5.1250, device='cuda:0', dtype=torch.bfloat16)","tensor(-6.5625, device='cuda:0', dtype=torch.bfloat16);tensor(-5.1875, device='cuda:0', dtype=torch.bfloat16);tensor(-1.5000, device='cuda:0', dtype=torch.bfloat16);tensor(-13.8125, device='cuda:0', dtype=torch.bfloat16);tensor(-5.6250, device='cuda:0', dtype=torch.bfloat16);tensor(-10.8125, device='cuda:0', dtype=torch.bfloat16);tensor(-8.6875, device='cuda:0', dtype=torch.bfloat16);tensor(-7.5000, device='cuda:0', dtype=torch.bfloat16);tensor(-6.5625, device='cuda:0', dtype=torch.bfloat16)",blimp
determiner_noun_agreement_with_adjective_1,A lot of students hadn't respected that concealed restaurant.,A lot of students hadn't respected that concealed restaurants.,513,-6.4375,-6.5,-70.5,-71.5,"tensor(-5.5625, device='cuda:0', dtype=torch.bfloat16);tensor(-5.8750, device='cuda:0', dtype=torch.bfloat16);tensor(-0.1250, device='cuda:0', dtype=torch.bfloat16);tensor(-4.4375, device='cuda:0', dtype=torch.bfloat16);tensor(-11.2500, device='cuda:0', dtype=torch.bfloat16);tensor(-1.1250, device='cuda:0', dtype=torch.bfloat16);tensor(-9.8125, device='cuda:0', dtype=torch.bfloat16);tensor(-3.7500, device='cuda:0', dtype=torch.bfloat16);tensor(-13.8750, device='cuda:0', dtype=torch.bfloat16);tensor(-11.1875, device='cuda:0', dtype=torch.bfloat16);tensor(-3.6875, device='cuda:0', dtype=torch.bfloat16)","tensor(-5.5625, device='cuda:0', dtype=torch.bfloat16);tensor(-5.8750, device='cuda:0', dtype=torch.bfloat16);tensor(-0.1250, device='cuda:0', dtype=torch.bfloat16);tensor(-4.4375, device='cuda:0', dtype=torch.bfloat16);tensor(-11.2500, device='cuda:0', dtype=torch.bfloat16);tensor(-1.1250, device='cuda:0', dtype=torch.bfloat16);tensor(-9.8125, device='cuda:0', dtype=torch.bfloat16);tensor(-3.7500, device='cuda:0', dtype=torch.bfloat16);tensor(-13.8750, device='cuda:0', dtype=torch.bfloat16);tensor(-11.3750, device='cuda:0', dtype=torch.bfloat16);tensor(-4.2500, device='cuda:0', dtype=torch.bfloat16)",blimp
determiner_noun_agreement_with_adjective_1,This committee isn't describing this good pamphlet.,This committee isn't describing this good pamphlets.,859,-6.40625,-6.65625,-64.0,-66.5,"tensor(-4.7500, device='cuda:0', dtype=torch.bfloat16);tensor(-8.9375, device='cuda:0', dtype=torch.bfloat16);tensor(-10.1875, device='cuda:0', dtype=torch.bfloat16);tensor(-0.8750, device='cuda:0', dtype=torch.bfloat16);tensor(-11.7500, device='cuda:0', dtype=torch.bfloat16);tensor(-4.8438, device='cuda:0', dtype=torch.bfloat16);tensor(-8.2500, device='cuda:0', dtype=torch.bfloat16);tensor(-11.2500, device='cuda:0', dtype=torch.bfloat16);tensor(-0.1250, device='cuda:0', dtype=torch.bfloat16);tensor(-3.1250, device='cuda:0', dtype=torch.bfloat16)","tensor(-4.7500, device='cuda:0', dtype=torch.bfloat16);tensor(-8.9375, device='cuda:0', dtype=torch.bfloat16);tensor(-10.1875, device='cuda:0', dtype=torch.bfloat16);tensor(-0.8750, device='cuda:0', dtype=torch.bfloat16);tensor(-11.7500, device='cuda:0', dtype=torch.bfloat16);tensor(-4.8438, device='cuda:0', dtype=torch.bfloat16);tensor(-8.2500, device='cuda:0', dtype=torch.bfloat16);tensor(-11.2500, device='cuda:0', dtype=torch.bfloat16);tensor(-2.6250, device='cuda:0', dtype=torch.bfloat16);tensor(-3.1875, device='cuda:0', dtype=torch.bfloat16)",blimp
determiner_noun_agreement_with_adjective_1,Veronica can drive to these good restaurants.,Veronica can drive to these good restaurant.,136,-6.21875,-6.8125,-56.0,-61.5,"tensor(-9.3750, device='cuda:0', dtype=torch.bfloat16);tensor(-3.0625, device='cuda:0', dtype=torch.bfloat16);tensor(-7.5625, device='cuda:0', dtype=torch.bfloat16);tensor(-7., device='cuda:0', dtype=torch.bfloat16);tensor(-3.1250, device='cuda:0', dtype=torch.bfloat16);tensor(-9.3750, device='cuda:0', dtype=torch.bfloat16);tensor(-9.2500, device='cuda:0', dtype=torch.bfloat16);tensor(-3.1250, device='cuda:0', dtype=torch.bfloat16);tensor(-4., device='cuda:0', dtype=torch.bfloat16)","tensor(-9.3750, device='cuda:0', dtype=torch.bfloat16);tensor(-3.0625, device='cuda:0', dtype=torch.bfloat16);tensor(-7.5625, device='cuda:0', dtype=torch.bfloat16);tensor(-7., device='cuda:0', dtype=torch.bfloat16);tensor(-3.1250, device='cuda:0', dtype=torch.bfloat16);tensor(-9.3750, device='cuda:0', dtype=torch.bfloat16);tensor(-9.2500, device='cuda:0', dtype=torch.bfloat16);tensor(-7.5000, device='cuda:0', dtype=torch.bfloat16);tensor(-5.1875, device='cuda:0', dtype=torch.bfloat16)",blimp
distractor_agreement_relational_noun,The painting of the Lutherans does bother Matt.,The painting of the Lutherans do bother Matt.,521,-6.46875,-6.78125,-64.5,-68.0,"tensor(-3.5625, device='cuda:0', dtype=torch.bfloat16);tensor(-9.8125, device='cuda:0', dtype=torch.bfloat16);tensor(-1.8750, device='cuda:0', dtype=torch.bfloat16);tensor(-1.2500, device='cuda:0', dtype=torch.bfloat16);tensor(-11.2500, device='cuda:0', dtype=torch.bfloat16);tensor(-5., device='cuda:0', dtype=torch.bfloat16);tensor(-8.0625, device='cuda:0', dtype=torch.bfloat16);tensor(-9.8750, device='cuda:0', dtype=torch.bfloat16);tensor(-11.5000, device='cuda:0', dtype=torch.bfloat16);tensor(-2.5000, device='cuda:0', dtype=torch.bfloat16)","tensor(-3.5625, device='cuda:0', dtype=torch.bfloat16);tensor(-9.8125, device='cuda:0', dtype=torch.bfloat16);tensor(-1.8750, device='cuda:0', dtype=torch.bfloat16);tensor(-1.2500, device='cuda:0', dtype=torch.bfloat16);tensor(-11.2500, device='cuda:0', dtype=torch.bfloat16);tensor(-5., device='cuda:0', dtype=torch.bfloat16);tensor(-10.1875, device='cuda:0', dtype=torch.bfloat16);tensor(-10.1250, device='cuda:0', dtype=torch.bfloat16);tensor(-12.1250, device='cuda:0', dtype=torch.bfloat16);tensor(-2.7500, device='cuda:0', dtype=torch.bfloat16)",blimp
distractor_agreement_relational_noun,The nieces of Phillip do cough.,The nieces of Phillip does cough.,737,-7.78125,-7.40625,-62.25,-59.25,"tensor(-3.5625, device='cuda:0', dtype=torch.bfloat16);tensor(-14.2500, device='cuda:0', dtype=torch.bfloat16);tensor(-0.4375, device='cuda:0', dtype=torch.bfloat16);tensor(-1.1875, device='cuda:0', dtype=torch.bfloat16);tensor(-9.2500, device='cuda:0', dtype=torch.bfloat16);tensor(-13.5000, device='cuda:0', dtype=torch.bfloat16);tensor(-14.4375, device='cuda:0', dtype=torch.bfloat16);tensor(-5.6250, device='cuda:0', dtype=torch.bfloat16)","tensor(-3.5625, device='cuda:0', dtype=torch.bfloat16);tensor(-14.2500, device='cuda:0', dtype=torch.bfloat16);tensor(-0.4375, device='cuda:0', dtype=torch.bfloat16);tensor(-1.1875, device='cuda:0', dtype=torch.bfloat16);tensor(-9.2500, device='cuda:0', dtype=torch.bfloat16);tensor(-14.6875, device='cuda:0', dtype=torch.bfloat16);tensor(-10.1875, device='cuda:0', dtype=torch.bfloat16);tensor(-5.6875, device='cuda:0', dtype=torch.bfloat16)",blimp
distractor_agreement_relational_noun,The documentaries about Monet haven't won.,The documentaries about Monet hasn't won.,740,-6.75,-7.0,-60.5,-63.0,"tensor(-3.5625, device='cuda:0', dtype=torch.bfloat16);tensor(-14., device='cuda:0', dtype=torch.bfloat16);tensor(-5.3750, device='cuda:0', dtype=torch.bfloat16);tensor(-9.4375, device='cuda:0', dtype=torch.bfloat16);tensor(-2.1250, device='cuda:0', dtype=torch.bfloat16);tensor(-11.3750, device='cuda:0', dtype=torch.bfloat16);tensor(-0.5000, device='cuda:0', dtype=torch.bfloat16);tensor(-6.7500, device='cuda:0', dtype=torch.bfloat16);tensor(-7.5000, device='cuda:0', dtype=torch.bfloat16)","tensor(-3.5625, device='cuda:0', dtype=torch.bfloat16);tensor(-14., device='cuda:0', dtype=torch.bfloat16);tensor(-5.3750, device='cuda:0', dtype=torch.bfloat16);tensor(-9.4375, device='cuda:0', dtype=torch.bfloat16);tensor(-2.1250, device='cuda:0', dtype=torch.bfloat16);tensor(-14.0625, device='cuda:0', dtype=torch.bfloat16);tensor(-0.6250, device='cuda:0', dtype=torch.bfloat16);tensor(-6.3750, device='cuda:0', dtype=torch.bfloat16);tensor(-7.3750, device='cuda:0', dtype=torch.bfloat16)",blimp
distractor_agreement_relational_noun,The daughter of these teenagers hasn't answered.,The daughter of these teenagers haven't answered.,660,-6.53125,-6.65625,-58.75,-60.0,"tensor(-3.5625, device='cuda:0', dtype=torch.bfloat16);tensor(-9.8750, device='cuda:0', dtype=torch.bfloat16);tensor(-0.1250, device='cuda:0', dtype=torch.bfloat16);tensor(-10.1250, device='cuda:0', dtype=torch.bfloat16);tensor(-9.5625, device='cuda:0', dtype=torch.bfloat16);tensor(-9.8125, device='cuda:0', dtype=torch.bfloat16);tensor(-0.8750, device='cuda:0', dtype=torch.bfloat16);tensor(-8.1250, device='cuda:0', dtype=torch.bfloat16);tensor(-6.7500, device='cuda:0', dtype=torch.bfloat16)","tensor(-3.5625, device='cuda:0', dtype=torch.bfloat16);tensor(-9.8750, device='cuda:0', dtype=torch.bfloat16);tensor(-0.1250, device='cuda:0', dtype=torch.bfloat16);tensor(-10.1250, device='cuda:0', dtype=torch.bfloat16);tensor(-9.5625, device='cuda:0', dtype=torch.bfloat16);tensor(-11.2500, device='cuda:0', dtype=torch.bfloat16);tensor(-1., device='cuda:0', dtype=torch.bfloat16);tensor(-8.3750, device='cuda:0', dtype=torch.bfloat16);tensor(-6.1250, device='cuda:0', dtype=torch.bfloat16)",blimp
distractor_agreement_relational_noun,The picture of these jackets does disturb Carlos.,The picture of these jackets do disturb Carlos.,411,-7.3125,-7.4375,-65.5,-67.0,"tensor(-3.5625, device='cuda:0', dtype=torch.bfloat16);tensor(-8.6875, device='cuda:0', dtype=torch.bfloat16);tensor(-2.4375, device='cuda:0', dtype=torch.bfloat16);tensor(-5.8125, device='cuda:0', dtype=torch.bfloat16);tensor(-10., device='cuda:0', dtype=torch.bfloat16);tensor(-5.8125, device='cuda:0', dtype=torch.bfloat16);tensor(-12.1250, device='cuda:0', dtype=torch.bfloat16);tensor(-14.6875, device='cuda:0', dtype=torch.bfloat16);tensor(-2.5625, device='cuda:0', dtype=torch.bfloat16)","tensor(-3.5625, device='cuda:0', dtype=torch.bfloat16);tensor(-8.6875, device='cuda:0', dtype=torch.bfloat16);tensor(-2.4375, device='cuda:0', dtype=torch.bfloat16);tensor(-5.8125, device='cuda:0', dtype=torch.bfloat16);tensor(-10., device='cuda:0', dtype=torch.bfloat16);tensor(-6.6875, device='cuda:0', dtype=torch.bfloat16);tensor(-11.5625, device='cuda:0', dtype=torch.bfloat16);tensor(-14.7500, device='cuda:0', dtype=torch.bfloat16);tensor(-3.3125, device='cuda:0', dtype=torch.bfloat16)",blimp
distractor_agreement_relational_noun,The paintings of that report haven't stunned the actor.,The paintings of that report hasn't stunned the actor.,678,-6.78125,-7.03125,-74.5,-77.5,"tensor(-3.5625, device='cuda:0', dtype=torch.bfloat16);tensor(-10.6250, device='cuda:0', dtype=torch.bfloat16);tensor(-1.3750, device='cuda:0', dtype=torch.bfloat16);tensor(-9.6875, device='cuda:0', dtype=torch.bfloat16);tensor(-10.5000, device='cuda:0', dtype=torch.bfloat16);tensor(-8.8750, device='cuda:0', dtype=torch.bfloat16);tensor(-0.1250, device='cuda:0', dtype=torch.bfloat16);tensor(-12.8125, device='cuda:0', dtype=torch.bfloat16);tensor(-2.2500, device='cuda:0', dtype=torch.bfloat16);tensor(-11.3750, device='cuda:0', dtype=torch.bfloat16);tensor(-3.3750, device='cuda:0', dtype=torch.bfloat16)","tensor(-3.5625, device='cuda:0', dtype=torch.bfloat16);tensor(-10.6250, device='cuda:0', dtype=torch.bfloat16);tensor(-1.3750, device='cuda:0', dtype=torch.bfloat16);tensor(-9.6875, device='cuda:0', dtype=torch.bfloat16);tensor(-10.5000, device='cuda:0', dtype=torch.bfloat16);tensor(-12.5625, device='cuda:0', dtype=torch.bfloat16);tensor(0., device='cuda:0', dtype=torch.bfloat16);tensor(-12., device='cuda:0', dtype=torch.bfloat16);tensor(-2.6250, device='cuda:0', dtype=torch.bfloat16);tensor(-11.3750, device='cuda:0', dtype=torch.bfloat16);tensor(-3.1875, device='cuda:0', dtype=torch.bfloat16)",blimp
distractor_agreement_relational_noun,The paintings of every fork weren't upsetting Beverly.,The paintings of every fork wasn't upsetting Beverly.,626,-7.90625,-8.0625,-79.0,-80.5,"tensor(-3.5625, device='cuda:0', dtype=torch.bfloat16);tensor(-10.6250, device='cuda:0', dtype=torch.bfloat16);tensor(-1.3750, device='cuda:0', dtype=torch.bfloat16);tensor(-10.5000, device='cuda:0', dtype=torch.bfloat16);tensor(-12.4375, device='cuda:0', dtype=torch.bfloat16);tensor(-11.4375, device='cuda:0', dtype=torch.bfloat16);tensor(-0.1250, device='cuda:0', dtype=torch.bfloat16);tensor(-12.5000, device='cuda:0', dtype=torch.bfloat16);tensor(-13.1875, device='cuda:0', dtype=torch.bfloat16);tensor(-3.3125, device='cuda:0', dtype=torch.bfloat16)","tensor(-3.5625, device='cuda:0', dtype=torch.bfloat16);tensor(-10.6250, device='cuda:0', dtype=torch.bfloat16);tensor(-1.3750, device='cuda:0', dtype=torch.bfloat16);tensor(-10.5000, device='cuda:0', dtype=torch.bfloat16);tensor(-12.4375, device='cuda:0', dtype=torch.bfloat16);tensor(-12.3125, device='cuda:0', dtype=torch.bfloat16);tensor(-1., device='cuda:0', dtype=torch.bfloat16);tensor(-11.5625, device='cuda:0', dtype=torch.bfloat16);tensor(-14.2500, device='cuda:0', dtype=torch.bfloat16);tensor(-2.8125, device='cuda:0', dtype=torch.bfloat16)",blimp
distractor_agreement_relational_noun,The brother of those adults does forget Kristen.,The brother of those adults do forget Kristen.,513,-7.875,-7.9375,-71.0,-71.5,"tensor(-3.5625, device='cuda:0', dtype=torch.bfloat16);tensor(-10.6875, device='cuda:0', dtype=torch.bfloat16);tensor(-0.2500, device='cuda:0', dtype=torch.bfloat16);tensor(-9.5625, device='cuda:0', dtype=torch.bfloat16);tensor(-9.1250, device='cuda:0', dtype=torch.bfloat16);tensor(-8.8125, device='cuda:0', dtype=torch.bfloat16);tensor(-10.0625, device='cuda:0', dtype=torch.bfloat16);tensor(-14.2500, device='cuda:0', dtype=torch.bfloat16);tensor(-4.5625, device='cuda:0', dtype=torch.bfloat16)","tensor(-3.5625, device='cuda:0', dtype=torch.bfloat16);tensor(-10.6875, device='cuda:0', dtype=torch.bfloat16);tensor(-0.2500, device='cuda:0', dtype=torch.bfloat16);tensor(-9.5625, device='cuda:0', dtype=torch.bfloat16);tensor(-9.1250, device='cuda:0', dtype=torch.bfloat16);tensor(-9., device='cuda:0', dtype=torch.bfloat16);tensor(-9.5000, device='cuda:0', dtype=torch.bfloat16);tensor(-14.5625, device='cuda:0', dtype=torch.bfloat16);tensor(-5.1250, device='cuda:0', dtype=torch.bfloat16)",blimp
distractor_agreement_relational_noun,The books about Spain haven't aggravated Tiffany.,The books about Spain hasn't aggravated Tiffany.,859,-7.75,-7.84375,-69.5,-70.5,"tensor(-3.5625, device='cuda:0', dtype=torch.bfloat16);tensor(-9.7500, device='cuda:0', dtype=torch.bfloat16);tensor(-6.2500, device='cuda:0', dtype=torch.bfloat16);tensor(-7.4688, device='cuda:0', dtype=torch.bfloat16);tensor(-10., device='cuda:0', dtype=torch.bfloat16);tensor(-0.7500, device='cuda:0', dtype=torch.bfloat16);tensor(-13.3750, device='cuda:0', dtype=torch.bfloat16);tensor(-13.6250, device='cuda:0', dtype=torch.bfloat16);tensor(-4.9375, device='cuda:0', dtype=torch.bfloat16)","tensor(-3.5625, device='cuda:0', dtype=torch.bfloat16);tensor(-9.7500, device='cuda:0', dtype=torch.bfloat16);tensor(-6.2500, device='cuda:0', dtype=torch.bfloat16);tensor(-7.4688, device='cuda:0', dtype=torch.bfloat16);tensor(-13., device='cuda:0', dtype=torch.bfloat16);tensor(-0.7500, device='cuda:0', dtype=torch.bfloat16);tensor(-13.5000, device='cuda:0', dtype=torch.bfloat16);tensor(-12.3750, device='cuda:0', dtype=torch.bfloat16);tensor(-3.8125, device='cuda:0', dtype=torch.bfloat16)",blimp
distractor_agreement_relational_noun,A granddaughter of the Impressionists flees from Sabrina.,A granddaughter of the Impressionists flee from Sabrina.,136,-5.65625,-6.125,-73.5,-73.5,"tensor(-5.5625, device='cuda:0', dtype=torch.bfloat16);tensor(-12.7500, device='cuda:0', dtype=torch.bfloat16);tensor(-0.5625, device='cuda:0', dtype=torch.bfloat16);tensor(-2., device='cuda:0', dtype=torch.bfloat16);tensor(-11.3750, device='cuda:0', dtype=torch.bfloat16);tensor(-0.7500, device='cuda:0', dtype=torch.bfloat16);tensor(-2.6250, device='cuda:0', dtype=torch.bfloat16);tensor(-12.0625, device='cuda:0', dtype=torch.bfloat16);tensor(-0.2500, device='cuda:0', dtype=torch.bfloat16);tensor(-3.1875, device='cuda:0', dtype=torch.bfloat16);tensor(-11.9375, device='cuda:0', dtype=torch.bfloat16);tensor(-5.5000, device='cuda:0', dtype=torch.bfloat16);tensor(-5., device='cuda:0', dtype=torch.bfloat16)","tensor(-5.5625, device='cuda:0', dtype=torch.bfloat16);tensor(-12.7500, device='cuda:0', dtype=torch.bfloat16);tensor(-0.5625, device='cuda:0', dtype=torch.bfloat16);tensor(-2., device='cuda:0', dtype=torch.bfloat16);tensor(-11.3750, device='cuda:0', dtype=torch.bfloat16);tensor(-0.7500, device='cuda:0', dtype=torch.bfloat16);tensor(-2.6250, device='cuda:0', dtype=torch.bfloat16);tensor(-13.4375, device='cuda:0', dtype=torch.bfloat16);tensor(-2.1875, device='cuda:0', dtype=torch.bfloat16);tensor(-12.1875, device='cuda:0', dtype=torch.bfloat16);tensor(-5.6250, device='cuda:0', dtype=torch.bfloat16);tensor(-4.6250, device='cuda:0', dtype=torch.bfloat16)",blimp
distractor_agreement_relative_clause,Waitresses that can't disturb Danielle shout.,Waitresses that can't disturb Danielle shouts.,521,-8.6875,-8.6875,-78.0,-78.0,"tensor(-10.8750, device='cuda:0', dtype=torch.bfloat16);tensor(-7.5000, device='cuda:0', dtype=torch.bfloat16);tensor(-6.4375, device='cuda:0', dtype=torch.bfloat16);tensor(-3.8125, device='cuda:0', dtype=torch.bfloat16);tensor(-2.6250, device='cuda:0', dtype=torch.bfloat16);tensor(-12.3750, device='cuda:0', dtype=torch.bfloat16);tensor(-14.4375, device='cuda:0', dtype=torch.bfloat16);tensor(-13.9375, device='cuda:0', dtype=torch.bfloat16);tensor(-6.1562, device='cuda:0', dtype=torch.bfloat16)","tensor(-10.8750, device='cuda:0', dtype=torch.bfloat16);tensor(-7.5000, device='cuda:0', dtype=torch.bfloat16);tensor(-6.4375, device='cuda:0', dtype=torch.bfloat16);tensor(-3.8125, device='cuda:0', dtype=torch.bfloat16);tensor(-2.6250, device='cuda:0', dtype=torch.bfloat16);tensor(-12.3750, device='cuda:0', dtype=torch.bfloat16);tensor(-14.4375, device='cuda:0', dtype=torch.bfloat16);tensor(-15.2500, device='cuda:0', dtype=torch.bfloat16);tensor(-4.6250, device='cuda:0', dtype=torch.bfloat16)",blimp
distractor_agreement_relative_clause,The guys that were talking to the waitress were learning.,The guys that were talking to the waitress was learning.,737,-5.34375,-5.6875,-58.75,-62.75,"tensor(-3.5625, device='cuda:0', dtype=torch.bfloat16);tensor(-9.6875, device='cuda:0', dtype=torch.bfloat16);tensor(-4.7500, device='cuda:0', dtype=torch.bfloat16);tensor(-3.9375, device='cuda:0', dtype=torch.bfloat16);tensor(-6.1875, device='cuda:0', dtype=torch.bfloat16);tensor(-1.5000, device='cuda:0', dtype=torch.bfloat16);tensor(-2.2500, device='cuda:0', dtype=torch.bfloat16);tensor(-7.6562, device='cuda:0', dtype=torch.bfloat16);tensor(-2.5000, device='cuda:0', dtype=torch.bfloat16);tensor(-9.8125, device='cuda:0', dtype=torch.bfloat16);tensor(-6.9375, device='cuda:0', dtype=torch.bfloat16)","tensor(-3.5625, device='cuda:0', dtype=torch.bfloat16);tensor(-9.6875, device='cuda:0', dtype=torch.bfloat16);tensor(-4.7500, device='cuda:0', dtype=torch.bfloat16);tensor(-3.9375, device='cuda:0', dtype=torch.bfloat16);tensor(-6.1875, device='cuda:0', dtype=torch.bfloat16);tensor(-1.5000, device='cuda:0', dtype=torch.bfloat16);tensor(-2.2500, device='cuda:0', dtype=torch.bfloat16);tensor(-7.6562, device='cuda:0', dtype=torch.bfloat16);tensor(-6.2500, device='cuda:0', dtype=torch.bfloat16);tensor(-10.1250, device='cuda:0', dtype=torch.bfloat16);tensor(-6.8125, device='cuda:0', dtype=torch.bfloat16)",blimp
distractor_agreement_relative_clause,Every waiter that couldn't observe patients doesn't complain about those dancers.,Every waiter that couldn't observe patients don't complain about those dancers.,740,-6.6875,-6.71875,-93.5,-94.0,"tensor(-7.5625, device='cuda:0', dtype=torch.bfloat16);tensor(-11.9375, device='cuda:0', dtype=torch.bfloat16);tensor(-4.6875, device='cuda:0', dtype=torch.bfloat16);tensor(-11.2500, device='cuda:0', dtype=torch.bfloat16);tensor(-0.6250, device='cuda:0', dtype=torch.bfloat16);tensor(-12., device='cuda:0', dtype=torch.bfloat16);tensor(-7.7188, device='cuda:0', dtype=torch.bfloat16);tensor(-8.3750, device='cuda:0', dtype=torch.bfloat16);tensor(-0.2500, device='cuda:0', dtype=torch.bfloat16);tensor(-8., device='cuda:0', dtype=torch.bfloat16);tensor(-1.5000, device='cuda:0', dtype=torch.bfloat16);tensor(-6.4688, device='cuda:0', dtype=torch.bfloat16);tensor(-11.2500, device='cuda:0', dtype=torch.bfloat16);tensor(-2., device='cuda:0', dtype=torch.bfloat16)","tensor(-7.5625, device='cuda:0', dtype=torch.bfloat16);tensor(-11.9375, device='cuda:0', dtype=torch.bfloat16);tensor(-4.6875, device='cuda:0', dtype=torch.bfloat16);tensor(-11.2500, device='cuda:0', dtype=torch.bfloat16);tensor(-0.6250, device='cuda:0', dtype=torch.bfloat16);tensor(-12., device='cuda:0', dtype=torch.bfloat16);tensor(-7.7188, device='cuda:0', dtype=torch.bfloat16);tensor(-7.5000, device='cuda:0', dtype=torch.bfloat16);tensor(-0.4375, device='cuda:0', dtype=torch.bfloat16);tensor(-7.6875, device='cuda:0', dtype=torch.bfloat16);tensor(-1.2500, device='cuda:0', dtype=torch.bfloat16);tensor(-6.7500, device='cuda:0', dtype=torch.bfloat16);tensor(-11.9375, device='cuda:0', dtype=torch.bfloat16);tensor(-2.7500, device='cuda:0', dtype=torch.bfloat16)",blimp
distractor_agreement_relative_clause,That association that has impressed a lot of men proves to work hard.,That association that has impressed a lot of men prove to work hard.,660,-5.5,-5.4375,-77.0,-76.0,"tensor(-7.7500, device='cuda:0', dtype=torch.bfloat16);tensor(-10.1875, device='cuda:0', dtype=torch.bfloat16);tensor(-5.2500, device='cuda:0', dtype=torch.bfloat16);tensor(-3.1875, device='cuda:0', dtype=torch.bfloat16);tensor(-9.7500, device='cuda:0', dtype=torch.bfloat16);tensor(-4.2500, device='cuda:0', dtype=torch.bfloat16);tensor(-2.2500, device='cuda:0', dtype=torch.bfloat16);tensor(-0.3125, device='cuda:0', dtype=torch.bfloat16);tensor(-5.6250, device='cuda:0', dtype=torch.bfloat16);tensor(-10.8750, device='cuda:0', dtype=torch.bfloat16);tensor(-1.5000, device='cuda:0', dtype=torch.bfloat16);tensor(-6.5000, device='cuda:0', dtype=torch.bfloat16);tensor(-6.1875, device='cuda:0', dtype=torch.bfloat16);tensor(-3.5000, device='cuda:0', dtype=torch.bfloat16)","tensor(-7.7500, device='cuda:0', dtype=torch.bfloat16);tensor(-10.1875, device='cuda:0', dtype=torch.bfloat16);tensor(-5.2500, device='cuda:0', dtype=torch.bfloat16);tensor(-3.1875, device='cuda:0', dtype=torch.bfloat16);tensor(-9.7500, device='cuda:0', dtype=torch.bfloat16);tensor(-4.2500, device='cuda:0', dtype=torch.bfloat16);tensor(-2.2500, device='cuda:0', dtype=torch.bfloat16);tensor(-0.3125, device='cuda:0', dtype=torch.bfloat16);tensor(-5.6250, device='cuda:0', dtype=torch.bfloat16);tensor(-11.6875, device='cuda:0', dtype=torch.bfloat16);tensor(-1.4375, device='cuda:0', dtype=torch.bfloat16);tensor(-6.3750, device='cuda:0', dtype=torch.bfloat16);tensor(-4.1250, device='cuda:0', dtype=torch.bfloat16);tensor(-4.0625, device='cuda:0', dtype=torch.bfloat16)",blimp
distractor_agreement_relative_clause,The universities that weren't describing Donald haven't asked a lot of nieces of Andrew to waste away.,The universities that weren't describing Donald hasn't asked a lot of nieces of Andrew to waste away.,411,-6.28125,-6.3125,-132.0,-132.0,"tensor(-3.6250, device='cuda:0', dtype=torch.bfloat16);tensor(-11.3125, device='cuda:0', dtype=torch.bfloat16);tensor(-3.6250, device='cuda:0', dtype=torch.bfloat16);tensor(-9.5000, device='cuda:0', dtype=torch.bfloat16);tensor(-0.7500, device='cuda:0', dtype=torch.bfloat16);tensor(-16.6250, device='cuda:0', dtype=torch.bfloat16);tensor(-7.3438, device='cuda:0', dtype=torch.bfloat16);tensor(-16.5000, device='cuda:0', dtype=torch.bfloat16);tensor(-0.1250, device='cuda:0', dtype=torch.bfloat16);tensor(-5.8125, device='cuda:0', dtype=torch.bfloat16);tensor(-4.4375, device='cuda:0', dtype=torch.bfloat16);tensor(-2.5625, device='cuda:0', dtype=torch.bfloat16);tensor(-1.1250, device='cuda:0', dtype=torch.bfloat16);tensor(-13.5625, device='cuda:0', dtype=torch.bfloat16);tensor(-0.1250, device='cuda:0', dtype=torch.bfloat16);tensor(-3.6875, device='cuda:0', dtype=torch.bfloat16);tensor(-9.8750, device='cuda:0', dtype=torch.bfloat16);tensor(-4.4375, device='cuda:0', dtype=torch.bfloat16);tensor(-9.9375, device='cuda:0', dtype=torch.bfloat16);tensor(-4.9688, device='cuda:0', dtype=torch.bfloat16);tensor(-2.0625, device='cuda:0', dtype=torch.bfloat16)","tensor(-3.6250, device='cuda:0', dtype=torch.bfloat16);tensor(-11.3125, device='cuda:0', dtype=torch.bfloat16);tensor(-3.6250, device='cuda:0', dtype=torch.bfloat16);tensor(-9.5000, device='cuda:0', dtype=torch.bfloat16);tensor(-0.7500, device='cuda:0', dtype=torch.bfloat16);tensor(-16.6250, device='cuda:0', dtype=torch.bfloat16);tensor(-7.3438, device='cuda:0', dtype=torch.bfloat16);tensor(-16.6250, device='cuda:0', dtype=torch.bfloat16);tensor(-0.1250, device='cuda:0', dtype=torch.bfloat16);tensor(-6.5312, device='cuda:0', dtype=torch.bfloat16);tensor(-3.3125, device='cuda:0', dtype=torch.bfloat16);tensor(-3.0625, device='cuda:0', dtype=torch.bfloat16);tensor(-0.7500, device='cuda:0', dtype=torch.bfloat16);tensor(-12.7500, device='cuda:0', dtype=torch.bfloat16);tensor(-0.1250, device='cuda:0', dtype=torch.bfloat16);tensor(-3.8750, device='cuda:0', dtype=torch.bfloat16);tensor(-10.7500, device='cuda:0', dtype=torch.bfloat16);tensor(-5.5938, device='cuda:0', dtype=torch.bfloat16);tensor(-9., device='cuda:0', dtype=torch.bfloat16);tensor(-4.7812, device='cuda:0', dtype=torch.bfloat16);tensor(-2.4375, device='cuda:0', dtype=torch.bfloat16)",blimp
distractor_agreement_relative_clause,Those doctors that have described Ella were littering.,Those doctors that have described Ella is littering.,678,-7.5,-7.3125,-75.0,-73.0,"tensor(-8.6875, device='cuda:0', dtype=torch.bfloat16);tensor(-8.8750, device='cuda:0', dtype=torch.bfloat16);tensor(-3.3750, device='cuda:0', dtype=torch.bfloat16);tensor(-2.4375, device='cuda:0', dtype=torch.bfloat16);tensor(-9.6250, device='cuda:0', dtype=torch.bfloat16);tensor(-13.3750, device='cuda:0', dtype=torch.bfloat16);tensor(-8.5000, device='cuda:0', dtype=torch.bfloat16);tensor(-11.8750, device='cuda:0', dtype=torch.bfloat16);tensor(-2.6875, device='cuda:0', dtype=torch.bfloat16);tensor(-5.6250, device='cuda:0', dtype=torch.bfloat16)","tensor(-8.6875, device='cuda:0', dtype=torch.bfloat16);tensor(-8.8750, device='cuda:0', dtype=torch.bfloat16);tensor(-3.3750, device='cuda:0', dtype=torch.bfloat16);tensor(-2.4375, device='cuda:0', dtype=torch.bfloat16);tensor(-9.6250, device='cuda:0', dtype=torch.bfloat16);tensor(-13.3750, device='cuda:0', dtype=torch.bfloat16);tensor(-6.3750, device='cuda:0', dtype=torch.bfloat16);tensor(-11.7500, device='cuda:0', dtype=torch.bfloat16);tensor(-3.6875, device='cuda:0', dtype=torch.bfloat16);tensor(-5.0312, device='cuda:0', dtype=torch.bfloat16)",blimp
distractor_agreement_relative_clause,A lot of teachers that aggravated Wayne haven't stood up.,A lot of teachers that aggravated Wayne hasn't stood up.,626,-6.78125,-6.8125,-81.5,-82.0,"tensor(-5.5625, device='cuda:0', dtype=torch.bfloat16);tensor(-5.8750, device='cuda:0', dtype=torch.bfloat16);tensor(-0.1250, device='cuda:0', dtype=torch.bfloat16);tensor(-7.0625, device='cuda:0', dtype=torch.bfloat16);tensor(-5., device='cuda:0', dtype=torch.bfloat16);tensor(-17.2500, device='cuda:0', dtype=torch.bfloat16);tensor(-14.7500, device='cuda:0', dtype=torch.bfloat16);tensor(-10.3750, device='cuda:0', dtype=torch.bfloat16);tensor(-1.1250, device='cuda:0', dtype=torch.bfloat16);tensor(-8.2500, device='cuda:0', dtype=torch.bfloat16);tensor(-1.5625, device='cuda:0', dtype=torch.bfloat16);tensor(-4.4375, device='cuda:0', dtype=torch.bfloat16)","tensor(-5.5625, device='cuda:0', dtype=torch.bfloat16);tensor(-5.8750, device='cuda:0', dtype=torch.bfloat16);tensor(-0.1250, device='cuda:0', dtype=torch.bfloat16);tensor(-7.0625, device='cuda:0', dtype=torch.bfloat16);tensor(-5., device='cuda:0', dtype=torch.bfloat16);tensor(-17.2500, device='cuda:0', dtype=torch.bfloat16);tensor(-14.7500, device='cuda:0', dtype=torch.bfloat16);tensor(-11.2500, device='cuda:0', dtype=torch.bfloat16);tensor(-0.7500, device='cuda:0', dtype=torch.bfloat16);tensor(-8.6250, device='cuda:0', dtype=torch.bfloat16);tensor(-1.8125, device='cuda:0', dtype=torch.bfloat16);tensor(-3.7500, device='cuda:0', dtype=torch.bfloat16)",blimp
distractor_agreement_relative_clause,A lot of schools that liked Edward weren't buying fish.,A lot of schools that liked Edward isn't buying fish.,513,-6.40625,-6.34375,-77.0,-76.0,"tensor(-5.5625, device='cuda:0', dtype=torch.bfloat16);tensor(-5.8750, device='cuda:0', dtype=torch.bfloat16);tensor(-0.1250, device='cuda:0', dtype=torch.bfloat16);tensor(-6.6250, device='cuda:0', dtype=torch.bfloat16);tensor(-4.7500, device='cuda:0', dtype=torch.bfloat16);tensor(-12.3750, device='cuda:0', dtype=torch.bfloat16);tensor(-9.5000, device='cuda:0', dtype=torch.bfloat16);tensor(-11.0625, device='cuda:0', dtype=torch.bfloat16);tensor(-0.5000, device='cuda:0', dtype=torch.bfloat16);tensor(-6.6250, device='cuda:0', dtype=torch.bfloat16);tensor(-10.9375, device='cuda:0', dtype=torch.bfloat16);tensor(-2.8750, device='cuda:0', dtype=torch.bfloat16)","tensor(-5.5625, device='cuda:0', dtype=torch.bfloat16);tensor(-5.8750, device='cuda:0', dtype=torch.bfloat16);tensor(-0.1250, device='cuda:0', dtype=torch.bfloat16);tensor(-6.6250, device='cuda:0', dtype=torch.bfloat16);tensor(-4.7500, device='cuda:0', dtype=torch.bfloat16);tensor(-12.3750, device='cuda:0', dtype=torch.bfloat16);tensor(-9.5000, device='cuda:0', dtype=torch.bfloat16);tensor(-11.5000, device='cuda:0', dtype=torch.bfloat16);tensor(-0.3750, device='cuda:0', dtype=torch.bfloat16);tensor(-5.5625, device='cuda:0', dtype=torch.bfloat16);tensor(-10.5000, device='cuda:0', dtype=torch.bfloat16);tensor(-3.3750, device='cuda:0', dtype=torch.bfloat16)",blimp
distractor_agreement_relative_clause,All waiters that have concealed Dawn do figure out who hasn't investigated Cynthia.,All waiters that have concealed Dawn does figure out who hasn't investigated Cynthia.,859,-7.03125,-7.21875,-112.5,-115.5,"tensor(-6.9375, device='cuda:0', dtype=torch.bfloat16);tensor(-11.3125, device='cuda:0', dtype=torch.bfloat16);tensor(-1.0625, device='cuda:0', dtype=torch.bfloat16);tensor(-5.1875, device='cuda:0', dtype=torch.bfloat16);tensor(-2.5000, device='cuda:0', dtype=torch.bfloat16);tensor(-11.8125, device='cuda:0', dtype=torch.bfloat16);tensor(-15.4375, device='cuda:0', dtype=torch.bfloat16);tensor(-9.2500, device='cuda:0', dtype=torch.bfloat16);tensor(-9.9375, device='cuda:0', dtype=torch.bfloat16);tensor(-2.0625, device='cuda:0', dtype=torch.bfloat16);tensor(-6.0312, device='cuda:0', dtype=torch.bfloat16);tensor(-10., device='cuda:0', dtype=torch.bfloat16);tensor(-0.6250, device='cuda:0', dtype=torch.bfloat16);tensor(-8.3750, device='cuda:0', dtype=torch.bfloat16);tensor(-9.2500, device='cuda:0', dtype=torch.bfloat16);tensor(-2.5000, device='cuda:0', dtype=torch.bfloat16)","tensor(-6.9375, device='cuda:0', dtype=torch.bfloat16);tensor(-11.3125, device='cuda:0', dtype=torch.bfloat16);tensor(-1.0625, device='cuda:0', dtype=torch.bfloat16);tensor(-5.1875, device='cuda:0', dtype=torch.bfloat16);tensor(-2.5000, device='cuda:0', dtype=torch.bfloat16);tensor(-11.8125, device='cuda:0', dtype=torch.bfloat16);tensor(-15.4375, device='cuda:0', dtype=torch.bfloat16);tensor(-10.3750, device='cuda:0', dtype=torch.bfloat16);tensor(-10.2500, device='cuda:0', dtype=torch.bfloat16);tensor(-2.4375, device='cuda:0', dtype=torch.bfloat16);tensor(-5.6250, device='cuda:0', dtype=torch.bfloat16);tensor(-9.9375, device='cuda:0', dtype=torch.bfloat16);tensor(-0.6875, device='cuda:0', dtype=torch.bfloat16);tensor(-8.2500, device='cuda:0', dtype=torch.bfloat16);tensor(-10.5000, device='cuda:0', dtype=torch.bfloat16);tensor(-3., device='cuda:0', dtype=torch.bfloat16)",blimp
distractor_agreement_relative_clause,Some pedestrians who are hurting Benjamin haven't complained.,Some pedestrians who are hurting Benjamin hasn't complained.,136,-7.53125,-7.4375,-75.5,-74.5,"tensor(-7.7500, device='cuda:0', dtype=torch.bfloat16);tensor(-10.3750, device='cuda:0', dtype=torch.bfloat16);tensor(-4., device='cuda:0', dtype=torch.bfloat16);tensor(-2.1250, device='cuda:0', dtype=torch.bfloat16);tensor(-11.5000, device='cuda:0', dtype=torch.bfloat16);tensor(-16.8750, device='cuda:0', dtype=torch.bfloat16);tensor(-11.6875, device='cuda:0', dtype=torch.bfloat16);tensor(-0.7500, device='cuda:0', dtype=torch.bfloat16);tensor(-6.9375, device='cuda:0', dtype=torch.bfloat16);tensor(-3.3750, device='cuda:0', dtype=torch.bfloat16)","tensor(-7.7500, device='cuda:0', dtype=torch.bfloat16);tensor(-10.3750, device='cuda:0', dtype=torch.bfloat16);tensor(-4., device='cuda:0', dtype=torch.bfloat16);tensor(-2.1250, device='cuda:0', dtype=torch.bfloat16);tensor(-11.5000, device='cuda:0', dtype=torch.bfloat16);tensor(-16.8750, device='cuda:0', dtype=torch.bfloat16);tensor(-11.2500, device='cuda:0', dtype=torch.bfloat16);tensor(-0.6875, device='cuda:0', dtype=torch.bfloat16);tensor(-6.9062, device='cuda:0', dtype=torch.bfloat16);tensor(-3.0625, device='cuda:0', dtype=torch.bfloat16)",blimp
drop_argument,Amanda hadn't seen.,Amanda hadn't respected.,521,-6.34375,-7.46875,-38.0,-45.0,"tensor(-5.5625, device='cuda:0', dtype=torch.bfloat16);tensor(-5.6250, device='cuda:0', dtype=torch.bfloat16);tensor(-12.6250, device='cuda:0', dtype=torch.bfloat16);tensor(-0.6250, device='cuda:0', dtype=torch.bfloat16);tensor(-1.8750, device='cuda:0', dtype=torch.bfloat16);tensor(-11.7500, device='cuda:0', dtype=torch.bfloat16)","tensor(-5.5625, device='cuda:0', dtype=torch.bfloat16);tensor(-5.6250, device='cuda:0', dtype=torch.bfloat16);tensor(-12.6250, device='cuda:0', dtype=torch.bfloat16);tensor(-0.6250, device='cuda:0', dtype=torch.bfloat16);tensor(-11.0625, device='cuda:0', dtype=torch.bfloat16);tensor(-9.3750, device='cuda:0', dtype=torch.bfloat16)",blimp
drop_argument,All students' friends ascend.,All students' friends arrive at.,737,-8.375,-7.28125,-50.0,-51.0,"tensor(-6.9375, device='cuda:0', dtype=torch.bfloat16);tensor(-5.2500, device='cuda:0', dtype=torch.bfloat16);tensor(-7.9375, device='cuda:0', dtype=torch.bfloat16);tensor(-7.9375, device='cuda:0', dtype=torch.bfloat16);tensor(-15.4375, device='cuda:0', dtype=torch.bfloat16);tensor(-6.5625, device='cuda:0', dtype=torch.bfloat16)","tensor(-6.9375, device='cuda:0', dtype=torch.bfloat16);tensor(-5.2500, device='cuda:0', dtype=torch.bfloat16);tensor(-7.9375, device='cuda:0', dtype=torch.bfloat16);tensor(-7.9375, device='cuda:0', dtype=torch.bfloat16);tensor(-8.2500, device='cuda:0', dtype=torch.bfloat16);tensor(-0.8750, device='cuda:0', dtype=torch.bfloat16);tensor(-13.8125, device='cuda:0', dtype=torch.bfloat16)",blimp
drop_argument,Melanie's cousin had known.,Melanie's cousin had gone to.,740,-7.21875,-6.53125,-50.5,-52.25,"tensor(-9.2500, device='cuda:0', dtype=torch.bfloat16);tensor(-2.4375, device='cuda:0', dtype=torch.bfloat16);tensor(-4.3750, device='cuda:0', dtype=torch.bfloat16);tensor(-9.8750, device='cuda:0', dtype=torch.bfloat16);tensor(-5.7500, device='cuda:0', dtype=torch.bfloat16);tensor(-8.4375, device='cuda:0', dtype=torch.bfloat16);tensor(-10.5000, device='cuda:0', dtype=torch.bfloat16)","tensor(-9.2500, device='cuda:0', dtype=torch.bfloat16);tensor(-2.4375, device='cuda:0', dtype=torch.bfloat16);tensor(-4.3750, device='cuda:0', dtype=torch.bfloat16);tensor(-9.8750, device='cuda:0', dtype=torch.bfloat16);tensor(-5.7500, device='cuda:0', dtype=torch.bfloat16);tensor(-6.1875, device='cuda:0', dtype=torch.bfloat16);tensor(-1., device='cuda:0', dtype=torch.bfloat16);tensor(-13.3750, device='cuda:0', dtype=torch.bfloat16)",blimp
drop_argument,Erin investigates.,Erin complained about.,660,-8.0,-7.4375,-32.0,-37.25,"tensor(-9.1250, device='cuda:0', dtype=torch.bfloat16);tensor(-1.3125, device='cuda:0', dtype=torch.bfloat16);tensor(-12.5625, device='cuda:0', dtype=torch.bfloat16);tensor(-9., device='cuda:0', dtype=torch.bfloat16)","tensor(-9.1250, device='cuda:0', dtype=torch.bfloat16);tensor(-1.3125, device='cuda:0', dtype=torch.bfloat16);tensor(-12.6250, device='cuda:0', dtype=torch.bfloat16);tensor(-1.6250, device='cuda:0', dtype=torch.bfloat16);tensor(-12.5000, device='cuda:0', dtype=torch.bfloat16)",blimp
drop_argument,Most drivers couldn't watch.,Most drivers couldn't resemble.,411,-7.21875,-7.90625,-43.5,-47.5,"tensor(-7.6250, device='cuda:0', dtype=torch.bfloat16);tensor(-7.0625, device='cuda:0', dtype=torch.bfloat16);tensor(-9., device='cuda:0', dtype=torch.bfloat16);tensor(-1., device='cuda:0', dtype=torch.bfloat16);tensor(-9.3125, device='cuda:0', dtype=torch.bfloat16);tensor(-9.3750, device='cuda:0', dtype=torch.bfloat16)","tensor(-7.6250, device='cuda:0', dtype=torch.bfloat16);tensor(-7.0625, device='cuda:0', dtype=torch.bfloat16);tensor(-9., device='cuda:0', dtype=torch.bfloat16);tensor(-1., device='cuda:0', dtype=torch.bfloat16);tensor(-13.8750, device='cuda:0', dtype=torch.bfloat16);tensor(-8.8750, device='cuda:0', dtype=torch.bfloat16)",blimp
drop_argument,Rodney is running around.,Rodney is examining.,678,-5.84375,-7.5,-35.0,-37.5,"tensor(-10., device='cuda:0', dtype=torch.bfloat16);tensor(-2., device='cuda:0', dtype=torch.bfloat16);tensor(-5.2500, device='cuda:0', dtype=torch.bfloat16);tensor(-5.7500, device='cuda:0', dtype=torch.bfloat16);tensor(-4.9375, device='cuda:0', dtype=torch.bfloat16);tensor(-7.1250, device='cuda:0', dtype=torch.bfloat16)","tensor(-10., device='cuda:0', dtype=torch.bfloat16);tensor(-2., device='cuda:0', dtype=torch.bfloat16);tensor(-5.2500, device='cuda:0', dtype=torch.bfloat16);tensor(-10., device='cuda:0', dtype=torch.bfloat16);tensor(-10.3125, device='cuda:0', dtype=torch.bfloat16)",blimp
drop_argument,A lot of daughters of Melinda hadn't observed.,A lot of daughters of Melinda hadn't talked about.,626,-6.09375,-5.625,-67.0,-67.5,"tensor(-5.5625, device='cuda:0', dtype=torch.bfloat16);tensor(-5.8750, device='cuda:0', dtype=torch.bfloat16);tensor(-0.1250, device='cuda:0', dtype=torch.bfloat16);tensor(-12.7500, device='cuda:0', dtype=torch.bfloat16);tensor(-2., device='cuda:0', dtype=torch.bfloat16);tensor(-9.6250, device='cuda:0', dtype=torch.bfloat16);tensor(-2.5625, device='cuda:0', dtype=torch.bfloat16);tensor(-11.7500, device='cuda:0', dtype=torch.bfloat16);tensor(-0.6250, device='cuda:0', dtype=torch.bfloat16);tensor(-7.5625, device='cuda:0', dtype=torch.bfloat16);tensor(-8.5625, device='cuda:0', dtype=torch.bfloat16)","tensor(-5.5625, device='cuda:0', dtype=torch.bfloat16);tensor(-5.8750, device='cuda:0', dtype=torch.bfloat16);tensor(-0.1250, device='cuda:0', dtype=torch.bfloat16);tensor(-12.7500, device='cuda:0', dtype=torch.bfloat16);tensor(-2., device='cuda:0', dtype=torch.bfloat16);tensor(-9.6250, device='cuda:0', dtype=torch.bfloat16);tensor(-2.5625, device='cuda:0', dtype=torch.bfloat16);tensor(-11.7500, device='cuda:0', dtype=torch.bfloat16);tensor(-0.6250, device='cuda:0', dtype=torch.bfloat16);tensor(-5.8125, device='cuda:0', dtype=torch.bfloat16);tensor(-2.3125, device='cuda:0', dtype=torch.bfloat16);tensor(-8.5000, device='cuda:0', dtype=torch.bfloat16)",blimp
drop_argument,Carla's ex-husband isn't observing.,Carla's ex-husband isn't working with.,513,-5.59375,-5.0,-55.75,-55.0,"tensor(-7.8125, device='cuda:0', dtype=torch.bfloat16);tensor(-4.4375, device='cuda:0', dtype=torch.bfloat16);tensor(-4.3125, device='cuda:0', dtype=torch.bfloat16);tensor(-8.1250, device='cuda:0', dtype=torch.bfloat16);tensor(-1.7500, device='cuda:0', dtype=torch.bfloat16);tensor(0., device='cuda:0', dtype=torch.bfloat16);tensor(-8., device='cuda:0', dtype=torch.bfloat16);tensor(0., device='cuda:0', dtype=torch.bfloat16);tensor(-12., device='cuda:0', dtype=torch.bfloat16);tensor(-9.3750, device='cuda:0', dtype=torch.bfloat16)","tensor(-7.8125, device='cuda:0', dtype=torch.bfloat16);tensor(-4.4375, device='cuda:0', dtype=torch.bfloat16);tensor(-4.3125, device='cuda:0', dtype=torch.bfloat16);tensor(-8.1250, device='cuda:0', dtype=torch.bfloat16);tensor(-1.7500, device='cuda:0', dtype=torch.bfloat16);tensor(0., device='cuda:0', dtype=torch.bfloat16);tensor(-8., device='cuda:0', dtype=torch.bfloat16);tensor(0., device='cuda:0', dtype=torch.bfloat16);tensor(-6.5625, device='cuda:0', dtype=torch.bfloat16);tensor(-3., device='cuda:0', dtype=torch.bfloat16);tensor(-11.1250, device='cuda:0', dtype=torch.bfloat16)",blimp
drop_argument,Michael's dermatologists left.,Michael's dermatologists admired.,859,-7.6875,-8.625,-46.25,-51.5,"tensor(-8.3125, device='cuda:0', dtype=torch.bfloat16);tensor(-5.8750, device='cuda:0', dtype=torch.bfloat16);tensor(-13.5625, device='cuda:0', dtype=torch.bfloat16);tensor(-3.1875, device='cuda:0', dtype=torch.bfloat16);tensor(-7.5938, device='cuda:0', dtype=torch.bfloat16);tensor(-7.6875, device='cuda:0', dtype=torch.bfloat16)","tensor(-8.3125, device='cuda:0', dtype=torch.bfloat16);tensor(-5.8750, device='cuda:0', dtype=torch.bfloat16);tensor(-13.5625, device='cuda:0', dtype=torch.bfloat16);tensor(-3.1875, device='cuda:0', dtype=torch.bfloat16);tensor(-11.8750, device='cuda:0', dtype=torch.bfloat16);tensor(-8.7500, device='cuda:0', dtype=torch.bfloat16)",blimp
drop_argument,Stacy observes.,Stacy likes.,136,-9.0,-9.1875,-36.0,-36.75,"tensor(-7.1875, device='cuda:0', dtype=torch.bfloat16);tensor(-5.1875, device='cuda:0', dtype=torch.bfloat16);tensor(-13.2500, device='cuda:0', dtype=torch.bfloat16);tensor(-10.2500, device='cuda:0', dtype=torch.bfloat16)","tensor(-7.1875, device='cuda:0', dtype=torch.bfloat16);tensor(-5.1875, device='cuda:0', dtype=torch.bfloat16);tensor(-11.4375, device='cuda:0', dtype=torch.bfloat16);tensor(-12.9375, device='cuda:0', dtype=torch.bfloat16)",blimp
ellipsis_n_bar_1,These waitresses' associate wasn't boycotting few concealed lakes and Maria wasn't boycotting many.,These waitresses' associate wasn't boycotting few lakes and Maria wasn't boycotting many concealed.,521,-6.09375,-5.9375,-134.0,-131.0,"tensor(-7.0625, device='cuda:0', dtype=torch.bfloat16);tensor(-12.3125, device='cuda:0', dtype=torch.bfloat16);tensor(-2.1250, device='cuda:0', dtype=torch.bfloat16);tensor(-6., device='cuda:0', dtype=torch.bfloat16);tensor(-12.7500, device='cuda:0', dtype=torch.bfloat16);tensor(-10.1875, device='cuda:0', dtype=torch.bfloat16);tensor(-0.1250, device='cuda:0', dtype=torch.bfloat16);tensor(-12.5000, device='cuda:0', dtype=torch.bfloat16);tensor(0., device='cuda:0', dtype=torch.bfloat16);tensor(0., device='cuda:0', dtype=torch.bfloat16);tensor(-12.0625, device='cuda:0', dtype=torch.bfloat16);tensor(-11.9375, device='cuda:0', dtype=torch.bfloat16);tensor(-12.5000, device='cuda:0', dtype=torch.bfloat16);tensor(-2.9375, device='cuda:0', dtype=torch.bfloat16);tensor(-11.8750, device='cuda:0', dtype=torch.bfloat16);tensor(-6.8438, device='cuda:0', dtype=torch.bfloat16);tensor(0., device='cuda:0', dtype=torch.bfloat16);tensor(-3.9375, device='cuda:0', dtype=torch.bfloat16);tensor(0., device='cuda:0', dtype=torch.bfloat16);tensor(0., device='cuda:0', dtype=torch.bfloat16);tensor(-4.6562, device='cuda:0', dtype=torch.bfloat16);tensor(-4.5312, device='cuda:0', dtype=torch.bfloat16)","tensor(-7.0625, device='cuda:0', dtype=torch.bfloat16);tensor(-12.3125, device='cuda:0', dtype=torch.bfloat16);tensor(-2.1250, device='cuda:0', dtype=torch.bfloat16);tensor(-6., device='cuda:0', dtype=torch.bfloat16);tensor(-12.7500, device='cuda:0', dtype=torch.bfloat16);tensor(-10.1875, device='cuda:0', dtype=torch.bfloat16);tensor(-0.1250, device='cuda:0', dtype=torch.bfloat16);tensor(-12.5000, device='cuda:0', dtype=torch.bfloat16);tensor(0., device='cuda:0', dtype=torch.bfloat16);tensor(0., device='cuda:0', dtype=torch.bfloat16);tensor(-12.0625, device='cuda:0', dtype=torch.bfloat16);tensor(-10.3750, device='cuda:0', dtype=torch.bfloat16);tensor(-3.5000, device='cuda:0', dtype=torch.bfloat16);tensor(-11.8750, device='cuda:0', dtype=torch.bfloat16);tensor(-7.0938, device='cuda:0', dtype=torch.bfloat16);tensor(0., device='cuda:0', dtype=torch.bfloat16);tensor(-3.3750, device='cuda:0', dtype=torch.bfloat16);tensor(0., device='cuda:0', dtype=torch.bfloat16);tensor(0., device='cuda:0', dtype=torch.bfloat16);tensor(-4.8125, device='cuda:0', dtype=torch.bfloat16);tensor(-12.6875, device='cuda:0', dtype=torch.bfloat16);tensor(-1.6875, device='cuda:0', dtype=torch.bfloat16)",blimp
ellipsis_n_bar_1,David's boyfriend wasn't touring three out in the open banks and Randolf wasn't touring fewer.,David's boyfriend wasn't touring three banks and Randolf wasn't touring fewer out in the open.,737,-6.5625,-6.375,-131.0,-127.5,"tensor(-8.3750, device='cuda:0', dtype=torch.bfloat16);tensor(-5.4375, device='cuda:0', dtype=torch.bfloat16);tensor(-11., device='cuda:0', dtype=torch.bfloat16);tensor(-8.5625, device='cuda:0', dtype=torch.bfloat16);tensor(0., device='cuda:0', dtype=torch.bfloat16);tensor(-12.7500, device='cuda:0', dtype=torch.bfloat16);tensor(-11.6250, device='cuda:0', dtype=torch.bfloat16);tensor(-5.0625, device='cuda:0', dtype=torch.bfloat16);tensor(-7.7500, device='cuda:0', dtype=torch.bfloat16);tensor(-1.0625, device='cuda:0', dtype=torch.bfloat16);tensor(-3.8750, device='cuda:0', dtype=torch.bfloat16);tensor(-9.6250, device='cuda:0', dtype=torch.bfloat16);tensor(-2.8125, device='cuda:0', dtype=torch.bfloat16);tensor(-13.6250, device='cuda:0', dtype=torch.bfloat16);tensor(-3.7500, device='cuda:0', dtype=torch.bfloat16);tensor(-5.9375, device='cuda:0', dtype=torch.bfloat16);tensor(-0.1250, device='cuda:0', dtype=torch.bfloat16);tensor(-4.2500, device='cuda:0', dtype=torch.bfloat16);tensor(-10.7500, device='cuda:0', dtype=torch.bfloat16);tensor(-4.7188, device='cuda:0', dtype=torch.bfloat16)","tensor(-8.3750, device='cuda:0', dtype=torch.bfloat16);tensor(-5.4375, device='cuda:0', dtype=torch.bfloat16);tensor(-11., device='cuda:0', dtype=torch.bfloat16);tensor(-8.5625, device='cuda:0', dtype=torch.bfloat16);tensor(0., device='cuda:0', dtype=torch.bfloat16);tensor(-12.7500, device='cuda:0', dtype=torch.bfloat16);tensor(-11.6250, device='cuda:0', dtype=torch.bfloat16);tensor(-10., device='cuda:0', dtype=torch.bfloat16);tensor(-2.8750, device='cuda:0', dtype=torch.bfloat16);tensor(-14.1250, device='cuda:0', dtype=torch.bfloat16);tensor(-4.6250, device='cuda:0', dtype=torch.bfloat16);tensor(-3.5000, device='cuda:0', dtype=torch.bfloat16);tensor(0., device='cuda:0', dtype=torch.bfloat16);tensor(-3.3125, device='cuda:0', dtype=torch.bfloat16);tensor(-10.5000, device='cuda:0', dtype=torch.bfloat16);tensor(-10.5625, device='cuda:0', dtype=torch.bfloat16);tensor(-7.3750, device='cuda:0', dtype=torch.bfloat16);tensor(-0.8750, device='cuda:0', dtype=torch.bfloat16);tensor(-1.1875, device='cuda:0', dtype=torch.bfloat16);tensor(-1., device='cuda:0', dtype=torch.bfloat16)",blimp
ellipsis_n_bar_1,The mothers of Joseph are biking to one red restaurant and Melissa isn't biking to four.,The mothers of Joseph are biking to one restaurant and Melissa isn't biking to four red.,740,-6.46875,-6.375,-116.0,-115.0,"tensor(-3.5625, device='cuda:0', dtype=torch.bfloat16);tensor(-11.1875, device='cuda:0', dtype=torch.bfloat16);tensor(-1.3125, device='cuda:0', dtype=torch.bfloat16);tensor(-7.3438, device='cuda:0', dtype=torch.bfloat16);tensor(-8.9375, device='cuda:0', dtype=torch.bfloat16);tensor(-13.5000, device='cuda:0', dtype=torch.bfloat16);tensor(-2.6250, device='cuda:0', dtype=torch.bfloat16);tensor(-8.4375, device='cuda:0', dtype=torch.bfloat16);tensor(-11.2500, device='cuda:0', dtype=torch.bfloat16);tensor(-8.1250, device='cuda:0', dtype=torch.bfloat16);tensor(-2.7500, device='cuda:0', dtype=torch.bfloat16);tensor(-10.9375, device='cuda:0', dtype=torch.bfloat16);tensor(-8.2500, device='cuda:0', dtype=torch.bfloat16);tensor(-0.6250, device='cuda:0', dtype=torch.bfloat16);tensor(-3.1875, device='cuda:0', dtype=torch.bfloat16);tensor(-0.8750, device='cuda:0', dtype=torch.bfloat16);tensor(-6.8438, device='cuda:0', dtype=torch.bfloat16);tensor(-6.4375, device='cuda:0', dtype=torch.bfloat16)","tensor(-3.5625, device='cuda:0', dtype=torch.bfloat16);tensor(-11.1875, device='cuda:0', dtype=torch.bfloat16);tensor(-1.3125, device='cuda:0', dtype=torch.bfloat16);tensor(-7.3438, device='cuda:0', dtype=torch.bfloat16);tensor(-8.9375, device='cuda:0', dtype=torch.bfloat16);tensor(-13.5000, device='cuda:0', dtype=torch.bfloat16);tensor(-2.6250, device='cuda:0', dtype=torch.bfloat16);tensor(-8.4375, device='cuda:0', dtype=torch.bfloat16);tensor(-7.7812, device='cuda:0', dtype=torch.bfloat16);tensor(-2.5000, device='cuda:0', dtype=torch.bfloat16);tensor(-10.4375, device='cuda:0', dtype=torch.bfloat16);tensor(-9.6875, device='cuda:0', dtype=torch.bfloat16);tensor(-0.6250, device='cuda:0', dtype=torch.bfloat16);tensor(-2., device='cuda:0', dtype=torch.bfloat16);tensor(-0.7500, device='cuda:0', dtype=torch.bfloat16);tensor(-8.5000, device='cuda:0', dtype=torch.bfloat16);tensor(-10.2500, device='cuda:0', dtype=torch.bfloat16);tensor(-5.5625, device='cuda:0', dtype=torch.bfloat16)",blimp
ellipsis_n_bar_1,Those men skate around four gray closets and Leslie's sons skate around five.,Those men skate around four closets and Leslie's sons skate around five gray.,660,-7.09375,-7.21875,-106.0,-108.5,"tensor(-8.6875, device='cuda:0', dtype=torch.bfloat16);tensor(-7.1875, device='cuda:0', dtype=torch.bfloat16);tensor(-12.6250, device='cuda:0', dtype=torch.bfloat16);tensor(-4.7500, device='cuda:0', dtype=torch.bfloat16);tensor(-7.3750, device='cuda:0', dtype=torch.bfloat16);tensor(-11.5000, device='cuda:0', dtype=torch.bfloat16);tensor(-12.2500, device='cuda:0', dtype=torch.bfloat16);tensor(-2.5625, device='cuda:0', dtype=torch.bfloat16);tensor(-13.6875, device='cuda:0', dtype=torch.bfloat16);tensor(-3.8750, device='cuda:0', dtype=torch.bfloat16);tensor(-8.5625, device='cuda:0', dtype=torch.bfloat16);tensor(-5.4062, device='cuda:0', dtype=torch.bfloat16);tensor(-0.7500, device='cuda:0', dtype=torch.bfloat16);tensor(-3.5000, device='cuda:0', dtype=torch.bfloat16);tensor(-3.5000, device='cuda:0', dtype=torch.bfloat16)","tensor(-8.6875, device='cuda:0', dtype=torch.bfloat16);tensor(-7.1875, device='cuda:0', dtype=torch.bfloat16);tensor(-12.6250, device='cuda:0', dtype=torch.bfloat16);tensor(-4.7500, device='cuda:0', dtype=torch.bfloat16);tensor(-7.3750, device='cuda:0', dtype=torch.bfloat16);tensor(-14.2500, device='cuda:0', dtype=torch.bfloat16);tensor(-2.8750, device='cuda:0', dtype=torch.bfloat16);tensor(-13.4375, device='cuda:0', dtype=torch.bfloat16);tensor(-3.8750, device='cuda:0', dtype=torch.bfloat16);tensor(-8.7500, device='cuda:0', dtype=torch.bfloat16);tensor(-5.2500, device='cuda:0', dtype=torch.bfloat16);tensor(-0.6875, device='cuda:0', dtype=torch.bfloat16);tensor(-3., device='cuda:0', dtype=torch.bfloat16);tensor(-10.8750, device='cuda:0', dtype=torch.bfloat16);tensor(-4.7500, device='cuda:0', dtype=torch.bfloat16)",blimp
ellipsis_n_bar_1,James was fixing a lot of small screens and Homer's granddaughters weren't fixing a few.,James was fixing a lot of screens and Homer's granddaughters weren't fixing a few small.,411,-5.28125,-5.625,-105.5,-112.5,"tensor(-8.3750, device='cuda:0', dtype=torch.bfloat16);tensor(-6.7500, device='cuda:0', dtype=torch.bfloat16);tensor(-12., device='cuda:0', dtype=torch.bfloat16);tensor(-1.3750, device='cuda:0', dtype=torch.bfloat16);tensor(-7.1875, device='cuda:0', dtype=torch.bfloat16);tensor(0., device='cuda:0', dtype=torch.bfloat16);tensor(-4.4375, device='cuda:0', dtype=torch.bfloat16);tensor(-7.7188, device='cuda:0', dtype=torch.bfloat16);tensor(-2.3750, device='cuda:0', dtype=torch.bfloat16);tensor(-13.4375, device='cuda:0', dtype=torch.bfloat16);tensor(-3.9375, device='cuda:0', dtype=torch.bfloat16);tensor(-7.0625, device='cuda:0', dtype=torch.bfloat16);tensor(-5.8125, device='cuda:0', dtype=torch.bfloat16);tensor(0., device='cuda:0', dtype=torch.bfloat16);tensor(-6.1875, device='cuda:0', dtype=torch.bfloat16);tensor(0., device='cuda:0', dtype=torch.bfloat16);tensor(-6.4375, device='cuda:0', dtype=torch.bfloat16);tensor(-3.3750, device='cuda:0', dtype=torch.bfloat16);tensor(-5., device='cuda:0', dtype=torch.bfloat16);tensor(-4.0625, device='cuda:0', dtype=torch.bfloat16)","tensor(-8.3750, device='cuda:0', dtype=torch.bfloat16);tensor(-6.7500, device='cuda:0', dtype=torch.bfloat16);tensor(-12., device='cuda:0', dtype=torch.bfloat16);tensor(-1.3750, device='cuda:0', dtype=torch.bfloat16);tensor(-7.1875, device='cuda:0', dtype=torch.bfloat16);tensor(0., device='cuda:0', dtype=torch.bfloat16);tensor(-7.6250, device='cuda:0', dtype=torch.bfloat16);tensor(-2.3750, device='cuda:0', dtype=torch.bfloat16);tensor(-13.5625, device='cuda:0', dtype=torch.bfloat16);tensor(-4.1875, device='cuda:0', dtype=torch.bfloat16);tensor(-7.0938, device='cuda:0', dtype=torch.bfloat16);tensor(-6., device='cuda:0', dtype=torch.bfloat16);tensor(0., device='cuda:0', dtype=torch.bfloat16);tensor(-6.1250, device='cuda:0', dtype=torch.bfloat16);tensor(0., device='cuda:0', dtype=torch.bfloat16);tensor(-6.4375, device='cuda:0', dtype=torch.bfloat16);tensor(-3.1250, device='cuda:0', dtype=torch.bfloat16);tensor(-5.6875, device='cuda:0', dtype=torch.bfloat16);tensor(-7.0625, device='cuda:0', dtype=torch.bfloat16);tensor(-7.3438, device='cuda:0', dtype=torch.bfloat16)",blimp
ellipsis_n_bar_1,Gerald's bosses shouldn't walk through one rough hill and that friend of Rachel shouldn't walk through a lot.,Gerald's bosses shouldn't walk through one hill and that friend of Rachel shouldn't walk through a lot rough.,678,-5.96875,-6.15625,-137.0,-142.0,"tensor(-6.6562, device='cuda:0', dtype=torch.bfloat16);tensor(-5.5625, device='cuda:0', dtype=torch.bfloat16);tensor(-6.6250, device='cuda:0', dtype=torch.bfloat16);tensor(-13.9375, device='cuda:0', dtype=torch.bfloat16);tensor(-9.9375, device='cuda:0', dtype=torch.bfloat16);tensor(0., device='cuda:0', dtype=torch.bfloat16);tensor(-8., device='cuda:0', dtype=torch.bfloat16);tensor(-4.5625, device='cuda:0', dtype=torch.bfloat16);tensor(-8.0625, device='cuda:0', dtype=torch.bfloat16);tensor(-11., device='cuda:0', dtype=torch.bfloat16);tensor(-9.1875, device='cuda:0', dtype=torch.bfloat16);tensor(-3.2500, device='cuda:0', dtype=torch.bfloat16);tensor(-5.4375, device='cuda:0', dtype=torch.bfloat16);tensor(-11.4375, device='cuda:0', dtype=torch.bfloat16);tensor(-2.1875, device='cuda:0', dtype=torch.bfloat16);tensor(-9.3750, device='cuda:0', dtype=torch.bfloat16);tensor(-6.0312, device='cuda:0', dtype=torch.bfloat16);tensor(0., device='cuda:0', dtype=torch.bfloat16);tensor(-1.7500, device='cuda:0', dtype=torch.bfloat16);tensor(-0.2500, device='cuda:0', dtype=torch.bfloat16);tensor(-2.3125, device='cuda:0', dtype=torch.bfloat16);tensor(-4.9375, device='cuda:0', dtype=torch.bfloat16);tensor(-6.7500, device='cuda:0', dtype=torch.bfloat16)","tensor(-6.6562, device='cuda:0', dtype=torch.bfloat16);tensor(-5.5625, device='cuda:0', dtype=torch.bfloat16);tensor(-6.6250, device='cuda:0', dtype=torch.bfloat16);tensor(-13.9375, device='cuda:0', dtype=torch.bfloat16);tensor(-9.9375, device='cuda:0', dtype=torch.bfloat16);tensor(0., device='cuda:0', dtype=torch.bfloat16);tensor(-8., device='cuda:0', dtype=torch.bfloat16);tensor(-4.5625, device='cuda:0', dtype=torch.bfloat16);tensor(-8.0625, device='cuda:0', dtype=torch.bfloat16);tensor(-10.2500, device='cuda:0', dtype=torch.bfloat16);tensor(-3.3750, device='cuda:0', dtype=torch.bfloat16);tensor(-5.7188, device='cuda:0', dtype=torch.bfloat16);tensor(-11.5000, device='cuda:0', dtype=torch.bfloat16);tensor(-2.1875, device='cuda:0', dtype=torch.bfloat16);tensor(-9.3750, device='cuda:0', dtype=torch.bfloat16);tensor(-6.6875, device='cuda:0', dtype=torch.bfloat16);tensor(0., device='cuda:0', dtype=torch.bfloat16);tensor(-1.2500, device='cuda:0', dtype=torch.bfloat16);tensor(-0.1250, device='cuda:0', dtype=torch.bfloat16);tensor(-2.8750, device='cuda:0', dtype=torch.bfloat16);tensor(-6.3750, device='cuda:0', dtype=torch.bfloat16);tensor(-13.9375, device='cuda:0', dtype=torch.bfloat16);tensor(-4.5000, device='cuda:0', dtype=torch.bfloat16)",blimp
ellipsis_n_bar_1,Many men listen to one unlucky grandson of and a lot of pedestrians listen to five.,Many men listen to one grandson of and a lot of pedestrians listen to five unlucky.,626,-6.40625,-6.46875,-109.0,-110.0,"tensor(-7.5000, device='cuda:0', dtype=torch.bfloat16);tensor(-5.8438, device='cuda:0', dtype=torch.bfloat16);tensor(-10.5000, device='cuda:0', dtype=torch.bfloat16);tensor(-0.2500, device='cuda:0', dtype=torch.bfloat16);tensor(-7.0938, device='cuda:0', dtype=torch.bfloat16);tensor(-13.1250, device='cuda:0', dtype=torch.bfloat16);tensor(-11.5000, device='cuda:0', dtype=torch.bfloat16);tensor(-2.5000, device='cuda:0', dtype=torch.bfloat16);tensor(-10.1250, device='cuda:0', dtype=torch.bfloat16);tensor(-4.3125, device='cuda:0', dtype=torch.bfloat16);tensor(-4.0625, device='cuda:0', dtype=torch.bfloat16);tensor(-0.3750, device='cuda:0', dtype=torch.bfloat16);tensor(-11.5625, device='cuda:0', dtype=torch.bfloat16);tensor(-8.2500, device='cuda:0', dtype=torch.bfloat16);tensor(-0.3125, device='cuda:0', dtype=torch.bfloat16);tensor(-7.2812, device='cuda:0', dtype=torch.bfloat16);tensor(-4.5625, device='cuda:0', dtype=torch.bfloat16)","tensor(-7.5000, device='cuda:0', dtype=torch.bfloat16);tensor(-5.8438, device='cuda:0', dtype=torch.bfloat16);tensor(-10.5000, device='cuda:0', dtype=torch.bfloat16);tensor(-0.2500, device='cuda:0', dtype=torch.bfloat16);tensor(-7.0938, device='cuda:0', dtype=torch.bfloat16);tensor(-14., device='cuda:0', dtype=torch.bfloat16);tensor(-2.3750, device='cuda:0', dtype=torch.bfloat16);tensor(-10.1875, device='cuda:0', dtype=torch.bfloat16);tensor(-4.1875, device='cuda:0', dtype=torch.bfloat16);tensor(-4.3750, device='cuda:0', dtype=torch.bfloat16);tensor(-0.3750, device='cuda:0', dtype=torch.bfloat16);tensor(-11.8125, device='cuda:0', dtype=torch.bfloat16);tensor(-7., device='cuda:0', dtype=torch.bfloat16);tensor(-0.3750, device='cuda:0', dtype=torch.bfloat16);tensor(-7.1875, device='cuda:0', dtype=torch.bfloat16);tensor(-12.8750, device='cuda:0', dtype=torch.bfloat16);tensor(-4.0625, device='cuda:0', dtype=torch.bfloat16)",blimp
ellipsis_n_bar_1,Some guest knows one nice doctor and Patricia knows two.,Some guest knows one doctor and Patricia knows two nice.,513,-7.625,-8.125,-84.0,-89.5,"tensor(-7.7500, device='cuda:0', dtype=torch.bfloat16);tensor(-11.2500, device='cuda:0', dtype=torch.bfloat16);tensor(-13.1250, device='cuda:0', dtype=torch.bfloat16);tensor(-6.9375, device='cuda:0', dtype=torch.bfloat16);tensor(-8.8750, device='cuda:0', dtype=torch.bfloat16);tensor(-9.2500, device='cuda:0', dtype=torch.bfloat16);tensor(-3.6250, device='cuda:0', dtype=torch.bfloat16);tensor(-11.5000, device='cuda:0', dtype=torch.bfloat16);tensor(-4.1875, device='cuda:0', dtype=torch.bfloat16);tensor(-5., device='cuda:0', dtype=torch.bfloat16);tensor(-2.4375, device='cuda:0', dtype=torch.bfloat16)","tensor(-7.7500, device='cuda:0', dtype=torch.bfloat16);tensor(-11.2500, device='cuda:0', dtype=torch.bfloat16);tensor(-13.1250, device='cuda:0', dtype=torch.bfloat16);tensor(-6.9375, device='cuda:0', dtype=torch.bfloat16);tensor(-9.5000, device='cuda:0', dtype=torch.bfloat16);tensor(-3.5625, device='cuda:0', dtype=torch.bfloat16);tensor(-12.7500, device='cuda:0', dtype=torch.bfloat16);tensor(-3.9375, device='cuda:0', dtype=torch.bfloat16);tensor(-4.0625, device='cuda:0', dtype=torch.bfloat16);tensor(-10.3750, device='cuda:0', dtype=torch.bfloat16);tensor(-6.1250, device='cuda:0', dtype=torch.bfloat16)",blimp
ellipsis_n_bar_1,Scott's teachers are leaving one scared grandfather of and David isn't leaving a lot.,Scott's teachers are leaving one grandfather of and David isn't leaving a lot scared.,859,-6.8125,-6.65625,-116.0,-113.0,"tensor(-8.5000, device='cuda:0', dtype=torch.bfloat16);tensor(-4.8125, device='cuda:0', dtype=torch.bfloat16);tensor(-11.5625, device='cuda:0', dtype=torch.bfloat16);tensor(-3.1250, device='cuda:0', dtype=torch.bfloat16);tensor(-7.4062, device='cuda:0', dtype=torch.bfloat16);tensor(-5.1250, device='cuda:0', dtype=torch.bfloat16);tensor(-12.1250, device='cuda:0', dtype=torch.bfloat16);tensor(-10.3750, device='cuda:0', dtype=torch.bfloat16);tensor(-4.9375, device='cuda:0', dtype=torch.bfloat16);tensor(-11., device='cuda:0', dtype=torch.bfloat16);tensor(-9., device='cuda:0', dtype=torch.bfloat16);tensor(-10.6875, device='cuda:0', dtype=torch.bfloat16);tensor(-0.1250, device='cuda:0', dtype=torch.bfloat16);tensor(-5.1250, device='cuda:0', dtype=torch.bfloat16);tensor(-3.2500, device='cuda:0', dtype=torch.bfloat16);tensor(-5., device='cuda:0', dtype=torch.bfloat16);tensor(-3.8750, device='cuda:0', dtype=torch.bfloat16)","tensor(-8.5000, device='cuda:0', dtype=torch.bfloat16);tensor(-4.8125, device='cuda:0', dtype=torch.bfloat16);tensor(-11.5625, device='cuda:0', dtype=torch.bfloat16);tensor(-3.1250, device='cuda:0', dtype=torch.bfloat16);tensor(-7.4062, device='cuda:0', dtype=torch.bfloat16);tensor(-5.1250, device='cuda:0', dtype=torch.bfloat16);tensor(-13., device='cuda:0', dtype=torch.bfloat16);tensor(-4.4375, device='cuda:0', dtype=torch.bfloat16);tensor(-9.8125, device='cuda:0', dtype=torch.bfloat16);tensor(-8.0625, device='cuda:0', dtype=torch.bfloat16);tensor(-10.5000, device='cuda:0', dtype=torch.bfloat16);tensor(-0.1250, device='cuda:0', dtype=torch.bfloat16);tensor(-4.0625, device='cuda:0', dtype=torch.bfloat16);tensor(-3.5625, device='cuda:0', dtype=torch.bfloat16);tensor(-5., device='cuda:0', dtype=torch.bfloat16);tensor(-11.3125, device='cuda:0', dtype=torch.bfloat16);tensor(-2.6875, device='cuda:0', dtype=torch.bfloat16)",blimp
ellipsis_n_bar_1,Guy wears one soft blouse and Wendy wears several.,Guy wears one blouse and Wendy wears several soft.,136,-7.15625,-7.90625,-71.5,-79.0,"tensor(-10.1250, device='cuda:0', dtype=torch.bfloat16);tensor(-10.6250, device='cuda:0', dtype=torch.bfloat16);tensor(-6., device='cuda:0', dtype=torch.bfloat16);tensor(-10., device='cuda:0', dtype=torch.bfloat16);tensor(-9., device='cuda:0', dtype=torch.bfloat16);tensor(-1.7500, device='cuda:0', dtype=torch.bfloat16);tensor(-13., device='cuda:0', dtype=torch.bfloat16);tensor(-1.5625, device='cuda:0', dtype=torch.bfloat16);tensor(-5.7500, device='cuda:0', dtype=torch.bfloat16);tensor(-3.8125, device='cuda:0', dtype=torch.bfloat16)","tensor(-10.1250, device='cuda:0', dtype=torch.bfloat16);tensor(-10.6250, device='cuda:0', dtype=torch.bfloat16);tensor(-6., device='cuda:0', dtype=torch.bfloat16);tensor(-9.3750, device='cuda:0', dtype=torch.bfloat16);tensor(-2.0625, device='cuda:0', dtype=torch.bfloat16);tensor(-13.0625, device='cuda:0', dtype=torch.bfloat16);tensor(-1.3750, device='cuda:0', dtype=torch.bfloat16);tensor(-5.5000, device='cuda:0', dtype=torch.bfloat16);tensor(-11.5000, device='cuda:0', dtype=torch.bfloat16);tensor(-9.3125, device='cuda:0', dtype=torch.bfloat16)",blimp
ellipsis_n_bar_2,Phillip's tutor had seen two banks and those mothers of Paula had seen three smooth banks.,Phillip's tutor had seen two important banks and those mothers of Paula had seen three smooth.,521,-6.1875,-6.6875,-117.5,-127.0,"tensor(-10.2500, device='cuda:0', dtype=torch.bfloat16);tensor(-1.1250, device='cuda:0', dtype=torch.bfloat16);tensor(-4.5625, device='cuda:0', dtype=torch.bfloat16);tensor(-11.3125, device='cuda:0', dtype=torch.bfloat16);tensor(-6.2500, device='cuda:0', dtype=torch.bfloat16);tensor(-5.8125, device='cuda:0', dtype=torch.bfloat16);tensor(-7.1250, device='cuda:0', dtype=torch.bfloat16);tensor(-8.4375, device='cuda:0', dtype=torch.bfloat16);tensor(-3.5625, device='cuda:0', dtype=torch.bfloat16);tensor(-9., device='cuda:0', dtype=torch.bfloat16);tensor(-9.8750, device='cuda:0', dtype=torch.bfloat16);tensor(-1.5000, device='cuda:0', dtype=torch.bfloat16);tensor(-12.6875, device='cuda:0', dtype=torch.bfloat16);tensor(-5.1250, device='cuda:0', dtype=torch.bfloat16);tensor(-1.8750, device='cuda:0', dtype=torch.bfloat16);tensor(-2.5625, device='cuda:0', dtype=torch.bfloat16);tensor(-12.3125, device='cuda:0', dtype=torch.bfloat16);tensor(-2.6250, device='cuda:0', dtype=torch.bfloat16);tensor(-1.6250, device='cuda:0', dtype=torch.bfloat16)","tensor(-10.2500, device='cuda:0', dtype=torch.bfloat16);tensor(-1.1250, device='cuda:0', dtype=torch.bfloat16);tensor(-4.5625, device='cuda:0', dtype=torch.bfloat16);tensor(-11.3125, device='cuda:0', dtype=torch.bfloat16);tensor(-6.2500, device='cuda:0', dtype=torch.bfloat16);tensor(-5.8125, device='cuda:0', dtype=torch.bfloat16);tensor(-7.1250, device='cuda:0', dtype=torch.bfloat16);tensor(-6.3125, device='cuda:0', dtype=torch.bfloat16);tensor(-10.1250, device='cuda:0', dtype=torch.bfloat16);tensor(-3.1875, device='cuda:0', dtype=torch.bfloat16);tensor(-8.8750, device='cuda:0', dtype=torch.bfloat16);tensor(-9.7500, device='cuda:0', dtype=torch.bfloat16);tensor(-1.8750, device='cuda:0', dtype=torch.bfloat16);tensor(-11.9375, device='cuda:0', dtype=torch.bfloat16);tensor(-4.3125, device='cuda:0', dtype=torch.bfloat16);tensor(-2.5625, device='cuda:0', dtype=torch.bfloat16);tensor(-3.7500, device='cuda:0', dtype=torch.bfloat16);tensor(-11.6875, device='cuda:0', dtype=torch.bfloat16);tensor(-5.9688, device='cuda:0', dtype=torch.bfloat16)",blimp
ellipsis_n_bar_2,Brian talks to one grandson of and some person's grandfather talks to a lot serious grandson of.,Brian talks to one unsure grandson of and some person's grandfather talks to a lot serious.,737,-6.59375,-7.03125,-125.0,-127.0,"tensor(-8.8750, device='cuda:0', dtype=torch.bfloat16);tensor(-8.6250, device='cuda:0', dtype=torch.bfloat16);tensor(-1.3750, device='cuda:0', dtype=torch.bfloat16);tensor(-7.1875, device='cuda:0', dtype=torch.bfloat16);tensor(-14.8750, device='cuda:0', dtype=torch.bfloat16);tensor(-2.2500, device='cuda:0', dtype=torch.bfloat16);tensor(-9.8125, device='cuda:0', dtype=torch.bfloat16);tensor(-7.8125, device='cuda:0', dtype=torch.bfloat16);tensor(-9.6875, device='cuda:0', dtype=torch.bfloat16);tensor(-5.4375, device='cuda:0', dtype=torch.bfloat16);tensor(-4.5625, device='cuda:0', dtype=torch.bfloat16);tensor(-9.5000, device='cuda:0', dtype=torch.bfloat16);tensor(-0.4375, device='cuda:0', dtype=torch.bfloat16);tensor(-3.1875, device='cuda:0', dtype=torch.bfloat16);tensor(-4.1875, device='cuda:0', dtype=torch.bfloat16);tensor(-14.5625, device='cuda:0', dtype=torch.bfloat16);tensor(-5.8125, device='cuda:0', dtype=torch.bfloat16);tensor(-1.9375, device='cuda:0', dtype=torch.bfloat16);tensor(-4.9375, device='cuda:0', dtype=torch.bfloat16)","tensor(-8.8750, device='cuda:0', dtype=torch.bfloat16);tensor(-8.6250, device='cuda:0', dtype=torch.bfloat16);tensor(-1.3750, device='cuda:0', dtype=torch.bfloat16);tensor(-7.1875, device='cuda:0', dtype=torch.bfloat16);tensor(-17.3750, device='cuda:0', dtype=torch.bfloat16);tensor(-11.1250, device='cuda:0', dtype=torch.bfloat16);tensor(-2.1250, device='cuda:0', dtype=torch.bfloat16);tensor(-10.0625, device='cuda:0', dtype=torch.bfloat16);tensor(-8.3750, device='cuda:0', dtype=torch.bfloat16);tensor(-8.8750, device='cuda:0', dtype=torch.bfloat16);tensor(-4.5000, device='cuda:0', dtype=torch.bfloat16);tensor(-3.5000, device='cuda:0', dtype=torch.bfloat16);tensor(-8.3750, device='cuda:0', dtype=torch.bfloat16);tensor(-0.6250, device='cuda:0', dtype=torch.bfloat16);tensor(-2.3750, device='cuda:0', dtype=torch.bfloat16);tensor(-5.0625, device='cuda:0', dtype=torch.bfloat16);tensor(-13.1250, device='cuda:0', dtype=torch.bfloat16);tensor(-5.2500, device='cuda:0', dtype=torch.bfloat16)",blimp
ellipsis_n_bar_2,Companies hate several sons and the Clintons hate a few uncertain sons.,Companies hate several clever sons and the Clintons hate a few uncertain.,740,-7.0,-7.6875,-91.0,-100.0,"tensor(-9.8125, device='cuda:0', dtype=torch.bfloat16);tensor(-10.2500, device='cuda:0', dtype=torch.bfloat16);tensor(-11.8750, device='cuda:0', dtype=torch.bfloat16);tensor(-12.6250, device='cuda:0', dtype=torch.bfloat16);tensor(-2., device='cuda:0', dtype=torch.bfloat16);tensor(-4.7500, device='cuda:0', dtype=torch.bfloat16);tensor(-11.0625, device='cuda:0', dtype=torch.bfloat16);tensor(-3.4375, device='cuda:0', dtype=torch.bfloat16);tensor(-4.1875, device='cuda:0', dtype=torch.bfloat16);tensor(-3.3750, device='cuda:0', dtype=torch.bfloat16);tensor(-12.3750, device='cuda:0', dtype=torch.bfloat16);tensor(-4.1250, device='cuda:0', dtype=torch.bfloat16);tensor(-1.1250, device='cuda:0', dtype=torch.bfloat16)","tensor(-9.8125, device='cuda:0', dtype=torch.bfloat16);tensor(-10.2500, device='cuda:0', dtype=torch.bfloat16);tensor(-11.8750, device='cuda:0', dtype=torch.bfloat16);tensor(-10.5000, device='cuda:0', dtype=torch.bfloat16);tensor(-12.1875, device='cuda:0', dtype=torch.bfloat16);tensor(-1.8125, device='cuda:0', dtype=torch.bfloat16);tensor(-5.4375, device='cuda:0', dtype=torch.bfloat16);tensor(-11.3750, device='cuda:0', dtype=torch.bfloat16);tensor(-3.0625, device='cuda:0', dtype=torch.bfloat16);tensor(-3.5000, device='cuda:0', dtype=torch.bfloat16);tensor(-2.8750, device='cuda:0', dtype=torch.bfloat16);tensor(-11.5625, device='cuda:0', dtype=torch.bfloat16);tensor(-5.8750, device='cuda:0', dtype=torch.bfloat16)",blimp
ellipsis_n_bar_2,Kirsten discusses one school and Steven discusses more old school.,Kirsten discusses one purple school and Steven discusses more old.,660,-6.4375,-7.53125,-83.5,-98.0,"tensor(-6.6875, device='cuda:0', dtype=torch.bfloat16);tensor(-6.6875, device='cuda:0', dtype=torch.bfloat16);tensor(-0.8750, device='cuda:0', dtype=torch.bfloat16);tensor(-10.8125, device='cuda:0', dtype=torch.bfloat16);tensor(-7.0938, device='cuda:0', dtype=torch.bfloat16);tensor(-7.3125, device='cuda:0', dtype=torch.bfloat16);tensor(-5.9375, device='cuda:0', dtype=torch.bfloat16);tensor(-12.5000, device='cuda:0', dtype=torch.bfloat16);tensor(-2., device='cuda:0', dtype=torch.bfloat16);tensor(-7.2500, device='cuda:0', dtype=torch.bfloat16);tensor(-9.3750, device='cuda:0', dtype=torch.bfloat16);tensor(-1.9375, device='cuda:0', dtype=torch.bfloat16);tensor(-5.1875, device='cuda:0', dtype=torch.bfloat16)","tensor(-6.6875, device='cuda:0', dtype=torch.bfloat16);tensor(-6.6875, device='cuda:0', dtype=torch.bfloat16);tensor(-0.8750, device='cuda:0', dtype=torch.bfloat16);tensor(-10.8125, device='cuda:0', dtype=torch.bfloat16);tensor(-7.0938, device='cuda:0', dtype=torch.bfloat16);tensor(-14.2500, device='cuda:0', dtype=torch.bfloat16);tensor(-7.7188, device='cuda:0', dtype=torch.bfloat16);tensor(-4.1875, device='cuda:0', dtype=torch.bfloat16);tensor(-11.7500, device='cuda:0', dtype=torch.bfloat16);tensor(-2.5625, device='cuda:0', dtype=torch.bfloat16);tensor(-7.4062, device='cuda:0', dtype=torch.bfloat16);tensor(-8.2500, device='cuda:0', dtype=torch.bfloat16);tensor(-9.6250, device='cuda:0', dtype=torch.bfloat16)",blimp
ellipsis_n_bar_2,Friends of Christopher hug one grandson of and senators' contractors hug a lot long grandson of.,Friends of Christopher hug one fast grandson of and senators' contractors hug a lot long.,411,-7.875,-8.5625,-142.0,-146.0,"tensor(-9.7500, device='cuda:0', dtype=torch.bfloat16);tensor(-0.4375, device='cuda:0', dtype=torch.bfloat16);tensor(-9.8750, device='cuda:0', dtype=torch.bfloat16);tensor(-18., device='cuda:0', dtype=torch.bfloat16);tensor(-5.1250, device='cuda:0', dtype=torch.bfloat16);tensor(-14., device='cuda:0', dtype=torch.bfloat16);tensor(-1.6875, device='cuda:0', dtype=torch.bfloat16);tensor(-9.2500, device='cuda:0', dtype=torch.bfloat16);tensor(-12.3750, device='cuda:0', dtype=torch.bfloat16);tensor(-5.7500, device='cuda:0', dtype=torch.bfloat16);tensor(-13.3125, device='cuda:0', dtype=torch.bfloat16);tensor(-8.6250, device='cuda:0', dtype=torch.bfloat16);tensor(-4.2500, device='cuda:0', dtype=torch.bfloat16);tensor(-5.1875, device='cuda:0', dtype=torch.bfloat16);tensor(-11.2500, device='cuda:0', dtype=torch.bfloat16);tensor(-7.5312, device='cuda:0', dtype=torch.bfloat16);tensor(-0.3750, device='cuda:0', dtype=torch.bfloat16);tensor(-5.1250, device='cuda:0', dtype=torch.bfloat16)","tensor(-9.7500, device='cuda:0', dtype=torch.bfloat16);tensor(-0.4375, device='cuda:0', dtype=torch.bfloat16);tensor(-9.8750, device='cuda:0', dtype=torch.bfloat16);tensor(-18., device='cuda:0', dtype=torch.bfloat16);tensor(-5.1250, device='cuda:0', dtype=torch.bfloat16);tensor(-16.5000, device='cuda:0', dtype=torch.bfloat16);tensor(-12.8125, device='cuda:0', dtype=torch.bfloat16);tensor(-1.9375, device='cuda:0', dtype=torch.bfloat16);tensor(-8.7500, device='cuda:0', dtype=torch.bfloat16);tensor(-11.6250, device='cuda:0', dtype=torch.bfloat16);tensor(-6.7188, device='cuda:0', dtype=torch.bfloat16);tensor(-12.5625, device='cuda:0', dtype=torch.bfloat16);tensor(-10.2500, device='cuda:0', dtype=torch.bfloat16);tensor(-3.8125, device='cuda:0', dtype=torch.bfloat16);tensor(-4.9062, device='cuda:0', dtype=torch.bfloat16);tensor(-9.2500, device='cuda:0', dtype=torch.bfloat16);tensor(-3.6250, device='cuda:0', dtype=torch.bfloat16)",blimp
ellipsis_n_bar_2,Kendra's tutors couldn't investigate one ex-boyfriend and Jason couldn't investigate four unlucky ex-boyfriend.,Kendra's tutors couldn't investigate one uncertain ex-boyfriend and Jason couldn't investigate four unlucky.,678,-5.46875,-6.53125,-120.5,-130.0,"tensor(-6.6875, device='cuda:0', dtype=torch.bfloat16);tensor(-7.0625, device='cuda:0', dtype=torch.bfloat16);tensor(-3.6250, device='cuda:0', dtype=torch.bfloat16);tensor(-13.9375, device='cuda:0', dtype=torch.bfloat16);tensor(-10.1250, device='cuda:0', dtype=torch.bfloat16);tensor(-0.1250, device='cuda:0', dtype=torch.bfloat16);tensor(-11.7500, device='cuda:0', dtype=torch.bfloat16);tensor(-7.1250, device='cuda:0', dtype=torch.bfloat16);tensor(-9.8750, device='cuda:0', dtype=torch.bfloat16);tensor(-2.3125, device='cuda:0', dtype=torch.bfloat16);tensor(0., device='cuda:0', dtype=torch.bfloat16);tensor(-3.3750, device='cuda:0', dtype=torch.bfloat16);tensor(-9.8750, device='cuda:0', dtype=torch.bfloat16);tensor(-5.3750, device='cuda:0', dtype=torch.bfloat16);tensor(0., device='cuda:0', dtype=torch.bfloat16);tensor(-2.0625, device='cuda:0', dtype=torch.bfloat16);tensor(-6.0625, device='cuda:0', dtype=torch.bfloat16);tensor(-13.2500, device='cuda:0', dtype=torch.bfloat16);tensor(-2.8750, device='cuda:0', dtype=torch.bfloat16);tensor(-1., device='cuda:0', dtype=torch.bfloat16);tensor(-1.7500, device='cuda:0', dtype=torch.bfloat16);tensor(-2.2500, device='cuda:0', dtype=torch.bfloat16)","tensor(-6.6875, device='cuda:0', dtype=torch.bfloat16);tensor(-7.0625, device='cuda:0', dtype=torch.bfloat16);tensor(-3.6250, device='cuda:0', dtype=torch.bfloat16);tensor(-13.9375, device='cuda:0', dtype=torch.bfloat16);tensor(-10.1250, device='cuda:0', dtype=torch.bfloat16);tensor(-0.1250, device='cuda:0', dtype=torch.bfloat16);tensor(-11.7500, device='cuda:0', dtype=torch.bfloat16);tensor(-7.1250, device='cuda:0', dtype=torch.bfloat16);tensor(-12.6250, device='cuda:0', dtype=torch.bfloat16);tensor(-8.6250, device='cuda:0', dtype=torch.bfloat16);tensor(-4.3750, device='cuda:0', dtype=torch.bfloat16);tensor(0., device='cuda:0', dtype=torch.bfloat16);tensor(-2.8125, device='cuda:0', dtype=torch.bfloat16);tensor(-9.6250, device='cuda:0', dtype=torch.bfloat16);tensor(-5.6875, device='cuda:0', dtype=torch.bfloat16);tensor(0., device='cuda:0', dtype=torch.bfloat16);tensor(-3.3750, device='cuda:0', dtype=torch.bfloat16);tensor(-5.9062, device='cuda:0', dtype=torch.bfloat16);tensor(-9.5625, device='cuda:0', dtype=torch.bfloat16);tensor(-7.4062, device='cuda:0', dtype=torch.bfloat16)",blimp
ellipsis_n_bar_2,Todd fixes one glass and the grandson of Tonya fixes three hidden glass.,Todd fixes one exposed glass and the grandson of Tonya fixes three hidden.,626,-6.5,-6.96875,-97.5,-104.5,"tensor(-10.5000, device='cuda:0', dtype=torch.bfloat16);tensor(-11.4375, device='cuda:0', dtype=torch.bfloat16);tensor(-6., device='cuda:0', dtype=torch.bfloat16);tensor(-8.5000, device='cuda:0', dtype=torch.bfloat16);tensor(-3.0625, device='cuda:0', dtype=torch.bfloat16);tensor(-2.5625, device='cuda:0', dtype=torch.bfloat16);tensor(-11., device='cuda:0', dtype=torch.bfloat16);tensor(-1., device='cuda:0', dtype=torch.bfloat16);tensor(-9.2500, device='cuda:0', dtype=torch.bfloat16);tensor(-5.4375, device='cuda:0', dtype=torch.bfloat16);tensor(-3.3125, device='cuda:0', dtype=torch.bfloat16);tensor(-5.8750, device='cuda:0', dtype=torch.bfloat16);tensor(-13.6250, device='cuda:0', dtype=torch.bfloat16);tensor(-3., device='cuda:0', dtype=torch.bfloat16);tensor(-3.0625, device='cuda:0', dtype=torch.bfloat16)","tensor(-10.5000, device='cuda:0', dtype=torch.bfloat16);tensor(-11.4375, device='cuda:0', dtype=torch.bfloat16);tensor(-6., device='cuda:0', dtype=torch.bfloat16);tensor(-12.2500, device='cuda:0', dtype=torch.bfloat16);tensor(-8.1250, device='cuda:0', dtype=torch.bfloat16);tensor(-3.5625, device='cuda:0', dtype=torch.bfloat16);tensor(-3.6250, device='cuda:0', dtype=torch.bfloat16);tensor(-11.7500, device='cuda:0', dtype=torch.bfloat16);tensor(-0.8750, device='cuda:0', dtype=torch.bfloat16);tensor(-9.3750, device='cuda:0', dtype=torch.bfloat16);tensor(-5.3125, device='cuda:0', dtype=torch.bfloat16);tensor(-4.5000, device='cuda:0', dtype=torch.bfloat16);tensor(-4.9375, device='cuda:0', dtype=torch.bfloat16);tensor(-7.8125, device='cuda:0', dtype=torch.bfloat16);tensor(-4.3750, device='cuda:0', dtype=torch.bfloat16)",blimp
ellipsis_n_bar_2,Sara did reveal a few reports and Naomi did reveal several brown reports.,Sara did reveal a few out in the open reports and Naomi did reveal several brown.,513,-5.84375,-6.125,-88.0,-110.0,"tensor(-6.3125, device='cuda:0', dtype=torch.bfloat16);tensor(-5.0625, device='cuda:0', dtype=torch.bfloat16);tensor(-9.5000, device='cuda:0', dtype=torch.bfloat16);tensor(-10.2500, device='cuda:0', dtype=torch.bfloat16);tensor(-3.2500, device='cuda:0', dtype=torch.bfloat16);tensor(-1.7500, device='cuda:0', dtype=torch.bfloat16);tensor(-9.6250, device='cuda:0', dtype=torch.bfloat16);tensor(-3.6250, device='cuda:0', dtype=torch.bfloat16);tensor(-12.3750, device='cuda:0', dtype=torch.bfloat16);tensor(-3.8750, device='cuda:0', dtype=torch.bfloat16);tensor(-2.8750, device='cuda:0', dtype=torch.bfloat16);tensor(-4.1875, device='cuda:0', dtype=torch.bfloat16);tensor(-10.6875, device='cuda:0', dtype=torch.bfloat16);tensor(-2.8125, device='cuda:0', dtype=torch.bfloat16);tensor(-1.6250, device='cuda:0', dtype=torch.bfloat16)","tensor(-6.3125, device='cuda:0', dtype=torch.bfloat16);tensor(-5.0625, device='cuda:0', dtype=torch.bfloat16);tensor(-9.5000, device='cuda:0', dtype=torch.bfloat16);tensor(-10.2500, device='cuda:0', dtype=torch.bfloat16);tensor(-3.2500, device='cuda:0', dtype=torch.bfloat16);tensor(-1.7500, device='cuda:0', dtype=torch.bfloat16);tensor(-10.2500, device='cuda:0', dtype=torch.bfloat16);tensor(-7.2500, device='cuda:0', dtype=torch.bfloat16);tensor(-0.9375, device='cuda:0', dtype=torch.bfloat16);tensor(-0.5000, device='cuda:0', dtype=torch.bfloat16);tensor(-8.8750, device='cuda:0', dtype=torch.bfloat16);tensor(-3.5000, device='cuda:0', dtype=torch.bfloat16);tensor(-12.4375, device='cuda:0', dtype=torch.bfloat16);tensor(-3.9375, device='cuda:0', dtype=torch.bfloat16);tensor(-3.2500, device='cuda:0', dtype=torch.bfloat16);tensor(-4.4375, device='cuda:0', dtype=torch.bfloat16);tensor(-10.7500, device='cuda:0', dtype=torch.bfloat16);tensor(-8., device='cuda:0', dtype=torch.bfloat16)",blimp
ellipsis_n_bar_2,Wendy's piano teachers hadn't run around one cafe and Karla hadn't run around four hidden cafe.,Wendy's piano teachers hadn't run around one red cafe and Karla hadn't run around four hidden.,859,-6.09375,-6.3125,-140.0,-145.0,"tensor(-6.6250, device='cuda:0', dtype=torch.bfloat16);tensor(-4.1250, device='cuda:0', dtype=torch.bfloat16);tensor(-0.2500, device='cuda:0', dtype=torch.bfloat16);tensor(-2.9375, device='cuda:0', dtype=torch.bfloat16);tensor(-15.5000, device='cuda:0', dtype=torch.bfloat16);tensor(-4.8125, device='cuda:0', dtype=torch.bfloat16);tensor(-15.3125, device='cuda:0', dtype=torch.bfloat16);tensor(-0.1250, device='cuda:0', dtype=torch.bfloat16);tensor(-8.7500, device='cuda:0', dtype=torch.bfloat16);tensor(-7.7500, device='cuda:0', dtype=torch.bfloat16);tensor(-8.8750, device='cuda:0', dtype=torch.bfloat16);tensor(-11.6250, device='cuda:0', dtype=torch.bfloat16);tensor(-3.7500, device='cuda:0', dtype=torch.bfloat16);tensor(-9.7500, device='cuda:0', dtype=torch.bfloat16);tensor(-4.3125, device='cuda:0', dtype=torch.bfloat16);tensor(-6.1562, device='cuda:0', dtype=torch.bfloat16);tensor(0., device='cuda:0', dtype=torch.bfloat16);tensor(-2.7500, device='cuda:0', dtype=torch.bfloat16);tensor(-0.4375, device='cuda:0', dtype=torch.bfloat16);tensor(-4.9375, device='cuda:0', dtype=torch.bfloat16);tensor(-13.2500, device='cuda:0', dtype=torch.bfloat16);tensor(-5.0625, device='cuda:0', dtype=torch.bfloat16);tensor(-2.8750, device='cuda:0', dtype=torch.bfloat16)","tensor(-6.6250, device='cuda:0', dtype=torch.bfloat16);tensor(-4.1250, device='cuda:0', dtype=torch.bfloat16);tensor(-0.2500, device='cuda:0', dtype=torch.bfloat16);tensor(-2.9375, device='cuda:0', dtype=torch.bfloat16);tensor(-15.5000, device='cuda:0', dtype=torch.bfloat16);tensor(-4.8125, device='cuda:0', dtype=torch.bfloat16);tensor(-15.3125, device='cuda:0', dtype=torch.bfloat16);tensor(-0.1250, device='cuda:0', dtype=torch.bfloat16);tensor(-8.7500, device='cuda:0', dtype=torch.bfloat16);tensor(-7.7500, device='cuda:0', dtype=torch.bfloat16);tensor(-8.8750, device='cuda:0', dtype=torch.bfloat16);tensor(-9.8750, device='cuda:0', dtype=torch.bfloat16);tensor(-10., device='cuda:0', dtype=torch.bfloat16);tensor(-3.3750, device='cuda:0', dtype=torch.bfloat16);tensor(-11.0625, device='cuda:0', dtype=torch.bfloat16);tensor(-3.1250, device='cuda:0', dtype=torch.bfloat16);tensor(-7.4688, device='cuda:0', dtype=torch.bfloat16);tensor(0., device='cuda:0', dtype=torch.bfloat16);tensor(-2.6250, device='cuda:0', dtype=torch.bfloat16);tensor(-0.3750, device='cuda:0', dtype=torch.bfloat16);tensor(-4.9375, device='cuda:0', dtype=torch.bfloat16);tensor(-11.5000, device='cuda:0', dtype=torch.bfloat16);tensor(-5.5625, device='cuda:0', dtype=torch.bfloat16)",blimp
ellipsis_n_bar_2,Samuel researches one newspaper article and Lucille's son researches four gray newspaper article.,Samuel researches one lost newspaper article and Lucille's son researches four gray.,136,-5.875,-6.53125,-111.5,-117.5,"tensor(-9., device='cuda:0', dtype=torch.bfloat16);tensor(-1.6250, device='cuda:0', dtype=torch.bfloat16);tensor(-15., device='cuda:0', dtype=torch.bfloat16);tensor(-1.2500, device='cuda:0', dtype=torch.bfloat16);tensor(-8.5000, device='cuda:0', dtype=torch.bfloat16);tensor(-11.3750, device='cuda:0', dtype=torch.bfloat16);tensor(-0.8750, device='cuda:0', dtype=torch.bfloat16);tensor(-2.6250, device='cuda:0', dtype=torch.bfloat16);tensor(-13.3750, device='cuda:0', dtype=torch.bfloat16);tensor(-1.9375, device='cuda:0', dtype=torch.bfloat16);tensor(-5.8750, device='cuda:0', dtype=torch.bfloat16);tensor(-8.5000, device='cuda:0', dtype=torch.bfloat16);tensor(-2.1250, device='cuda:0', dtype=torch.bfloat16);tensor(0., device='cuda:0', dtype=torch.bfloat16);tensor(-5., device='cuda:0', dtype=torch.bfloat16);tensor(-13.1875, device='cuda:0', dtype=torch.bfloat16);tensor(-4.8750, device='cuda:0', dtype=torch.bfloat16);tensor(-4., device='cuda:0', dtype=torch.bfloat16);tensor(-2.3125, device='cuda:0', dtype=torch.bfloat16)","tensor(-9., device='cuda:0', dtype=torch.bfloat16);tensor(-1.6250, device='cuda:0', dtype=torch.bfloat16);tensor(-15., device='cuda:0', dtype=torch.bfloat16);tensor(-1.2500, device='cuda:0', dtype=torch.bfloat16);tensor(-8.5000, device='cuda:0', dtype=torch.bfloat16);tensor(-11.8750, device='cuda:0', dtype=torch.bfloat16);tensor(-8.8750, device='cuda:0', dtype=torch.bfloat16);tensor(-2.1875, device='cuda:0', dtype=torch.bfloat16);tensor(-2.6875, device='cuda:0', dtype=torch.bfloat16);tensor(-12.0625, device='cuda:0', dtype=torch.bfloat16);tensor(-2.1250, device='cuda:0', dtype=torch.bfloat16);tensor(-4.2500, device='cuda:0', dtype=torch.bfloat16);tensor(-6.8750, device='cuda:0', dtype=torch.bfloat16);tensor(-3.6250, device='cuda:0', dtype=torch.bfloat16);tensor(-0.1250, device='cuda:0', dtype=torch.bfloat16);tensor(-5.7500, device='cuda:0', dtype=torch.bfloat16);tensor(-12.6250, device='cuda:0', dtype=torch.bfloat16);tensor(-9.0625, device='cuda:0', dtype=torch.bfloat16)",blimp
existential_there_object_raising,All committees anticipate there to be dresses fraying.,All committees pressured there to be dresses fraying.,521,-7.1875,-7.8125,-72.0,-78.0,"tensor(-6.9375, device='cuda:0', dtype=torch.bfloat16);tensor(-10., device='cuda:0', dtype=torch.bfloat16);tensor(-11.8750, device='cuda:0', dtype=torch.bfloat16);tensor(-5.5625, device='cuda:0', dtype=torch.bfloat16);tensor(-3.1250, device='cuda:0', dtype=torch.bfloat16);tensor(0., device='cuda:0', dtype=torch.bfloat16);tensor(-15.1250, device='cuda:0', dtype=torch.bfloat16);tensor(-10.6875, device='cuda:0', dtype=torch.bfloat16);tensor(-4., device='cuda:0', dtype=torch.bfloat16);tensor(-4.6250, device='cuda:0', dtype=torch.bfloat16)","tensor(-6.9375, device='cuda:0', dtype=torch.bfloat16);tensor(-10., device='cuda:0', dtype=torch.bfloat16);tensor(-15.1875, device='cuda:0', dtype=torch.bfloat16);tensor(-9.9375, device='cuda:0', dtype=torch.bfloat16);tensor(-3., device='cuda:0', dtype=torch.bfloat16);tensor(-1.4375, device='cuda:0', dtype=torch.bfloat16);tensor(-13.5625, device='cuda:0', dtype=torch.bfloat16);tensor(-9.5625, device='cuda:0', dtype=torch.bfloat16);tensor(-4.5625, device='cuda:0', dtype=torch.bfloat16);tensor(-3.8750, device='cuda:0', dtype=torch.bfloat16)",blimp
existential_there_object_raising,Denise discovered there to be an eggplant burning.,Denise motivated there to be an eggplant burning.,737,-6.125,-6.78125,-67.5,-74.5,"tensor(-9.6250, device='cuda:0', dtype=torch.bfloat16);tensor(-2.5625, device='cuda:0', dtype=torch.bfloat16);tensor(-10., device='cuda:0', dtype=torch.bfloat16);tensor(-7.0625, device='cuda:0', dtype=torch.bfloat16);tensor(-5.1875, device='cuda:0', dtype=torch.bfloat16);tensor(-0.1250, device='cuda:0', dtype=torch.bfloat16);tensor(-3.3125, device='cuda:0', dtype=torch.bfloat16);tensor(-8.4375, device='cuda:0', dtype=torch.bfloat16);tensor(-5.1250, device='cuda:0', dtype=torch.bfloat16);tensor(-11.1250, device='cuda:0', dtype=torch.bfloat16);tensor(-4.9375, device='cuda:0', dtype=torch.bfloat16)","tensor(-9.6250, device='cuda:0', dtype=torch.bfloat16);tensor(-2.5625, device='cuda:0', dtype=torch.bfloat16);tensor(-13.8750, device='cuda:0', dtype=torch.bfloat16);tensor(-12.3125, device='cuda:0', dtype=torch.bfloat16);tensor(-3.5625, device='cuda:0', dtype=torch.bfloat16);tensor(-1.6875, device='cuda:0', dtype=torch.bfloat16);tensor(-3.3750, device='cuda:0', dtype=torch.bfloat16);tensor(-8.3750, device='cuda:0', dtype=torch.bfloat16);tensor(-4.4375, device='cuda:0', dtype=torch.bfloat16);tensor(-11., device='cuda:0', dtype=torch.bfloat16);tensor(-3.7500, device='cuda:0', dtype=torch.bfloat16)",blimp
existential_there_object_raising,Amanda wasn't anticipating there to be more than three hats vanishing.,Amanda wasn't pressing there to be more than three hats vanishing.,740,-5.375,-6.09375,-80.5,-91.5,"tensor(-5.5625, device='cuda:0', dtype=torch.bfloat16);tensor(-5.6250, device='cuda:0', dtype=torch.bfloat16);tensor(-10.1250, device='cuda:0', dtype=torch.bfloat16);tensor(-0.7500, device='cuda:0', dtype=torch.bfloat16);tensor(-8.1875, device='cuda:0', dtype=torch.bfloat16);tensor(-7.5938, device='cuda:0', dtype=torch.bfloat16);tensor(-1.7500, device='cuda:0', dtype=torch.bfloat16);tensor(0., device='cuda:0', dtype=torch.bfloat16);tensor(-4.4375, device='cuda:0', dtype=torch.bfloat16);tensor(-0.6250, device='cuda:0', dtype=torch.bfloat16);tensor(-4.0625, device='cuda:0', dtype=torch.bfloat16);tensor(-10.6250, device='cuda:0', dtype=torch.bfloat16);tensor(-16.7500, device='cuda:0', dtype=torch.bfloat16);tensor(-1.5000, device='cuda:0', dtype=torch.bfloat16);tensor(-3., device='cuda:0', dtype=torch.bfloat16)","tensor(-5.5625, device='cuda:0', dtype=torch.bfloat16);tensor(-5.6250, device='cuda:0', dtype=torch.bfloat16);tensor(-10.1250, device='cuda:0', dtype=torch.bfloat16);tensor(-0.7500, device='cuda:0', dtype=torch.bfloat16);tensor(-10.2500, device='cuda:0', dtype=torch.bfloat16);tensor(-11.1250, device='cuda:0', dtype=torch.bfloat16);tensor(-2.9375, device='cuda:0', dtype=torch.bfloat16);tensor(-2.3125, device='cuda:0', dtype=torch.bfloat16);tensor(-5.7500, device='cuda:0', dtype=torch.bfloat16);tensor(-2.6250, device='cuda:0', dtype=torch.bfloat16);tensor(-6.6562, device='cuda:0', dtype=torch.bfloat16);tensor(-10.5000, device='cuda:0', dtype=torch.bfloat16);tensor(-11., device='cuda:0', dtype=torch.bfloat16);tensor(-3.6875, device='cuda:0', dtype=torch.bfloat16);tensor(-2.4375, device='cuda:0', dtype=torch.bfloat16)",blimp
existential_there_object_raising,Becky hadn't preferred there to be commentaries bothering Lisa.,Becky hadn't tempted there to be commentaries bothering Lisa.,660,-6.53125,-7.3125,-85.0,-95.0,"tensor(-7.8750, device='cuda:0', dtype=torch.bfloat16);tensor(-3.3750, device='cuda:0', dtype=torch.bfloat16);tensor(-12.1250, device='cuda:0', dtype=torch.bfloat16);tensor(-0.6250, device='cuda:0', dtype=torch.bfloat16);tensor(-12.3125, device='cuda:0', dtype=torch.bfloat16);tensor(-8.4375, device='cuda:0', dtype=torch.bfloat16);tensor(-1.8750, device='cuda:0', dtype=torch.bfloat16);tensor(-0.3125, device='cuda:0', dtype=torch.bfloat16);tensor(-10.5000, device='cuda:0', dtype=torch.bfloat16);tensor(-2.7500, device='cuda:0', dtype=torch.bfloat16);tensor(-11.7500, device='cuda:0', dtype=torch.bfloat16);tensor(-9.8125, device='cuda:0', dtype=torch.bfloat16);tensor(-3., device='cuda:0', dtype=torch.bfloat16)","tensor(-7.8750, device='cuda:0', dtype=torch.bfloat16);tensor(-3.3750, device='cuda:0', dtype=torch.bfloat16);tensor(-12.1250, device='cuda:0', dtype=torch.bfloat16);tensor(-0.6250, device='cuda:0', dtype=torch.bfloat16);tensor(-14.6875, device='cuda:0', dtype=torch.bfloat16);tensor(-10.8125, device='cuda:0', dtype=torch.bfloat16);tensor(-3.1250, device='cuda:0', dtype=torch.bfloat16);tensor(-2.5000, device='cuda:0', dtype=torch.bfloat16);tensor(-11.3750, device='cuda:0', dtype=torch.bfloat16);tensor(-3.6250, device='cuda:0', dtype=torch.bfloat16);tensor(-12.5625, device='cuda:0', dtype=torch.bfloat16);tensor(-9.6875, device='cuda:0', dtype=torch.bfloat16);tensor(-2.5625, device='cuda:0', dtype=torch.bfloat16)",blimp
existential_there_object_raising,Some friends of some cashier have judged there to be fewer than three lakes worrying a bank.,Some friends of some cashier have motivated there to be fewer than three lakes worrying a bank.,411,-6.375,-6.71875,-114.5,-121.0,"tensor(-7.7500, device='cuda:0', dtype=torch.bfloat16);tensor(-6.7812, device='cuda:0', dtype=torch.bfloat16);tensor(-0.7500, device='cuda:0', dtype=torch.bfloat16);tensor(-8.7500, device='cuda:0', dtype=torch.bfloat16);tensor(-14.0625, device='cuda:0', dtype=torch.bfloat16);tensor(-5.7500, device='cuda:0', dtype=torch.bfloat16);tensor(-11., device='cuda:0', dtype=torch.bfloat16);tensor(-7.1250, device='cuda:0', dtype=torch.bfloat16);tensor(-2.6875, device='cuda:0', dtype=torch.bfloat16);tensor(-0.1250, device='cuda:0', dtype=torch.bfloat16);tensor(-7.8438, device='cuda:0', dtype=torch.bfloat16);tensor(-2.3125, device='cuda:0', dtype=torch.bfloat16);tensor(-3.4375, device='cuda:0', dtype=torch.bfloat16);tensor(-9.1250, device='cuda:0', dtype=torch.bfloat16);tensor(-14.1250, device='cuda:0', dtype=torch.bfloat16);tensor(-3.8125, device='cuda:0', dtype=torch.bfloat16);tensor(-6.4062, device='cuda:0', dtype=torch.bfloat16);tensor(-2.8750, device='cuda:0', dtype=torch.bfloat16)","tensor(-7.7500, device='cuda:0', dtype=torch.bfloat16);tensor(-6.7812, device='cuda:0', dtype=torch.bfloat16);tensor(-0.7500, device='cuda:0', dtype=torch.bfloat16);tensor(-8.7500, device='cuda:0', dtype=torch.bfloat16);tensor(-14.0625, device='cuda:0', dtype=torch.bfloat16);tensor(-5.7500, device='cuda:0', dtype=torch.bfloat16);tensor(-9.7500, device='cuda:0', dtype=torch.bfloat16);tensor(-9.6250, device='cuda:0', dtype=torch.bfloat16);tensor(-1.7500, device='cuda:0', dtype=torch.bfloat16);tensor(-2.0625, device='cuda:0', dtype=torch.bfloat16);tensor(-9.1250, device='cuda:0', dtype=torch.bfloat16);tensor(-4.5000, device='cuda:0', dtype=torch.bfloat16);tensor(-3.7500, device='cuda:0', dtype=torch.bfloat16);tensor(-9.3125, device='cuda:0', dtype=torch.bfloat16);tensor(-13.9375, device='cuda:0', dtype=torch.bfloat16);tensor(-3.3125, device='cuda:0', dtype=torch.bfloat16);tensor(-6.8750, device='cuda:0', dtype=torch.bfloat16);tensor(-3.1875, device='cuda:0', dtype=torch.bfloat16)",blimp
existential_there_object_raising,Thomas's ex-husband finds there to be a senator investigating Scott.,Thomas's ex-husband asked there to be a senator investigating Scott.,678,-6.15625,-6.09375,-86.5,-85.0,"tensor(-8.8750, device='cuda:0', dtype=torch.bfloat16);tensor(-7.1562, device='cuda:0', dtype=torch.bfloat16);tensor(-8.1250, device='cuda:0', dtype=torch.bfloat16);tensor(-3.6250, device='cuda:0', dtype=torch.bfloat16);tensor(0., device='cuda:0', dtype=torch.bfloat16);tensor(-7.8125, device='cuda:0', dtype=torch.bfloat16);tensor(-9.1250, device='cuda:0', dtype=torch.bfloat16);tensor(-4.3750, device='cuda:0', dtype=torch.bfloat16);tensor(-0.1250, device='cuda:0', dtype=torch.bfloat16);tensor(-1.8125, device='cuda:0', dtype=torch.bfloat16);tensor(-13., device='cuda:0', dtype=torch.bfloat16);tensor(-8.1250, device='cuda:0', dtype=torch.bfloat16);tensor(-10.2500, device='cuda:0', dtype=torch.bfloat16);tensor(-3.9375, device='cuda:0', dtype=torch.bfloat16)","tensor(-8.8750, device='cuda:0', dtype=torch.bfloat16);tensor(-7.1562, device='cuda:0', dtype=torch.bfloat16);tensor(-8.1250, device='cuda:0', dtype=torch.bfloat16);tensor(-3.6250, device='cuda:0', dtype=torch.bfloat16);tensor(0., device='cuda:0', dtype=torch.bfloat16);tensor(-7.2500, device='cuda:0', dtype=torch.bfloat16);tensor(-10.9375, device='cuda:0', dtype=torch.bfloat16);tensor(-2., device='cuda:0', dtype=torch.bfloat16);tensor(-0.3750, device='cuda:0', dtype=torch.bfloat16);tensor(-1.3125, device='cuda:0', dtype=torch.bfloat16);tensor(-13.1875, device='cuda:0', dtype=torch.bfloat16);tensor(-8.0625, device='cuda:0', dtype=torch.bfloat16);tensor(-10., device='cuda:0', dtype=torch.bfloat16);tensor(-4.2500, device='cuda:0', dtype=torch.bfloat16)",blimp
existential_there_object_raising,An association considered there to be fewer than three students seeing.,An association swayed there to be fewer than three students seeing.,626,-6.25,-6.4375,-75.0,-83.5,"tensor(-6.3125, device='cuda:0', dtype=torch.bfloat16);tensor(-7.9062, device='cuda:0', dtype=torch.bfloat16);tensor(-11.7500, device='cuda:0', dtype=torch.bfloat16);tensor(-8.1250, device='cuda:0', dtype=torch.bfloat16);tensor(-2.2500, device='cuda:0', dtype=torch.bfloat16);tensor(-0.1875, device='cuda:0', dtype=torch.bfloat16);tensor(-8.7500, device='cuda:0', dtype=torch.bfloat16);tensor(-1.9375, device='cuda:0', dtype=torch.bfloat16);tensor(-3.7500, device='cuda:0', dtype=torch.bfloat16);tensor(-5.4375, device='cuda:0', dtype=torch.bfloat16);tensor(-11.1250, device='cuda:0', dtype=torch.bfloat16);tensor(-7.2812, device='cuda:0', dtype=torch.bfloat16)","tensor(-6.3125, device='cuda:0', dtype=torch.bfloat16);tensor(-7.9062, device='cuda:0', dtype=torch.bfloat16);tensor(-15.5625, device='cuda:0', dtype=torch.bfloat16);tensor(-2., device='cuda:0', dtype=torch.bfloat16);tensor(-10.7500, device='cuda:0', dtype=torch.bfloat16);tensor(-3.9688, device='cuda:0', dtype=torch.bfloat16);tensor(-2.5000, device='cuda:0', dtype=torch.bfloat16);tensor(-6.2500, device='cuda:0', dtype=torch.bfloat16);tensor(-3.6250, device='cuda:0', dtype=torch.bfloat16);tensor(-3.9375, device='cuda:0', dtype=torch.bfloat16);tensor(-5.7812, device='cuda:0', dtype=torch.bfloat16);tensor(-9.5000, device='cuda:0', dtype=torch.bfloat16);tensor(-5.5625, device='cuda:0', dtype=torch.bfloat16)",blimp
existential_there_object_raising,Carrie needs there to be a vase aggravating Stephen.,Carrie encourages there to be a vase aggravating Stephen.,513,-6.4375,-7.15625,-77.5,-86.0,"tensor(-7.8125, device='cuda:0', dtype=torch.bfloat16);tensor(-2.6875, device='cuda:0', dtype=torch.bfloat16);tensor(-10.8125, device='cuda:0', dtype=torch.bfloat16);tensor(-11.4375, device='cuda:0', dtype=torch.bfloat16);tensor(-0.3125, device='cuda:0', dtype=torch.bfloat16);tensor(0., device='cuda:0', dtype=torch.bfloat16);tensor(-1.1875, device='cuda:0', dtype=torch.bfloat16);tensor(-10.9375, device='cuda:0', dtype=torch.bfloat16);tensor(-17.7500, device='cuda:0', dtype=torch.bfloat16);tensor(-1.7500, device='cuda:0', dtype=torch.bfloat16);tensor(-9.5625, device='cuda:0', dtype=torch.bfloat16);tensor(-3.1875, device='cuda:0', dtype=torch.bfloat16)","tensor(-7.8125, device='cuda:0', dtype=torch.bfloat16);tensor(-2.6875, device='cuda:0', dtype=torch.bfloat16);tensor(-13.1875, device='cuda:0', dtype=torch.bfloat16);tensor(-11.8750, device='cuda:0', dtype=torch.bfloat16);tensor(-1.1875, device='cuda:0', dtype=torch.bfloat16);tensor(0., device='cuda:0', dtype=torch.bfloat16);tensor(-1.5000, device='cuda:0', dtype=torch.bfloat16);tensor(-12.6250, device='cuda:0', dtype=torch.bfloat16);tensor(-17.5000, device='cuda:0', dtype=torch.bfloat16);tensor(-1.7500, device='cuda:0', dtype=torch.bfloat16);tensor(-11.9375, device='cuda:0', dtype=torch.bfloat16);tensor(-3.7500, device='cuda:0', dtype=torch.bfloat16)",blimp
existential_there_object_raising,Tara's grandfather hadn't discovered there to be some documentaries about Harvard University irritating some man.,Tara's grandfather hadn't compelled there to be some documentaries about Harvard University irritating some man.,859,-6.625,-7.15625,-126.0,-136.0,"tensor(-7.0938, device='cuda:0', dtype=torch.bfloat16);tensor(-5.8750, device='cuda:0', dtype=torch.bfloat16);tensor(-4.4375, device='cuda:0', dtype=torch.bfloat16);tensor(-11.2500, device='cuda:0', dtype=torch.bfloat16);tensor(-12.0625, device='cuda:0', dtype=torch.bfloat16);tensor(0., device='cuda:0', dtype=torch.bfloat16);tensor(-9.2500, device='cuda:0', dtype=torch.bfloat16);tensor(-7.1250, device='cuda:0', dtype=torch.bfloat16);tensor(-4.1250, device='cuda:0', dtype=torch.bfloat16);tensor(-0.4375, device='cuda:0', dtype=torch.bfloat16);tensor(-5.1250, device='cuda:0', dtype=torch.bfloat16);tensor(-12.9375, device='cuda:0', dtype=torch.bfloat16);tensor(-1.9375, device='cuda:0', dtype=torch.bfloat16);tensor(-10.1250, device='cuda:0', dtype=torch.bfloat16);tensor(-1.8750, device='cuda:0', dtype=torch.bfloat16);tensor(-14.8750, device='cuda:0', dtype=torch.bfloat16);tensor(-5.8750, device='cuda:0', dtype=torch.bfloat16);tensor(-7.8125, device='cuda:0', dtype=torch.bfloat16);tensor(-3.9375, device='cuda:0', dtype=torch.bfloat16)","tensor(-7.0938, device='cuda:0', dtype=torch.bfloat16);tensor(-5.8750, device='cuda:0', dtype=torch.bfloat16);tensor(-4.4375, device='cuda:0', dtype=torch.bfloat16);tensor(-11.2500, device='cuda:0', dtype=torch.bfloat16);tensor(-12.0625, device='cuda:0', dtype=torch.bfloat16);tensor(0., device='cuda:0', dtype=torch.bfloat16);tensor(-13.8125, device='cuda:0', dtype=torch.bfloat16);tensor(-10.2500, device='cuda:0', dtype=torch.bfloat16);tensor(-2.4375, device='cuda:0', dtype=torch.bfloat16);tensor(-2.3125, device='cuda:0', dtype=torch.bfloat16);tensor(-5.7500, device='cuda:0', dtype=torch.bfloat16);tensor(-12.8750, device='cuda:0', dtype=torch.bfloat16);tensor(-1.8125, device='cuda:0', dtype=torch.bfloat16);tensor(-10.1250, device='cuda:0', dtype=torch.bfloat16);tensor(-1.9375, device='cuda:0', dtype=torch.bfloat16);tensor(-15.3125, device='cuda:0', dtype=torch.bfloat16);tensor(-6.0312, device='cuda:0', dtype=torch.bfloat16);tensor(-7.6562, device='cuda:0', dtype=torch.bfloat16);tensor(-4.7812, device='cuda:0', dtype=torch.bfloat16)",blimp
existential_there_object_raising,A lot of guests' handymen judge there to be more than three peppers existing.,A lot of guests' handymen encourage there to be more than three peppers existing.,136,-5.71875,-5.6875,-103.0,-102.5,"tensor(-5.5625, device='cuda:0', dtype=torch.bfloat16);tensor(-5.8750, device='cuda:0', dtype=torch.bfloat16);tensor(-0.1250, device='cuda:0', dtype=torch.bfloat16);tensor(-8.6250, device='cuda:0', dtype=torch.bfloat16);tensor(-8.2500, device='cuda:0', dtype=torch.bfloat16);tensor(-9.7500, device='cuda:0', dtype=torch.bfloat16);tensor(-7.6250, device='cuda:0', dtype=torch.bfloat16);tensor(-0.1250, device='cuda:0', dtype=torch.bfloat16);tensor(-12.3750, device='cuda:0', dtype=torch.bfloat16);tensor(-6.4688, device='cuda:0', dtype=torch.bfloat16);tensor(-3., device='cuda:0', dtype=torch.bfloat16);tensor(-0.3750, device='cuda:0', dtype=torch.bfloat16);tensor(-4.5625, device='cuda:0', dtype=torch.bfloat16);tensor(-2.1250, device='cuda:0', dtype=torch.bfloat16);tensor(-5.8750, device='cuda:0', dtype=torch.bfloat16);tensor(-12.0625, device='cuda:0', dtype=torch.bfloat16);tensor(-8.1250, device='cuda:0', dtype=torch.bfloat16);tensor(-2.2500, device='cuda:0', dtype=torch.bfloat16)","tensor(-5.5625, device='cuda:0', dtype=torch.bfloat16);tensor(-5.8750, device='cuda:0', dtype=torch.bfloat16);tensor(-0.1250, device='cuda:0', dtype=torch.bfloat16);tensor(-8.6250, device='cuda:0', dtype=torch.bfloat16);tensor(-8.2500, device='cuda:0', dtype=torch.bfloat16);tensor(-9.7500, device='cuda:0', dtype=torch.bfloat16);tensor(-7.6250, device='cuda:0', dtype=torch.bfloat16);tensor(-0.1250, device='cuda:0', dtype=torch.bfloat16);tensor(-8.7500, device='cuda:0', dtype=torch.bfloat16);tensor(-8., device='cuda:0', dtype=torch.bfloat16);tensor(-2.6875, device='cuda:0', dtype=torch.bfloat16);tensor(-0.6875, device='cuda:0', dtype=torch.bfloat16);tensor(-4.3125, device='cuda:0', dtype=torch.bfloat16);tensor(-3.5625, device='cuda:0', dtype=torch.bfloat16);tensor(-4.2500, device='cuda:0', dtype=torch.bfloat16);tensor(-11.7500, device='cuda:0', dtype=torch.bfloat16);tensor(-9.1250, device='cuda:0', dtype=torch.bfloat16);tensor(-3.2500, device='cuda:0', dtype=torch.bfloat16)",blimp
existential_there_quantifiers_1,There wasn't a drawing appearing.,There wasn't each drawing appearing.,521,-6.375,-7.46875,-44.5,-52.25,"tensor(-6.5000, device='cuda:0', dtype=torch.bfloat16);tensor(-8.0625, device='cuda:0', dtype=torch.bfloat16);tensor(-0.7500, device='cuda:0', dtype=torch.bfloat16);tensor(-1.2500, device='cuda:0', dtype=torch.bfloat16);tensor(-11.3125, device='cuda:0', dtype=torch.bfloat16);tensor(-11.6250, device='cuda:0', dtype=torch.bfloat16);tensor(-5.0625, device='cuda:0', dtype=torch.bfloat16)","tensor(-6.5000, device='cuda:0', dtype=torch.bfloat16);tensor(-8.0625, device='cuda:0', dtype=torch.bfloat16);tensor(-0.7500, device='cuda:0', dtype=torch.bfloat16);tensor(-12.6875, device='cuda:0', dtype=torch.bfloat16);tensor(-10.1250, device='cuda:0', dtype=torch.bfloat16);tensor(-9.3750, device='cuda:0', dtype=torch.bfloat16);tensor(-4.7500, device='cuda:0', dtype=torch.bfloat16)",blimp
existential_there_quantifiers_1,There was a pie aggravating Samuel.,There was each pie aggravating Samuel.,737,-7.09375,-8.625,-56.75,-69.0,"tensor(-6.5000, device='cuda:0', dtype=torch.bfloat16);tensor(-3.7500, device='cuda:0', dtype=torch.bfloat16);tensor(-0.8750, device='cuda:0', dtype=torch.bfloat16);tensor(-11.0625, device='cuda:0', dtype=torch.bfloat16);tensor(-16.3750, device='cuda:0', dtype=torch.bfloat16);tensor(-2.1250, device='cuda:0', dtype=torch.bfloat16);tensor(-12.1250, device='cuda:0', dtype=torch.bfloat16);tensor(-3.8750, device='cuda:0', dtype=torch.bfloat16)","tensor(-6.5000, device='cuda:0', dtype=torch.bfloat16);tensor(-3.7500, device='cuda:0', dtype=torch.bfloat16);tensor(-11.2500, device='cuda:0', dtype=torch.bfloat16);tensor(-11.4375, device='cuda:0', dtype=torch.bfloat16);tensor(-16.1250, device='cuda:0', dtype=torch.bfloat16);tensor(-2., device='cuda:0', dtype=torch.bfloat16);tensor(-14.1875, device='cuda:0', dtype=torch.bfloat16);tensor(-3.8125, device='cuda:0', dtype=torch.bfloat16)",blimp
existential_there_quantifiers_1,There isn't a sweater disturbing Alexander.,There isn't every sweater disturbing Alexander.,740,-6.90625,-8.5,-55.25,-68.0,"tensor(-6.5000, device='cuda:0', dtype=torch.bfloat16);tensor(-6., device='cuda:0', dtype=torch.bfloat16);tensor(-0.7500, device='cuda:0', dtype=torch.bfloat16);tensor(-1.1250, device='cuda:0', dtype=torch.bfloat16);tensor(-10.4375, device='cuda:0', dtype=torch.bfloat16);tensor(-15.6875, device='cuda:0', dtype=torch.bfloat16);tensor(-9.8750, device='cuda:0', dtype=torch.bfloat16);tensor(-4.9375, device='cuda:0', dtype=torch.bfloat16)","tensor(-6.5000, device='cuda:0', dtype=torch.bfloat16);tensor(-6., device='cuda:0', dtype=torch.bfloat16);tensor(-0.7500, device='cuda:0', dtype=torch.bfloat16);tensor(-10.5625, device='cuda:0', dtype=torch.bfloat16);tensor(-11.9375, device='cuda:0', dtype=torch.bfloat16);tensor(-15.9375, device='cuda:0', dtype=torch.bfloat16);tensor(-11.7500, device='cuda:0', dtype=torch.bfloat16);tensor(-4.4375, device='cuda:0', dtype=torch.bfloat16)",blimp
existential_there_quantifiers_1,There isn't a slope distracting Jesus.,There isn't each slope distracting Jesus.,660,-6.90625,-8.1875,-55.25,-65.5,"tensor(-6.5000, device='cuda:0', dtype=torch.bfloat16);tensor(-6., device='cuda:0', dtype=torch.bfloat16);tensor(-0.7500, device='cuda:0', dtype=torch.bfloat16);tensor(-1.1250, device='cuda:0', dtype=torch.bfloat16);tensor(-10.8125, device='cuda:0', dtype=torch.bfloat16);tensor(-16.5000, device='cuda:0', dtype=torch.bfloat16);tensor(-10.1875, device='cuda:0', dtype=torch.bfloat16);tensor(-3.4375, device='cuda:0', dtype=torch.bfloat16)","tensor(-6.5000, device='cuda:0', dtype=torch.bfloat16);tensor(-6., device='cuda:0', dtype=torch.bfloat16);tensor(-0.7500, device='cuda:0', dtype=torch.bfloat16);tensor(-12.6250, device='cuda:0', dtype=torch.bfloat16);tensor(-10.4375, device='cuda:0', dtype=torch.bfloat16);tensor(-14.2500, device='cuda:0', dtype=torch.bfloat16);tensor(-11.6250, device='cuda:0', dtype=torch.bfloat16);tensor(-3.3750, device='cuda:0', dtype=torch.bfloat16)",blimp
existential_there_quantifiers_1,There are no carts boring Keith.,There are all carts boring Keith.,411,-7.90625,-8.4375,-55.5,-59.25,"tensor(-6.5000, device='cuda:0', dtype=torch.bfloat16);tensor(-0.7500, device='cuda:0', dtype=torch.bfloat16);tensor(-3.4375, device='cuda:0', dtype=torch.bfloat16);tensor(-12.2500, device='cuda:0', dtype=torch.bfloat16);tensor(-13.8750, device='cuda:0', dtype=torch.bfloat16);tensor(-13.8125, device='cuda:0', dtype=torch.bfloat16);tensor(-4.8125, device='cuda:0', dtype=torch.bfloat16)","tensor(-6.5000, device='cuda:0', dtype=torch.bfloat16);tensor(-0.7500, device='cuda:0', dtype=torch.bfloat16);tensor(-5.9375, device='cuda:0', dtype=torch.bfloat16);tensor(-13.8125, device='cuda:0', dtype=torch.bfloat16);tensor(-13.2500, device='cuda:0', dtype=torch.bfloat16);tensor(-14.4375, device='cuda:0', dtype=torch.bfloat16);tensor(-4.5000, device='cuda:0', dtype=torch.bfloat16)",blimp
existential_there_quantifiers_1,There isn't an organization responding.,There isn't each organization responding.,678,-5.9375,-7.34375,-41.5,-51.5,"tensor(-6.5000, device='cuda:0', dtype=torch.bfloat16);tensor(-6., device='cuda:0', dtype=torch.bfloat16);tensor(-0.8750, device='cuda:0', dtype=torch.bfloat16);tensor(-3.4375, device='cuda:0', dtype=torch.bfloat16);tensor(-6.6875, device='cuda:0', dtype=torch.bfloat16);tensor(-10.4375, device='cuda:0', dtype=torch.bfloat16);tensor(-7.5625, device='cuda:0', dtype=torch.bfloat16)","tensor(-6.5000, device='cuda:0', dtype=torch.bfloat16);tensor(-6., device='cuda:0', dtype=torch.bfloat16);tensor(-0.8750, device='cuda:0', dtype=torch.bfloat16);tensor(-12.6250, device='cuda:0', dtype=torch.bfloat16);tensor(-7.6562, device='cuda:0', dtype=torch.bfloat16);tensor(-10.4375, device='cuda:0', dtype=torch.bfloat16);tensor(-7.3438, device='cuda:0', dtype=torch.bfloat16)",blimp
existential_there_quantifiers_1,There was a drawing of this car bothering Nancy.,There was every drawing of this car bothering Nancy.,626,-6.3125,-7.1875,-63.0,-72.0,"tensor(-6.5000, device='cuda:0', dtype=torch.bfloat16);tensor(-3.7500, device='cuda:0', dtype=torch.bfloat16);tensor(-0.8750, device='cuda:0', dtype=torch.bfloat16);tensor(-10., device='cuda:0', dtype=torch.bfloat16);tensor(-1.9375, device='cuda:0', dtype=torch.bfloat16);tensor(-4.6875, device='cuda:0', dtype=torch.bfloat16);tensor(-4.8125, device='cuda:0', dtype=torch.bfloat16);tensor(-16., device='cuda:0', dtype=torch.bfloat16);tensor(-10.8125, device='cuda:0', dtype=torch.bfloat16);tensor(-3.6250, device='cuda:0', dtype=torch.bfloat16)","tensor(-6.5000, device='cuda:0', dtype=torch.bfloat16);tensor(-3.7500, device='cuda:0', dtype=torch.bfloat16);tensor(-7.7500, device='cuda:0', dtype=torch.bfloat16);tensor(-13.9375, device='cuda:0', dtype=torch.bfloat16);tensor(-2.1250, device='cuda:0', dtype=torch.bfloat16);tensor(-5.0938, device='cuda:0', dtype=torch.bfloat16);tensor(-3.6875, device='cuda:0', dtype=torch.bfloat16);tensor(-14.7500, device='cuda:0', dtype=torch.bfloat16);tensor(-11.3125, device='cuda:0', dtype=torch.bfloat16);tensor(-2.9375, device='cuda:0', dtype=torch.bfloat16)",blimp
existential_there_quantifiers_1,There weren't few gloves twisting.,There weren't most gloves twisting.,513,-8.0,-8.1875,-56.25,-57.5,"tensor(-6.5000, device='cuda:0', dtype=torch.bfloat16);tensor(-8.3125, device='cuda:0', dtype=torch.bfloat16);tensor(-0.7500, device='cuda:0', dtype=torch.bfloat16);tensor(-10., device='cuda:0', dtype=torch.bfloat16);tensor(-11.5625, device='cuda:0', dtype=torch.bfloat16);tensor(-14.1250, device='cuda:0', dtype=torch.bfloat16);tensor(-4.9062, device='cuda:0', dtype=torch.bfloat16)","tensor(-6.5000, device='cuda:0', dtype=torch.bfloat16);tensor(-8.3125, device='cuda:0', dtype=torch.bfloat16);tensor(-0.7500, device='cuda:0', dtype=torch.bfloat16);tensor(-12.1250, device='cuda:0', dtype=torch.bfloat16);tensor(-11., device='cuda:0', dtype=torch.bfloat16);tensor(-14.3750, device='cuda:0', dtype=torch.bfloat16);tensor(-4.3125, device='cuda:0', dtype=torch.bfloat16)",blimp
existential_there_quantifiers_1,There was a couch falling apart.,There was every couch falling apart.,859,-5.4375,-7.34375,-38.0,-51.5,"tensor(-6.5000, device='cuda:0', dtype=torch.bfloat16);tensor(-3.7500, device='cuda:0', dtype=torch.bfloat16);tensor(-0.8125, device='cuda:0', dtype=torch.bfloat16);tensor(-12.3125, device='cuda:0', dtype=torch.bfloat16);tensor(-8.6250, device='cuda:0', dtype=torch.bfloat16);tensor(-1.7500, device='cuda:0', dtype=torch.bfloat16);tensor(-4.3125, device='cuda:0', dtype=torch.bfloat16)","tensor(-6.5000, device='cuda:0', dtype=torch.bfloat16);tensor(-3.7500, device='cuda:0', dtype=torch.bfloat16);tensor(-7.7500, device='cuda:0', dtype=torch.bfloat16);tensor(-16.8750, device='cuda:0', dtype=torch.bfloat16);tensor(-9.8750, device='cuda:0', dtype=torch.bfloat16);tensor(-3.2500, device='cuda:0', dtype=torch.bfloat16);tensor(-3.3750, device='cuda:0', dtype=torch.bfloat16)",blimp
existential_there_quantifiers_1,There were some pictures of a school disturbing Kayla.,There were most pictures of a school disturbing Kayla.,136,-5.46875,-6.78125,-60.0,-74.5,"tensor(-6.5000, device='cuda:0', dtype=torch.bfloat16);tensor(-3.5000, device='cuda:0', dtype=torch.bfloat16);tensor(-3.4375, device='cuda:0', dtype=torch.bfloat16);tensor(-6.8125, device='cuda:0', dtype=torch.bfloat16);tensor(-1.3125, device='cuda:0', dtype=torch.bfloat16);tensor(-3., device='cuda:0', dtype=torch.bfloat16);tensor(-6.1250, device='cuda:0', dtype=torch.bfloat16);tensor(-14.1875, device='cuda:0', dtype=torch.bfloat16);tensor(-11.7500, device='cuda:0', dtype=torch.bfloat16);tensor(-1.2500, device='cuda:0', dtype=torch.bfloat16);tensor(-2.1875, device='cuda:0', dtype=torch.bfloat16)","tensor(-6.5000, device='cuda:0', dtype=torch.bfloat16);tensor(-3.5000, device='cuda:0', dtype=torch.bfloat16);tensor(-10.5000, device='cuda:0', dtype=torch.bfloat16);tensor(-9.8750, device='cuda:0', dtype=torch.bfloat16);tensor(-1., device='cuda:0', dtype=torch.bfloat16);tensor(-4.6250, device='cuda:0', dtype=torch.bfloat16);tensor(-7.0312, device='cuda:0', dtype=torch.bfloat16);tensor(-14.3125, device='cuda:0', dtype=torch.bfloat16);tensor(-12., device='cuda:0', dtype=torch.bfloat16);tensor(-1.5000, device='cuda:0', dtype=torch.bfloat16);tensor(-3.6250, device='cuda:0', dtype=torch.bfloat16)",blimp
existential_there_quantifiers_2,Every newspaper article isn't there impressing all hospitals.,There isn't every newspaper article impressing all hospitals.,521,-6.84375,-6.4375,-75.5,-70.5,"tensor(-7.5625, device='cuda:0', dtype=torch.bfloat16);tensor(-9.2500, device='cuda:0', dtype=torch.bfloat16);tensor(-3.1875, device='cuda:0', dtype=torch.bfloat16);tensor(-9.8750, device='cuda:0', dtype=torch.bfloat16);tensor(-1.1250, device='cuda:0', dtype=torch.bfloat16);tensor(-7.6250, device='cuda:0', dtype=torch.bfloat16);tensor(-12.6875, device='cuda:0', dtype=torch.bfloat16);tensor(-3.6875, device='cuda:0', dtype=torch.bfloat16);tensor(-4.8750, device='cuda:0', dtype=torch.bfloat16);tensor(-13.1250, device='cuda:0', dtype=torch.bfloat16);tensor(-2.3125, device='cuda:0', dtype=torch.bfloat16)","tensor(-6.5000, device='cuda:0', dtype=torch.bfloat16);tensor(-6., device='cuda:0', dtype=torch.bfloat16);tensor(-0.7500, device='cuda:0', dtype=torch.bfloat16);tensor(-10.5625, device='cuda:0', dtype=torch.bfloat16);tensor(-8.6250, device='cuda:0', dtype=torch.bfloat16);tensor(-3.5000, device='cuda:0', dtype=torch.bfloat16);tensor(-12.3750, device='cuda:0', dtype=torch.bfloat16);tensor(-1.5625, device='cuda:0', dtype=torch.bfloat16);tensor(-5.1562, device='cuda:0', dtype=torch.bfloat16);tensor(-12.3750, device='cuda:0', dtype=torch.bfloat16);tensor(-3.2500, device='cuda:0', dtype=torch.bfloat16)",blimp
existential_there_quantifiers_2,All cats are there stunning Gina.,There are all cats stunning Gina.,737,-8.4375,-7.84375,-59.0,-55.0,"tensor(-6.9375, device='cuda:0', dtype=torch.bfloat16);tensor(-7.6875, device='cuda:0', dtype=torch.bfloat16);tensor(-1.5000, device='cuda:0', dtype=torch.bfloat16);tensor(-11.6250, device='cuda:0', dtype=torch.bfloat16);tensor(-13.4375, device='cuda:0', dtype=torch.bfloat16);tensor(-15.0625, device='cuda:0', dtype=torch.bfloat16);tensor(-2.8125, device='cuda:0', dtype=torch.bfloat16)","tensor(-6.5000, device='cuda:0', dtype=torch.bfloat16);tensor(-0.7500, device='cuda:0', dtype=torch.bfloat16);tensor(-5.9375, device='cuda:0', dtype=torch.bfloat16);tensor(-11.5000, device='cuda:0', dtype=torch.bfloat16);tensor(-11.8750, device='cuda:0', dtype=torch.bfloat16);tensor(-14.6875, device='cuda:0', dtype=torch.bfloat16);tensor(-3.6250, device='cuda:0', dtype=torch.bfloat16)",blimp
existential_there_quantifiers_2,Every projector was there impressing Irene.,There was every projector impressing Irene.,740,-8.4375,-8.375,-67.5,-67.0,"tensor(-7.5625, device='cuda:0', dtype=torch.bfloat16);tensor(-11.5625, device='cuda:0', dtype=torch.bfloat16);tensor(-7.8750, device='cuda:0', dtype=torch.bfloat16);tensor(-7.2500, device='cuda:0', dtype=torch.bfloat16);tensor(-12.3750, device='cuda:0', dtype=torch.bfloat16);tensor(-1.1250, device='cuda:0', dtype=torch.bfloat16);tensor(-16.5000, device='cuda:0', dtype=torch.bfloat16);tensor(-3.1250, device='cuda:0', dtype=torch.bfloat16)","tensor(-6.5000, device='cuda:0', dtype=torch.bfloat16);tensor(-3.7500, device='cuda:0', dtype=torch.bfloat16);tensor(-7.7500, device='cuda:0', dtype=torch.bfloat16);tensor(-15., device='cuda:0', dtype=torch.bfloat16);tensor(-13.1875, device='cuda:0', dtype=torch.bfloat16);tensor(-2.6250, device='cuda:0', dtype=torch.bfloat16);tensor(-14.5625, device='cuda:0', dtype=torch.bfloat16);tensor(-3.6250, device='cuda:0', dtype=torch.bfloat16)",blimp
existential_there_quantifiers_2,Every teacher wasn't there urging Emily's boyfriend to speak up.,There wasn't every teacher urging Emily's boyfriend to speak up.,660,-6.21875,-6.1875,-81.0,-80.5,"tensor(-7.5625, device='cuda:0', dtype=torch.bfloat16);tensor(-6.4688, device='cuda:0', dtype=torch.bfloat16);tensor(-14.2500, device='cuda:0', dtype=torch.bfloat16);tensor(-1.1250, device='cuda:0', dtype=torch.bfloat16);tensor(-6.0625, device='cuda:0', dtype=torch.bfloat16);tensor(-13.5000, device='cuda:0', dtype=torch.bfloat16);tensor(-9.6250, device='cuda:0', dtype=torch.bfloat16);tensor(-5.5625, device='cuda:0', dtype=torch.bfloat16);tensor(-6.7188, device='cuda:0', dtype=torch.bfloat16);tensor(-1., device='cuda:0', dtype=torch.bfloat16);tensor(-6., device='cuda:0', dtype=torch.bfloat16);tensor(-0.7500, device='cuda:0', dtype=torch.bfloat16);tensor(-2.1250, device='cuda:0', dtype=torch.bfloat16)","tensor(-6.5000, device='cuda:0', dtype=torch.bfloat16);tensor(-8.0625, device='cuda:0', dtype=torch.bfloat16);tensor(-0.7500, device='cuda:0', dtype=torch.bfloat16);tensor(-11., device='cuda:0', dtype=torch.bfloat16);tensor(-7.9688, device='cuda:0', dtype=torch.bfloat16);tensor(-11.4375, device='cuda:0', dtype=torch.bfloat16);tensor(-9.8750, device='cuda:0', dtype=torch.bfloat16);tensor(-6.4375, device='cuda:0', dtype=torch.bfloat16);tensor(-7.1875, device='cuda:0', dtype=torch.bfloat16);tensor(-1.1250, device='cuda:0', dtype=torch.bfloat16);tensor(-6.1250, device='cuda:0', dtype=torch.bfloat16);tensor(-1.0625, device='cuda:0', dtype=torch.bfloat16);tensor(-2.9375, device='cuda:0', dtype=torch.bfloat16)",blimp
existential_there_quantifiers_2,All legislatures aren't there enticing those fathers of the Borgias to depart.,There aren't all legislatures enticing those fathers of the Borgias to depart.,411,-6.4375,-6.0,-103.0,-96.0,"tensor(-6.9375, device='cuda:0', dtype=torch.bfloat16);tensor(-13.1875, device='cuda:0', dtype=torch.bfloat16);tensor(-1., device='cuda:0', dtype=torch.bfloat16);tensor(-7.7812, device='cuda:0', dtype=torch.bfloat16);tensor(-1., device='cuda:0', dtype=torch.bfloat16);tensor(-9.8750, device='cuda:0', dtype=torch.bfloat16);tensor(-17.3750, device='cuda:0', dtype=torch.bfloat16);tensor(-6.5625, device='cuda:0', dtype=torch.bfloat16);tensor(-9.3750, device='cuda:0', dtype=torch.bfloat16);tensor(-1.8125, device='cuda:0', dtype=torch.bfloat16);tensor(-1.4375, device='cuda:0', dtype=torch.bfloat16);tensor(-14.1250, device='cuda:0', dtype=torch.bfloat16);tensor(-0.7500, device='cuda:0', dtype=torch.bfloat16);tensor(-1.8750, device='cuda:0', dtype=torch.bfloat16);tensor(-6.9688, device='cuda:0', dtype=torch.bfloat16);tensor(-3.1875, device='cuda:0', dtype=torch.bfloat16)","tensor(-6.5000, device='cuda:0', dtype=torch.bfloat16);tensor(-5.1250, device='cuda:0', dtype=torch.bfloat16);tensor(-0.6250, device='cuda:0', dtype=torch.bfloat16);tensor(-6.7500, device='cuda:0', dtype=torch.bfloat16);tensor(-13.7500, device='cuda:0', dtype=torch.bfloat16);tensor(-0.8750, device='cuda:0', dtype=torch.bfloat16);tensor(-13.1250, device='cuda:0', dtype=torch.bfloat16);tensor(-6.3438, device='cuda:0', dtype=torch.bfloat16);tensor(-9.5000, device='cuda:0', dtype=torch.bfloat16);tensor(-3.2500, device='cuda:0', dtype=torch.bfloat16);tensor(-2.2500, device='cuda:0', dtype=torch.bfloat16);tensor(-12.8125, device='cuda:0', dtype=torch.bfloat16);tensor(-1.1875, device='cuda:0', dtype=torch.bfloat16);tensor(-2.5000, device='cuda:0', dtype=torch.bfloat16);tensor(-8.1875, device='cuda:0', dtype=torch.bfloat16);tensor(-3.1875, device='cuda:0', dtype=torch.bfloat16)",blimp
existential_there_quantifiers_2,Each waiter is there investigating who could convince Jessica's cousins to sneeze.,There is each waiter investigating who could convince Jessica's cousins to sneeze.,678,-6.71875,-6.625,-107.5,-106.0,"tensor(-8.6250, device='cuda:0', dtype=torch.bfloat16);tensor(-12., device='cuda:0', dtype=torch.bfloat16);tensor(-2.6250, device='cuda:0', dtype=torch.bfloat16);tensor(-7.9375, device='cuda:0', dtype=torch.bfloat16);tensor(-14.8125, device='cuda:0', dtype=torch.bfloat16);tensor(-6.2812, device='cuda:0', dtype=torch.bfloat16);tensor(-4.9375, device='cuda:0', dtype=torch.bfloat16);tensor(-10.2500, device='cuda:0', dtype=torch.bfloat16);tensor(-9.3125, device='cuda:0', dtype=torch.bfloat16);tensor(-4.6250, device='cuda:0', dtype=torch.bfloat16);tensor(-8.7500, device='cuda:0', dtype=torch.bfloat16);tensor(-1.8750, device='cuda:0', dtype=torch.bfloat16);tensor(-10.8125, device='cuda:0', dtype=torch.bfloat16);tensor(-2.3125, device='cuda:0', dtype=torch.bfloat16);tensor(0., device='cuda:0', dtype=torch.bfloat16);tensor(-2.2500, device='cuda:0', dtype=torch.bfloat16)","tensor(-6.5000, device='cuda:0', dtype=torch.bfloat16);tensor(-1.8750, device='cuda:0', dtype=torch.bfloat16);tensor(-11.6250, device='cuda:0', dtype=torch.bfloat16);tensor(-12.5000, device='cuda:0', dtype=torch.bfloat16);tensor(-13.7500, device='cuda:0', dtype=torch.bfloat16);tensor(-6.3438, device='cuda:0', dtype=torch.bfloat16);tensor(-4.9375, device='cuda:0', dtype=torch.bfloat16);tensor(-8.6250, device='cuda:0', dtype=torch.bfloat16);tensor(-9.4375, device='cuda:0', dtype=torch.bfloat16);tensor(-5.0625, device='cuda:0', dtype=torch.bfloat16);tensor(-8.4375, device='cuda:0', dtype=torch.bfloat16);tensor(-1.7500, device='cuda:0', dtype=torch.bfloat16);tensor(-11., device='cuda:0', dtype=torch.bfloat16);tensor(-1.6875, device='cuda:0', dtype=torch.bfloat16);tensor(0., device='cuda:0', dtype=torch.bfloat16);tensor(-2.3750, device='cuda:0', dtype=torch.bfloat16)",blimp
existential_there_quantifiers_2,All paintings were there scaring Jennifer.,There were all paintings scaring Jennifer.,626,-7.96875,-7.0625,-63.75,-56.5,"tensor(-6.9375, device='cuda:0', dtype=torch.bfloat16);tensor(-9.1250, device='cuda:0', dtype=torch.bfloat16);tensor(-4.2500, device='cuda:0', dtype=torch.bfloat16);tensor(-10.9375, device='cuda:0', dtype=torch.bfloat16);tensor(-12.5625, device='cuda:0', dtype=torch.bfloat16);tensor(-5.3125, device='cuda:0', dtype=torch.bfloat16);tensor(-12.1875, device='cuda:0', dtype=torch.bfloat16);tensor(-2.4375, device='cuda:0', dtype=torch.bfloat16)","tensor(-6.5000, device='cuda:0', dtype=torch.bfloat16);tensor(-3.5000, device='cuda:0', dtype=torch.bfloat16);tensor(-6.7500, device='cuda:0', dtype=torch.bfloat16);tensor(-11.6250, device='cuda:0', dtype=torch.bfloat16);tensor(-11.1250, device='cuda:0', dtype=torch.bfloat16);tensor(-4., device='cuda:0', dtype=torch.bfloat16);tensor(-10.9375, device='cuda:0', dtype=torch.bfloat16);tensor(-2.1250, device='cuda:0', dtype=torch.bfloat16)",blimp
existential_there_quantifiers_2,Each plate wasn't there looking like the print.,There wasn't each plate looking like the print.,513,-6.5625,-6.625,-65.5,-66.5,"tensor(-8.6250, device='cuda:0', dtype=torch.bfloat16);tensor(-7.6250, device='cuda:0', dtype=torch.bfloat16);tensor(-12.9375, device='cuda:0', dtype=torch.bfloat16);tensor(-0.5000, device='cuda:0', dtype=torch.bfloat16);tensor(-9.5000, device='cuda:0', dtype=torch.bfloat16);tensor(-9.0625, device='cuda:0', dtype=torch.bfloat16);tensor(-1.8750, device='cuda:0', dtype=torch.bfloat16);tensor(-2.6250, device='cuda:0', dtype=torch.bfloat16);tensor(-9.1250, device='cuda:0', dtype=torch.bfloat16);tensor(-3.7500, device='cuda:0', dtype=torch.bfloat16)","tensor(-6.5000, device='cuda:0', dtype=torch.bfloat16);tensor(-8.0625, device='cuda:0', dtype=torch.bfloat16);tensor(-0.7500, device='cuda:0', dtype=torch.bfloat16);tensor(-12.6250, device='cuda:0', dtype=torch.bfloat16);tensor(-10.3750, device='cuda:0', dtype=torch.bfloat16);tensor(-8.6250, device='cuda:0', dtype=torch.bfloat16);tensor(-2., device='cuda:0', dtype=torch.bfloat16);tensor(-2.0625, device='cuda:0', dtype=torch.bfloat16);tensor(-11.5000, device='cuda:0', dtype=torch.bfloat16);tensor(-3.8125, device='cuda:0', dtype=torch.bfloat16)",blimp
existential_there_quantifiers_2,Each painting isn't there disturbing Kendra.,There isn't each painting disturbing Kendra.,859,-8.3125,-7.96875,-74.5,-71.5,"tensor(-8.6250, device='cuda:0', dtype=torch.bfloat16);tensor(-8.4375, device='cuda:0', dtype=torch.bfloat16);tensor(-11., device='cuda:0', dtype=torch.bfloat16);tensor(-0.7500, device='cuda:0', dtype=torch.bfloat16);tensor(-8.9375, device='cuda:0', dtype=torch.bfloat16);tensor(-15.8750, device='cuda:0', dtype=torch.bfloat16);tensor(-16.8750, device='cuda:0', dtype=torch.bfloat16);tensor(-0.9375, device='cuda:0', dtype=torch.bfloat16);tensor(-3.2500, device='cuda:0', dtype=torch.bfloat16)","tensor(-6.5000, device='cuda:0', dtype=torch.bfloat16);tensor(-6., device='cuda:0', dtype=torch.bfloat16);tensor(-0.7500, device='cuda:0', dtype=torch.bfloat16);tensor(-12.6250, device='cuda:0', dtype=torch.bfloat16);tensor(-10.8750, device='cuda:0', dtype=torch.bfloat16);tensor(-15.2500, device='cuda:0', dtype=torch.bfloat16);tensor(-15., device='cuda:0', dtype=torch.bfloat16);tensor(-1., device='cuda:0', dtype=torch.bfloat16);tensor(-3.6250, device='cuda:0', dtype=torch.bfloat16)",blimp
existential_there_quantifiers_2,Most paintings of Sheila weren't there falling.,There weren't most paintings of Sheila falling.,136,-7.90625,-7.1875,-71.0,-64.5,"tensor(-7.6250, device='cuda:0', dtype=torch.bfloat16);tensor(-10.6250, device='cuda:0', dtype=torch.bfloat16);tensor(-2.7500, device='cuda:0', dtype=torch.bfloat16);tensor(-11.5625, device='cuda:0', dtype=torch.bfloat16);tensor(-11.6250, device='cuda:0', dtype=torch.bfloat16);tensor(-0.5000, device='cuda:0', dtype=torch.bfloat16);tensor(-7.9375, device='cuda:0', dtype=torch.bfloat16);tensor(-14.0625, device='cuda:0', dtype=torch.bfloat16);tensor(-4.4375, device='cuda:0', dtype=torch.bfloat16)","tensor(-6.5000, device='cuda:0', dtype=torch.bfloat16);tensor(-8.3750, device='cuda:0', dtype=torch.bfloat16);tensor(-0.7500, device='cuda:0', dtype=torch.bfloat16);tensor(-12.1875, device='cuda:0', dtype=torch.bfloat16);tensor(-9.6875, device='cuda:0', dtype=torch.bfloat16);tensor(-2.0625, device='cuda:0', dtype=torch.bfloat16);tensor(-11.4375, device='cuda:0', dtype=torch.bfloat16);tensor(-9.7500, device='cuda:0', dtype=torch.bfloat16);tensor(-3.8750, device='cuda:0', dtype=torch.bfloat16)",blimp
existential_there_subject_raising,There does turn out to be a mouth scaring the committee.,There does bother to be a mouth scaring the committee.,521,-5.5,-6.59375,-71.5,-79.0,"tensor(-6.5000, device='cuda:0', dtype=torch.bfloat16);tensor(-8.8750, device='cuda:0', dtype=torch.bfloat16);tensor(-9.1875, device='cuda:0', dtype=torch.bfloat16);tensor(-0.2500, device='cuda:0', dtype=torch.bfloat16);tensor(0., device='cuda:0', dtype=torch.bfloat16);tensor(0., device='cuda:0', dtype=torch.bfloat16);tensor(-1., device='cuda:0', dtype=torch.bfloat16);tensor(-11.4375, device='cuda:0', dtype=torch.bfloat16);tensor(-12.8750, device='cuda:0', dtype=torch.bfloat16);tensor(-3.3125, device='cuda:0', dtype=torch.bfloat16);tensor(-4.9375, device='cuda:0', dtype=torch.bfloat16);tensor(-9.6250, device='cuda:0', dtype=torch.bfloat16);tensor(-3.5625, device='cuda:0', dtype=torch.bfloat16)","tensor(-6.5000, device='cuda:0', dtype=torch.bfloat16);tensor(-8.8750, device='cuda:0', dtype=torch.bfloat16);tensor(-13.6250, device='cuda:0', dtype=torch.bfloat16);tensor(-4.5000, device='cuda:0', dtype=torch.bfloat16);tensor(-1.5625, device='cuda:0', dtype=torch.bfloat16);tensor(-0.9375, device='cuda:0', dtype=torch.bfloat16);tensor(-10.2500, device='cuda:0', dtype=torch.bfloat16);tensor(-11.7500, device='cuda:0', dtype=torch.bfloat16);tensor(-3.8750, device='cuda:0', dtype=torch.bfloat16);tensor(-4.7812, device='cuda:0', dtype=torch.bfloat16);tensor(-8.9375, device='cuda:0', dtype=torch.bfloat16);tensor(-3.4375, device='cuda:0', dtype=torch.bfloat16)",blimp
existential_there_subject_raising,There hadn't appeared to be a picture irritating Angela.,There hadn't intended to be a picture irritating Angela.,737,-6.03125,-6.8125,-66.5,-75.0,"tensor(-6.5000, device='cuda:0', dtype=torch.bfloat16);tensor(-12.3125, device='cuda:0', dtype=torch.bfloat16);tensor(-0.7500, device='cuda:0', dtype=torch.bfloat16);tensor(-7.5625, device='cuda:0', dtype=torch.bfloat16);tensor(-0.5000, device='cuda:0', dtype=torch.bfloat16);tensor(0., device='cuda:0', dtype=torch.bfloat16);tensor(-1.8750, device='cuda:0', dtype=torch.bfloat16);tensor(-7.6875, device='cuda:0', dtype=torch.bfloat16);tensor(-16., device='cuda:0', dtype=torch.bfloat16);tensor(-10.4375, device='cuda:0', dtype=torch.bfloat16);tensor(-2.8750, device='cuda:0', dtype=torch.bfloat16)","tensor(-6.5000, device='cuda:0', dtype=torch.bfloat16);tensor(-12.3125, device='cuda:0', dtype=torch.bfloat16);tensor(-0.7500, device='cuda:0', dtype=torch.bfloat16);tensor(-12.9375, device='cuda:0', dtype=torch.bfloat16);tensor(-0.3125, device='cuda:0', dtype=torch.bfloat16);tensor(-1.6250, device='cuda:0', dtype=torch.bfloat16);tensor(-0.9375, device='cuda:0', dtype=torch.bfloat16);tensor(-6.9062, device='cuda:0', dtype=torch.bfloat16);tensor(-19.5000, device='cuda:0', dtype=torch.bfloat16);tensor(-11.1250, device='cuda:0', dtype=torch.bfloat16);tensor(-2.1250, device='cuda:0', dtype=torch.bfloat16)",blimp
existential_there_subject_raising,There are soon to be no pies vanishing.,There are unhappy to be no pies vanishing.,740,-5.34375,-6.3125,-53.5,-63.0,"tensor(-6.5000, device='cuda:0', dtype=torch.bfloat16);tensor(-0.7500, device='cuda:0', dtype=torch.bfloat16);tensor(-12.2500, device='cuda:0', dtype=torch.bfloat16);tensor(-0.7500, device='cuda:0', dtype=torch.bfloat16);tensor(0., device='cuda:0', dtype=torch.bfloat16);tensor(-3.2500, device='cuda:0', dtype=torch.bfloat16);tensor(-10., device='cuda:0', dtype=torch.bfloat16);tensor(-12.4375, device='cuda:0', dtype=torch.bfloat16);tensor(-3.3750, device='cuda:0', dtype=torch.bfloat16);tensor(-4.1875, device='cuda:0', dtype=torch.bfloat16)","tensor(-6.5000, device='cuda:0', dtype=torch.bfloat16);tensor(-0.7500, device='cuda:0', dtype=torch.bfloat16);tensor(-11.2500, device='cuda:0', dtype=torch.bfloat16);tensor(-8.1250, device='cuda:0', dtype=torch.bfloat16);tensor(-1.8125, device='cuda:0', dtype=torch.bfloat16);tensor(-4.7500, device='cuda:0', dtype=torch.bfloat16);tensor(-11.1250, device='cuda:0', dtype=torch.bfloat16);tensor(-10.1875, device='cuda:0', dtype=torch.bfloat16);tensor(-4.6875, device='cuda:0', dtype=torch.bfloat16);tensor(-3.8750, device='cuda:0', dtype=torch.bfloat16)",blimp
existential_there_subject_raising,There is soon to be an eggplant upsetting Monica.,There is happy to be an eggplant upsetting Monica.,660,-6.15625,-6.90625,-67.5,-76.0,"tensor(-6.5000, device='cuda:0', dtype=torch.bfloat16);tensor(-1.8750, device='cuda:0', dtype=torch.bfloat16);tensor(-9.4375, device='cuda:0', dtype=torch.bfloat16);tensor(-0.5000, device='cuda:0', dtype=torch.bfloat16);tensor(0., device='cuda:0', dtype=torch.bfloat16);tensor(-2.7500, device='cuda:0', dtype=torch.bfloat16);tensor(-7.9375, device='cuda:0', dtype=torch.bfloat16);tensor(-4.8750, device='cuda:0', dtype=torch.bfloat16);tensor(-18.7500, device='cuda:0', dtype=torch.bfloat16);tensor(-11.6250, device='cuda:0', dtype=torch.bfloat16);tensor(-3.3750, device='cuda:0', dtype=torch.bfloat16)","tensor(-6.5000, device='cuda:0', dtype=torch.bfloat16);tensor(-1.8750, device='cuda:0', dtype=torch.bfloat16);tensor(-11.5000, device='cuda:0', dtype=torch.bfloat16);tensor(-4.8125, device='cuda:0', dtype=torch.bfloat16);tensor(-1.5000, device='cuda:0', dtype=torch.bfloat16);tensor(-3.8750, device='cuda:0', dtype=torch.bfloat16);tensor(-7.1875, device='cuda:0', dtype=torch.bfloat16);tensor(-4.4375, device='cuda:0', dtype=torch.bfloat16);tensor(-18.2500, device='cuda:0', dtype=torch.bfloat16);tensor(-12.8750, device='cuda:0', dtype=torch.bfloat16);tensor(-3., device='cuda:0', dtype=torch.bfloat16)",blimp
existential_there_subject_raising,There isn't soon to be a cashier donating.,There isn't willing to be a cashier donating.,411,-6.375,-6.5625,-63.75,-65.5,"tensor(-6.5000, device='cuda:0', dtype=torch.bfloat16);tensor(-6., device='cuda:0', dtype=torch.bfloat16);tensor(-0.7500, device='cuda:0', dtype=torch.bfloat16);tensor(-12.5000, device='cuda:0', dtype=torch.bfloat16);tensor(-2.3125, device='cuda:0', dtype=torch.bfloat16);tensor(-0.1250, device='cuda:0', dtype=torch.bfloat16);tensor(-0.7500, device='cuda:0', dtype=torch.bfloat16);tensor(-12.2500, device='cuda:0', dtype=torch.bfloat16);tensor(-15.3750, device='cuda:0', dtype=torch.bfloat16);tensor(-7.0938, device='cuda:0', dtype=torch.bfloat16)","tensor(-6.5000, device='cuda:0', dtype=torch.bfloat16);tensor(-6., device='cuda:0', dtype=torch.bfloat16);tensor(-0.7500, device='cuda:0', dtype=torch.bfloat16);tensor(-16., device='cuda:0', dtype=torch.bfloat16);tensor(-1.3750, device='cuda:0', dtype=torch.bfloat16);tensor(-2.2500, device='cuda:0', dtype=torch.bfloat16);tensor(-2.0625, device='cuda:0', dtype=torch.bfloat16);tensor(-11.3750, device='cuda:0', dtype=torch.bfloat16);tensor(-14.2500, device='cuda:0', dtype=torch.bfloat16);tensor(-4.9375, device='cuda:0', dtype=torch.bfloat16)",blimp
existential_there_subject_raising,There are apt to be a lot of fathers of Michael discovering what shrink.,There are unable to be a lot of fathers of Michael discovering what shrink.,678,-6.28125,-6.21875,-94.0,-93.5,"tensor(-6.5000, device='cuda:0', dtype=torch.bfloat16);tensor(-0.7500, device='cuda:0', dtype=torch.bfloat16);tensor(-15., device='cuda:0', dtype=torch.bfloat16);tensor(-0.4375, device='cuda:0', dtype=torch.bfloat16);tensor(0., device='cuda:0', dtype=torch.bfloat16);tensor(-2.3750, device='cuda:0', dtype=torch.bfloat16);tensor(-1.2500, device='cuda:0', dtype=torch.bfloat16);tensor(-0.1250, device='cuda:0', dtype=torch.bfloat16);tensor(-8.6250, device='cuda:0', dtype=torch.bfloat16);tensor(-3.1250, device='cuda:0', dtype=torch.bfloat16);tensor(-11.0625, device='cuda:0', dtype=torch.bfloat16);tensor(-18.3750, device='cuda:0', dtype=torch.bfloat16);tensor(-4.0625, device='cuda:0', dtype=torch.bfloat16);tensor(-14.5000, device='cuda:0', dtype=torch.bfloat16);tensor(-7.9062, device='cuda:0', dtype=torch.bfloat16)","tensor(-6.5000, device='cuda:0', dtype=torch.bfloat16);tensor(-0.7500, device='cuda:0', dtype=torch.bfloat16);tensor(-13.8750, device='cuda:0', dtype=torch.bfloat16);tensor(-0.6875, device='cuda:0', dtype=torch.bfloat16);tensor(-2.3125, device='cuda:0', dtype=torch.bfloat16);tensor(-3.3125, device='cuda:0', dtype=torch.bfloat16);tensor(-3.1875, device='cuda:0', dtype=torch.bfloat16);tensor(-0.2500, device='cuda:0', dtype=torch.bfloat16);tensor(-10.0625, device='cuda:0', dtype=torch.bfloat16);tensor(-3.5625, device='cuda:0', dtype=torch.bfloat16);tensor(-9.6875, device='cuda:0', dtype=torch.bfloat16);tensor(-14.3125, device='cuda:0', dtype=torch.bfloat16);tensor(-4.9062, device='cuda:0', dtype=torch.bfloat16);tensor(-14.0625, device='cuda:0', dtype=torch.bfloat16);tensor(-5.9688, device='cuda:0', dtype=torch.bfloat16)",blimp
existential_there_subject_raising,There looked to be a photograph vanishing.,There proposed to be a photograph vanishing.,626,-5.5625,-6.09375,-50.25,-55.0,"tensor(-6.5000, device='cuda:0', dtype=torch.bfloat16);tensor(-13.3125, device='cuda:0', dtype=torch.bfloat16);tensor(-0.6250, device='cuda:0', dtype=torch.bfloat16);tensor(0., device='cuda:0', dtype=torch.bfloat16);tensor(-1.3750, device='cuda:0', dtype=torch.bfloat16);tensor(-10.5625, device='cuda:0', dtype=torch.bfloat16);tensor(-10.3750, device='cuda:0', dtype=torch.bfloat16);tensor(-3., device='cuda:0', dtype=torch.bfloat16);tensor(-4.4375, device='cuda:0', dtype=torch.bfloat16)","tensor(-6.5000, device='cuda:0', dtype=torch.bfloat16);tensor(-15.3750, device='cuda:0', dtype=torch.bfloat16);tensor(-2.8750, device='cuda:0', dtype=torch.bfloat16);tensor(-1., device='cuda:0', dtype=torch.bfloat16);tensor(-1.5625, device='cuda:0', dtype=torch.bfloat16);tensor(-8.6875, device='cuda:0', dtype=torch.bfloat16);tensor(-9.5625, device='cuda:0', dtype=torch.bfloat16);tensor(-4.8125, device='cuda:0', dtype=torch.bfloat16);tensor(-4.5000, device='cuda:0', dtype=torch.bfloat16)",blimp
existential_there_subject_raising,There proved to be a lady proposing to irritate Tina.,There neglected to be a lady proposing to irritate Tina.,513,-6.25,-6.625,-75.0,-79.5,"tensor(-6.5000, device='cuda:0', dtype=torch.bfloat16);tensor(-15.3750, device='cuda:0', dtype=torch.bfloat16);tensor(-0.5625, device='cuda:0', dtype=torch.bfloat16);tensor(0., device='cuda:0', dtype=torch.bfloat16);tensor(-1.8125, device='cuda:0', dtype=torch.bfloat16);tensor(-9.1250, device='cuda:0', dtype=torch.bfloat16);tensor(-11.1250, device='cuda:0', dtype=torch.bfloat16);tensor(-1.1875, device='cuda:0', dtype=torch.bfloat16);tensor(-13.9375, device='cuda:0', dtype=torch.bfloat16);tensor(0., device='cuda:0', dtype=torch.bfloat16);tensor(-11.8750, device='cuda:0', dtype=torch.bfloat16);tensor(-3.5625, device='cuda:0', dtype=torch.bfloat16)","tensor(-6.5000, device='cuda:0', dtype=torch.bfloat16);tensor(-18.3750, device='cuda:0', dtype=torch.bfloat16);tensor(-1.7500, device='cuda:0', dtype=torch.bfloat16);tensor(-0.2500, device='cuda:0', dtype=torch.bfloat16);tensor(-1.3750, device='cuda:0', dtype=torch.bfloat16);tensor(-8.6875, device='cuda:0', dtype=torch.bfloat16);tensor(-10.8750, device='cuda:0', dtype=torch.bfloat16);tensor(-2.2500, device='cuda:0', dtype=torch.bfloat16);tensor(-14.0625, device='cuda:0', dtype=torch.bfloat16);tensor(-0.1250, device='cuda:0', dtype=torch.bfloat16);tensor(-11.5625, device='cuda:0', dtype=torch.bfloat16);tensor(-3.6250, device='cuda:0', dtype=torch.bfloat16)",blimp
existential_there_subject_raising,There is apt to be a glacier annoying Mark.,There is reluctant to be a glacier annoying Mark.,859,-7.125,-7.4375,-71.0,-74.5,"tensor(-6.5000, device='cuda:0', dtype=torch.bfloat16);tensor(-1.8750, device='cuda:0', dtype=torch.bfloat16);tensor(-14.8125, device='cuda:0', dtype=torch.bfloat16);tensor(-0.1250, device='cuda:0', dtype=torch.bfloat16);tensor(0., device='cuda:0', dtype=torch.bfloat16);tensor(-1.1250, device='cuda:0', dtype=torch.bfloat16);tensor(-12.5000, device='cuda:0', dtype=torch.bfloat16);tensor(-16.3750, device='cuda:0', dtype=torch.bfloat16);tensor(-11.3125, device='cuda:0', dtype=torch.bfloat16);tensor(-6.5000, device='cuda:0', dtype=torch.bfloat16)","tensor(-6.5000, device='cuda:0', dtype=torch.bfloat16);tensor(-1.8750, device='cuda:0', dtype=torch.bfloat16);tensor(-15.0625, device='cuda:0', dtype=torch.bfloat16);tensor(-3.9375, device='cuda:0', dtype=torch.bfloat16);tensor(-2.6250, device='cuda:0', dtype=torch.bfloat16);tensor(-2.3125, device='cuda:0', dtype=torch.bfloat16);tensor(-11.3750, device='cuda:0', dtype=torch.bfloat16);tensor(-15.1250, device='cuda:0', dtype=torch.bfloat16);tensor(-10.9375, device='cuda:0', dtype=torch.bfloat16);tensor(-4.6250, device='cuda:0', dtype=torch.bfloat16)",blimp
existential_there_subject_raising,There is soon to be a daughter of Donald declaring those scarves to crumple.,There is happy to be a daughter of Donald declaring those scarves to crumple.,136,-5.5625,-5.96875,-100.0,-107.5,"tensor(-6.5000, device='cuda:0', dtype=torch.bfloat16);tensor(-1.8750, device='cuda:0', dtype=torch.bfloat16);tensor(-9.4375, device='cuda:0', dtype=torch.bfloat16);tensor(-0.5000, device='cuda:0', dtype=torch.bfloat16);tensor(0., device='cuda:0', dtype=torch.bfloat16);tensor(-0.6875, device='cuda:0', dtype=torch.bfloat16);tensor(-9.8750, device='cuda:0', dtype=torch.bfloat16);tensor(-0.8125, device='cuda:0', dtype=torch.bfloat16);tensor(-6.8125, device='cuda:0', dtype=torch.bfloat16);tensor(-18.8750, device='cuda:0', dtype=torch.bfloat16);tensor(-9.2500, device='cuda:0', dtype=torch.bfloat16);tensor(-10.7500, device='cuda:0', dtype=torch.bfloat16);tensor(-2.0625, device='cuda:0', dtype=torch.bfloat16);tensor(-3.2500, device='cuda:0', dtype=torch.bfloat16);tensor(-12.3125, device='cuda:0', dtype=torch.bfloat16);tensor(-3.2500, device='cuda:0', dtype=torch.bfloat16);tensor(-0.2500, device='cuda:0', dtype=torch.bfloat16);tensor(-3.4375, device='cuda:0', dtype=torch.bfloat16)","tensor(-6.5000, device='cuda:0', dtype=torch.bfloat16);tensor(-1.8750, device='cuda:0', dtype=torch.bfloat16);tensor(-11.5000, device='cuda:0', dtype=torch.bfloat16);tensor(-4.8125, device='cuda:0', dtype=torch.bfloat16);tensor(-1.5000, device='cuda:0', dtype=torch.bfloat16);tensor(-2.0625, device='cuda:0', dtype=torch.bfloat16);tensor(-7.5625, device='cuda:0', dtype=torch.bfloat16);tensor(-0.8125, device='cuda:0', dtype=torch.bfloat16);tensor(-8.6250, device='cuda:0', dtype=torch.bfloat16);tensor(-20.7500, device='cuda:0', dtype=torch.bfloat16);tensor(-7.2812, device='cuda:0', dtype=torch.bfloat16);tensor(-10.8750, device='cuda:0', dtype=torch.bfloat16);tensor(-1.3125, device='cuda:0', dtype=torch.bfloat16);tensor(-3.5000, device='cuda:0', dtype=torch.bfloat16);tensor(-11.8125, device='cuda:0', dtype=torch.bfloat16);tensor(-3.0625, device='cuda:0', dtype=torch.bfloat16);tensor(-0.3125, device='cuda:0', dtype=torch.bfloat16);tensor(-3.5000, device='cuda:0', dtype=torch.bfloat16)",blimp
expletive_it_object_raising,The adult's fathers discovered it to be worth noting that Cynthia hasn't researched the Impressionists.,The adult's fathers entreated it to be worth noting that Cynthia hasn't researched the Impressionists.,521,-5.65625,-5.78125,-113.0,-121.5,"tensor(-3.6250, device='cuda:0', dtype=torch.bfloat16);tensor(-9.5625, device='cuda:0', dtype=torch.bfloat16);tensor(-5.8438, device='cuda:0', dtype=torch.bfloat16);tensor(-12.8750, device='cuda:0', dtype=torch.bfloat16);tensor(-10.5000, device='cuda:0', dtype=torch.bfloat16);tensor(-5.4688, device='cuda:0', dtype=torch.bfloat16);tensor(-3.7500, device='cuda:0', dtype=torch.bfloat16);tensor(-0.4375, device='cuda:0', dtype=torch.bfloat16);tensor(-6.7500, device='cuda:0', dtype=torch.bfloat16);tensor(-6.0625, device='cuda:0', dtype=torch.bfloat16);tensor(-0.8750, device='cuda:0', dtype=torch.bfloat16);tensor(-13., device='cuda:0', dtype=torch.bfloat16);tensor(-8.1250, device='cuda:0', dtype=torch.bfloat16);tensor(-0.1250, device='cuda:0', dtype=torch.bfloat16);tensor(-7.5625, device='cuda:0', dtype=torch.bfloat16);tensor(-2.2500, device='cuda:0', dtype=torch.bfloat16);tensor(-10.4375, device='cuda:0', dtype=torch.bfloat16);tensor(-1.6250, device='cuda:0', dtype=torch.bfloat16);tensor(-2., device='cuda:0', dtype=torch.bfloat16);tensor(-2.2500, device='cuda:0', dtype=torch.bfloat16)","tensor(-3.6250, device='cuda:0', dtype=torch.bfloat16);tensor(-9.5625, device='cuda:0', dtype=torch.bfloat16);tensor(-5.8438, device='cuda:0', dtype=torch.bfloat16);tensor(-12.8750, device='cuda:0', dtype=torch.bfloat16);tensor(-11.2500, device='cuda:0', dtype=torch.bfloat16);tensor(-4.3750, device='cuda:0', dtype=torch.bfloat16);tensor(-6.2812, device='cuda:0', dtype=torch.bfloat16);tensor(-2.3125, device='cuda:0', dtype=torch.bfloat16);tensor(-2.1875, device='cuda:0', dtype=torch.bfloat16);tensor(-8.2500, device='cuda:0', dtype=torch.bfloat16);tensor(-7.0938, device='cuda:0', dtype=torch.bfloat16);tensor(-1.1250, device='cuda:0', dtype=torch.bfloat16);tensor(-12.5625, device='cuda:0', dtype=torch.bfloat16);tensor(-8.6875, device='cuda:0', dtype=torch.bfloat16);tensor(-0.1250, device='cuda:0', dtype=torch.bfloat16);tensor(-8.3750, device='cuda:0', dtype=torch.bfloat16);tensor(-1.5625, device='cuda:0', dtype=torch.bfloat16);tensor(-10.7500, device='cuda:0', dtype=torch.bfloat16);tensor(-1.3125, device='cuda:0', dtype=torch.bfloat16);tensor(-1.5000, device='cuda:0', dtype=torch.bfloat16);tensor(-1.6250, device='cuda:0', dtype=torch.bfloat16)",blimp
expletive_it_object_raising,Victoria's dentists need it to be a shame that Laura couldn't annoy Patrick.,Victoria's dentists have badgered it to be a shame that Laura couldn't annoy Patrick.,737,-5.75,-5.375,-98.0,-107.5,"tensor(-9.9375, device='cuda:0', dtype=torch.bfloat16);tensor(-3.1875, device='cuda:0', dtype=torch.bfloat16);tensor(-11.8750, device='cuda:0', dtype=torch.bfloat16);tensor(-0.1250, device='cuda:0', dtype=torch.bfloat16);tensor(-4.9375, device='cuda:0', dtype=torch.bfloat16);tensor(-8., device='cuda:0', dtype=torch.bfloat16);tensor(-1.2500, device='cuda:0', dtype=torch.bfloat16);tensor(-0.7500, device='cuda:0', dtype=torch.bfloat16);tensor(-2.4375, device='cuda:0', dtype=torch.bfloat16);tensor(-9.7500, device='cuda:0', dtype=torch.bfloat16);tensor(-3.1875, device='cuda:0', dtype=torch.bfloat16);tensor(-12.6875, device='cuda:0', dtype=torch.bfloat16);tensor(-7.1562, device='cuda:0', dtype=torch.bfloat16);tensor(-0.1250, device='cuda:0', dtype=torch.bfloat16);tensor(-11.5625, device='cuda:0', dtype=torch.bfloat16);tensor(-8.3750, device='cuda:0', dtype=torch.bfloat16);tensor(-2.6250, device='cuda:0', dtype=torch.bfloat16)","tensor(-9.9375, device='cuda:0', dtype=torch.bfloat16);tensor(-3.1875, device='cuda:0', dtype=torch.bfloat16);tensor(-11.8750, device='cuda:0', dtype=torch.bfloat16);tensor(-0.1250, device='cuda:0', dtype=torch.bfloat16);tensor(-2.7500, device='cuda:0', dtype=torch.bfloat16);tensor(-9.8750, device='cuda:0', dtype=torch.bfloat16);tensor(-3.5000, device='cuda:0', dtype=torch.bfloat16);tensor(0., device='cuda:0', dtype=torch.bfloat16);tensor(-7.7500, device='cuda:0', dtype=torch.bfloat16);tensor(-2.9375, device='cuda:0', dtype=torch.bfloat16);tensor(-2.7500, device='cuda:0', dtype=torch.bfloat16);tensor(-2.4375, device='cuda:0', dtype=torch.bfloat16);tensor(-9., device='cuda:0', dtype=torch.bfloat16);tensor(-2.1875, device='cuda:0', dtype=torch.bfloat16);tensor(-11.2500, device='cuda:0', dtype=torch.bfloat16);tensor(-7.2500, device='cuda:0', dtype=torch.bfloat16);tensor(-0.1250, device='cuda:0', dtype=torch.bfloat16);tensor(-9.5625, device='cuda:0', dtype=torch.bfloat16);tensor(-8.7500, device='cuda:0', dtype=torch.bfloat16);tensor(-2.2500, device='cuda:0', dtype=torch.bfloat16)",blimp
expletive_it_object_raising,Vincent had believed it to be worth noting that Melissa is disturbing these cashiers.,Vincent had enticed it to be worth noting that Melissa is disturbing these cashiers.,740,-5.96875,-6.625,-101.5,-119.0,"tensor(-9.5000, device='cuda:0', dtype=torch.bfloat16);tensor(-1.4375, device='cuda:0', dtype=torch.bfloat16);tensor(-9., device='cuda:0', dtype=torch.bfloat16);tensor(-8.8750, device='cuda:0', dtype=torch.bfloat16);tensor(-4.4375, device='cuda:0', dtype=torch.bfloat16);tensor(-2.4375, device='cuda:0', dtype=torch.bfloat16);tensor(0., device='cuda:0', dtype=torch.bfloat16);tensor(-6.9688, device='cuda:0', dtype=torch.bfloat16);tensor(-6.1875, device='cuda:0', dtype=torch.bfloat16);tensor(-0.8750, device='cuda:0', dtype=torch.bfloat16);tensor(-11.0625, device='cuda:0', dtype=torch.bfloat16);tensor(-5.0625, device='cuda:0', dtype=torch.bfloat16);tensor(-10.6250, device='cuda:0', dtype=torch.bfloat16);tensor(-8.7500, device='cuda:0', dtype=torch.bfloat16);tensor(-9.8125, device='cuda:0', dtype=torch.bfloat16);tensor(-3.6250, device='cuda:0', dtype=torch.bfloat16);tensor(-3.0625, device='cuda:0', dtype=torch.bfloat16)","tensor(-9.5000, device='cuda:0', dtype=torch.bfloat16);tensor(-1.4375, device='cuda:0', dtype=torch.bfloat16);tensor(-9., device='cuda:0', dtype=torch.bfloat16);tensor(-11.6250, device='cuda:0', dtype=torch.bfloat16);tensor(-2.5625, device='cuda:0', dtype=torch.bfloat16);tensor(-8.6875, device='cuda:0', dtype=torch.bfloat16);tensor(-2.1875, device='cuda:0', dtype=torch.bfloat16);tensor(-3.8750, device='cuda:0', dtype=torch.bfloat16);tensor(-8.6250, device='cuda:0', dtype=torch.bfloat16);tensor(-6.2812, device='cuda:0', dtype=torch.bfloat16);tensor(-1.3125, device='cuda:0', dtype=torch.bfloat16);tensor(-13.8750, device='cuda:0', dtype=torch.bfloat16);tensor(-4.7500, device='cuda:0', dtype=torch.bfloat16);tensor(-10.5000, device='cuda:0', dtype=torch.bfloat16);tensor(-6.6562, device='cuda:0', dtype=torch.bfloat16);tensor(-10.3125, device='cuda:0', dtype=torch.bfloat16);tensor(-5.1875, device='cuda:0', dtype=torch.bfloat16);tensor(-2.6250, device='cuda:0', dtype=torch.bfloat16)",blimp
expletive_it_object_raising,Most cashiers discover it to be important that the libraries can't long to disgust Matt.,Most cashiers did spur it to be important that the libraries can't long to disgust Matt.,660,-6.71875,-6.84375,-121.0,-130.0,"tensor(-7.6250, device='cuda:0', dtype=torch.bfloat16);tensor(-8.7500, device='cuda:0', dtype=torch.bfloat16);tensor(-3.5000, device='cuda:0', dtype=torch.bfloat16);tensor(-11.5000, device='cuda:0', dtype=torch.bfloat16);tensor(-2.7500, device='cuda:0', dtype=torch.bfloat16);tensor(-4.4375, device='cuda:0', dtype=torch.bfloat16);tensor(-0.1250, device='cuda:0', dtype=torch.bfloat16);tensor(-6.3750, device='cuda:0', dtype=torch.bfloat16);tensor(-2.3125, device='cuda:0', dtype=torch.bfloat16);tensor(-3.1875, device='cuda:0', dtype=torch.bfloat16);tensor(-11.7500, device='cuda:0', dtype=torch.bfloat16);tensor(-5.5000, device='cuda:0', dtype=torch.bfloat16);tensor(-5.6250, device='cuda:0', dtype=torch.bfloat16);tensor(-10.6250, device='cuda:0', dtype=torch.bfloat16);tensor(-4.5000, device='cuda:0', dtype=torch.bfloat16);tensor(-13.6875, device='cuda:0', dtype=torch.bfloat16);tensor(-14.2500, device='cuda:0', dtype=torch.bfloat16);tensor(-4.5000, device='cuda:0', dtype=torch.bfloat16)","tensor(-7.6250, device='cuda:0', dtype=torch.bfloat16);tensor(-8.7500, device='cuda:0', dtype=torch.bfloat16);tensor(-3.5000, device='cuda:0', dtype=torch.bfloat16);tensor(-7.9688, device='cuda:0', dtype=torch.bfloat16);tensor(-14.3750, device='cuda:0', dtype=torch.bfloat16);tensor(-4.3125, device='cuda:0', dtype=torch.bfloat16);tensor(-3.6875, device='cuda:0', dtype=torch.bfloat16);tensor(-2.7500, device='cuda:0', dtype=torch.bfloat16);tensor(-6.7188, device='cuda:0', dtype=torch.bfloat16);tensor(-3.1875, device='cuda:0', dtype=torch.bfloat16);tensor(-2.0625, device='cuda:0', dtype=torch.bfloat16);tensor(-10.2500, device='cuda:0', dtype=torch.bfloat16);tensor(-5.6562, device='cuda:0', dtype=torch.bfloat16);tensor(-5.5000, device='cuda:0', dtype=torch.bfloat16);tensor(-8.6250, device='cuda:0', dtype=torch.bfloat16);tensor(-4.3750, device='cuda:0', dtype=torch.bfloat16);tensor(-12.3125, device='cuda:0', dtype=torch.bfloat16);tensor(-14.2500, device='cuda:0', dtype=torch.bfloat16);tensor(-4.2500, device='cuda:0', dtype=torch.bfloat16)",blimp
expletive_it_object_raising,Alicia should declare it to be obvious that Diana forces Cynthia to bother every actress.,Alicia hadn't required it to be obvious that Diana forces Cynthia to bother every actress.,411,-6.0625,-6.09375,-109.0,-116.0,"tensor(-5.5625, device='cuda:0', dtype=torch.bfloat16);tensor(-7., device='cuda:0', dtype=torch.bfloat16);tensor(-0.1250, device='cuda:0', dtype=torch.bfloat16);tensor(-9.8750, device='cuda:0', dtype=torch.bfloat16);tensor(-8.7500, device='cuda:0', dtype=torch.bfloat16);tensor(-6., device='cuda:0', dtype=torch.bfloat16);tensor(-2.5625, device='cuda:0', dtype=torch.bfloat16);tensor(-1.6250, device='cuda:0', dtype=torch.bfloat16);tensor(-7.6250, device='cuda:0', dtype=torch.bfloat16);tensor(-0.6250, device='cuda:0', dtype=torch.bfloat16);tensor(-10.6250, device='cuda:0', dtype=torch.bfloat16);tensor(-10.3750, device='cuda:0', dtype=torch.bfloat16);tensor(-8.1250, device='cuda:0', dtype=torch.bfloat16);tensor(-0.6250, device='cuda:0', dtype=torch.bfloat16);tensor(-10.2500, device='cuda:0', dtype=torch.bfloat16);tensor(-7.7500, device='cuda:0', dtype=torch.bfloat16);tensor(-8., device='cuda:0', dtype=torch.bfloat16);tensor(-3.5625, device='cuda:0', dtype=torch.bfloat16)","tensor(-5.5625, device='cuda:0', dtype=torch.bfloat16);tensor(-7., device='cuda:0', dtype=torch.bfloat16);tensor(-0.1250, device='cuda:0', dtype=torch.bfloat16);tensor(-13.5625, device='cuda:0', dtype=torch.bfloat16);tensor(-0.5000, device='cuda:0', dtype=torch.bfloat16);tensor(-10.3750, device='cuda:0', dtype=torch.bfloat16);tensor(-4.1875, device='cuda:0', dtype=torch.bfloat16);tensor(-2.6250, device='cuda:0', dtype=torch.bfloat16);tensor(-1.1875, device='cuda:0', dtype=torch.bfloat16);tensor(-6.2188, device='cuda:0', dtype=torch.bfloat16);tensor(-1.2500, device='cuda:0', dtype=torch.bfloat16);tensor(-9.4375, device='cuda:0', dtype=torch.bfloat16);tensor(-12., device='cuda:0', dtype=torch.bfloat16);tensor(-10.6875, device='cuda:0', dtype=torch.bfloat16);tensor(-1.7500, device='cuda:0', dtype=torch.bfloat16);tensor(-10., device='cuda:0', dtype=torch.bfloat16);tensor(-8.0625, device='cuda:0', dtype=torch.bfloat16);tensor(-8.5000, device='cuda:0', dtype=torch.bfloat16);tensor(-2.7500, device='cuda:0', dtype=torch.bfloat16)",blimp
expletive_it_object_raising,Sara needs it to be unexpected that the students command Samuel's colleagues to praise Amy.,Sara advises it to be unexpected that the students command Samuel's colleagues to praise Amy.,678,-6.6875,-7.125,-120.5,-128.0,"tensor(-6.3125, device='cuda:0', dtype=torch.bfloat16);tensor(-5.0625, device='cuda:0', dtype=torch.bfloat16);tensor(-10.2500, device='cuda:0', dtype=torch.bfloat16);tensor(-7.8125, device='cuda:0', dtype=torch.bfloat16);tensor(-1.5000, device='cuda:0', dtype=torch.bfloat16);tensor(-1.3750, device='cuda:0', dtype=torch.bfloat16);tensor(-11.6875, device='cuda:0', dtype=torch.bfloat16);tensor(-4.9375, device='cuda:0', dtype=torch.bfloat16);tensor(-2.6250, device='cuda:0', dtype=torch.bfloat16);tensor(-6.7500, device='cuda:0', dtype=torch.bfloat16);tensor(-11.6875, device='cuda:0', dtype=torch.bfloat16);tensor(-12.6875, device='cuda:0', dtype=torch.bfloat16);tensor(-3.7500, device='cuda:0', dtype=torch.bfloat16);tensor(-8.3750, device='cuda:0', dtype=torch.bfloat16);tensor(-2.5000, device='cuda:0', dtype=torch.bfloat16);tensor(-8.6875, device='cuda:0', dtype=torch.bfloat16);tensor(-11.1875, device='cuda:0', dtype=torch.bfloat16);tensor(-3.2500, device='cuda:0', dtype=torch.bfloat16)","tensor(-6.3125, device='cuda:0', dtype=torch.bfloat16);tensor(-5.0625, device='cuda:0', dtype=torch.bfloat16);tensor(-12., device='cuda:0', dtype=torch.bfloat16);tensor(-11.3750, device='cuda:0', dtype=torch.bfloat16);tensor(-4.3125, device='cuda:0', dtype=torch.bfloat16);tensor(-2.5000, device='cuda:0', dtype=torch.bfloat16);tensor(-11.1250, device='cuda:0', dtype=torch.bfloat16);tensor(-4.5625, device='cuda:0', dtype=torch.bfloat16);tensor(-2.3750, device='cuda:0', dtype=torch.bfloat16);tensor(-6.8125, device='cuda:0', dtype=torch.bfloat16);tensor(-12.2500, device='cuda:0', dtype=torch.bfloat16);tensor(-12.3125, device='cuda:0', dtype=torch.bfloat16);tensor(-4., device='cuda:0', dtype=torch.bfloat16);tensor(-8.0625, device='cuda:0', dtype=torch.bfloat16);tensor(-2.2500, device='cuda:0', dtype=torch.bfloat16);tensor(-8.3750, device='cuda:0', dtype=torch.bfloat16);tensor(-11.0625, device='cuda:0', dtype=torch.bfloat16);tensor(-3.3125, device='cuda:0', dtype=torch.bfloat16)",blimp
expletive_it_object_raising,All children can't predict it to be sad that most governments retaliated.,All children could convince it to be sad that most governments retaliated.,626,-5.90625,-6.3125,-88.5,-88.5,"tensor(-6.9375, device='cuda:0', dtype=torch.bfloat16);tensor(-5.6250, device='cuda:0', dtype=torch.bfloat16);tensor(-4.6250, device='cuda:0', dtype=torch.bfloat16);tensor(-6.8750, device='cuda:0', dtype=torch.bfloat16);tensor(-9.3750, device='cuda:0', dtype=torch.bfloat16);tensor(-7.5625, device='cuda:0', dtype=torch.bfloat16);tensor(-4.4375, device='cuda:0', dtype=torch.bfloat16);tensor(-2.1250, device='cuda:0', dtype=torch.bfloat16);tensor(-8.5000, device='cuda:0', dtype=torch.bfloat16);tensor(-3.8750, device='cuda:0', dtype=torch.bfloat16);tensor(-6.0625, device='cuda:0', dtype=torch.bfloat16);tensor(-8., device='cuda:0', dtype=torch.bfloat16);tensor(-11.8750, device='cuda:0', dtype=torch.bfloat16);tensor(-0.1250, device='cuda:0', dtype=torch.bfloat16);tensor(-2.3750, device='cuda:0', dtype=torch.bfloat16)","tensor(-6.9375, device='cuda:0', dtype=torch.bfloat16);tensor(-5.6250, device='cuda:0', dtype=torch.bfloat16);tensor(-8.8125, device='cuda:0', dtype=torch.bfloat16);tensor(-12.6250, device='cuda:0', dtype=torch.bfloat16);tensor(-6.5938, device='cuda:0', dtype=torch.bfloat16);tensor(-3.3750, device='cuda:0', dtype=torch.bfloat16);tensor(-2.1250, device='cuda:0', dtype=torch.bfloat16);tensor(-9.0625, device='cuda:0', dtype=torch.bfloat16);tensor(-4.1562, device='cuda:0', dtype=torch.bfloat16);tensor(-6.1875, device='cuda:0', dtype=torch.bfloat16);tensor(-7.9062, device='cuda:0', dtype=torch.bfloat16);tensor(-11.8750, device='cuda:0', dtype=torch.bfloat16);tensor(-0.2500, device='cuda:0', dtype=torch.bfloat16);tensor(-2.7500, device='cuda:0', dtype=torch.bfloat16)",blimp
expletive_it_object_raising,Melanie's daughters ascertain it to be okay that every museum hasn't corresponded.,Melanie's daughters were persuading it to be okay that every museum hasn't corresponded.,513,-6.4375,-6.03125,-109.5,-115.0,"tensor(-9.2500, device='cuda:0', dtype=torch.bfloat16);tensor(-2.4375, device='cuda:0', dtype=torch.bfloat16);tensor(-4.4375, device='cuda:0', dtype=torch.bfloat16);tensor(-10.5000, device='cuda:0', dtype=torch.bfloat16);tensor(-15.6875, device='cuda:0', dtype=torch.bfloat16);tensor(-5.2500, device='cuda:0', dtype=torch.bfloat16);tensor(-3.5000, device='cuda:0', dtype=torch.bfloat16);tensor(-0.3125, device='cuda:0', dtype=torch.bfloat16);tensor(-7.5938, device='cuda:0', dtype=torch.bfloat16);tensor(-4.1250, device='cuda:0', dtype=torch.bfloat16);tensor(-7.1250, device='cuda:0', dtype=torch.bfloat16);tensor(-11.1250, device='cuda:0', dtype=torch.bfloat16);tensor(-9.9375, device='cuda:0', dtype=torch.bfloat16);tensor(-0.1250, device='cuda:0', dtype=torch.bfloat16);tensor(-13.0625, device='cuda:0', dtype=torch.bfloat16);tensor(-0.3750, device='cuda:0', dtype=torch.bfloat16);tensor(-4.4688, device='cuda:0', dtype=torch.bfloat16)","tensor(-9.2500, device='cuda:0', dtype=torch.bfloat16);tensor(-2.4375, device='cuda:0', dtype=torch.bfloat16);tensor(-4.4375, device='cuda:0', dtype=torch.bfloat16);tensor(-10.5000, device='cuda:0', dtype=torch.bfloat16);tensor(-3.5000, device='cuda:0', dtype=torch.bfloat16);tensor(-14., device='cuda:0', dtype=torch.bfloat16);tensor(-1.1250, device='cuda:0', dtype=torch.bfloat16);tensor(-8.7500, device='cuda:0', dtype=torch.bfloat16);tensor(-2.0625, device='cuda:0', dtype=torch.bfloat16);tensor(-2.3125, device='cuda:0', dtype=torch.bfloat16);tensor(-7.2812, device='cuda:0', dtype=torch.bfloat16);tensor(-3.8750, device='cuda:0', dtype=torch.bfloat16);tensor(-7.5000, device='cuda:0', dtype=torch.bfloat16);tensor(-9.7500, device='cuda:0', dtype=torch.bfloat16);tensor(-11.3125, device='cuda:0', dtype=torch.bfloat16);tensor(-0.1250, device='cuda:0', dtype=torch.bfloat16);tensor(-12.3750, device='cuda:0', dtype=torch.bfloat16);tensor(-0.6250, device='cuda:0', dtype=torch.bfloat16);tensor(-3.5625, device='cuda:0', dtype=torch.bfloat16)",blimp
expletive_it_object_raising,Homer did expect it to be nice that every lake was freezing.,Homer hasn't forced it to be nice that every lake was freezing.,859,-5.8125,-5.84375,-81.5,-87.5,"tensor(-6.6562, device='cuda:0', dtype=torch.bfloat16);tensor(-6.3125, device='cuda:0', dtype=torch.bfloat16);tensor(-9.1250, device='cuda:0', dtype=torch.bfloat16);tensor(-8.6250, device='cuda:0', dtype=torch.bfloat16);tensor(-3.9375, device='cuda:0', dtype=torch.bfloat16);tensor(-1.6875, device='cuda:0', dtype=torch.bfloat16);tensor(-0.9375, device='cuda:0', dtype=torch.bfloat16);tensor(-7.8125, device='cuda:0', dtype=torch.bfloat16);tensor(-5.5625, device='cuda:0', dtype=torch.bfloat16);tensor(-7.5000, device='cuda:0', dtype=torch.bfloat16);tensor(-9.2500, device='cuda:0', dtype=torch.bfloat16);tensor(-3.3750, device='cuda:0', dtype=torch.bfloat16);tensor(-7.5000, device='cuda:0', dtype=torch.bfloat16);tensor(-3., device='cuda:0', dtype=torch.bfloat16)","tensor(-6.6562, device='cuda:0', dtype=torch.bfloat16);tensor(-6.3125, device='cuda:0', dtype=torch.bfloat16);tensor(-11.0625, device='cuda:0', dtype=torch.bfloat16);tensor(-0.6250, device='cuda:0', dtype=torch.bfloat16);tensor(-9.8750, device='cuda:0', dtype=torch.bfloat16);tensor(-3.9688, device='cuda:0', dtype=torch.bfloat16);tensor(-1.7500, device='cuda:0', dtype=torch.bfloat16);tensor(-2.1875, device='cuda:0', dtype=torch.bfloat16);tensor(-8.3750, device='cuda:0', dtype=torch.bfloat16);tensor(-5.4062, device='cuda:0', dtype=torch.bfloat16);tensor(-6.7812, device='cuda:0', dtype=torch.bfloat16);tensor(-10.3125, device='cuda:0', dtype=torch.bfloat16);tensor(-3.9375, device='cuda:0', dtype=torch.bfloat16);tensor(-7.5312, device='cuda:0', dtype=torch.bfloat16);tensor(-2.8750, device='cuda:0', dtype=torch.bfloat16)",blimp
expletive_it_object_raising,A granddaughter of Daniel was needing it to be amusing that Walter can investigate Colleen.,A granddaughter of Daniel won't motivate it to be amusing that Walter can investigate Colleen.,136,-6.9375,-6.71875,-118.0,-121.0,"tensor(-5.5625, device='cuda:0', dtype=torch.bfloat16);tensor(-12.7500, device='cuda:0', dtype=torch.bfloat16);tensor(-0.5625, device='cuda:0', dtype=torch.bfloat16);tensor(-8.6250, device='cuda:0', dtype=torch.bfloat16);tensor(-8.5000, device='cuda:0', dtype=torch.bfloat16);tensor(-14.9375, device='cuda:0', dtype=torch.bfloat16);tensor(-8.2500, device='cuda:0', dtype=torch.bfloat16);tensor(-2.1875, device='cuda:0', dtype=torch.bfloat16);tensor(-1.3750, device='cuda:0', dtype=torch.bfloat16);tensor(-11.0625, device='cuda:0', dtype=torch.bfloat16);tensor(-4.3750, device='cuda:0', dtype=torch.bfloat16);tensor(-9.3125, device='cuda:0', dtype=torch.bfloat16);tensor(-6.8438, device='cuda:0', dtype=torch.bfloat16);tensor(-8.4375, device='cuda:0', dtype=torch.bfloat16);tensor(-11.1875, device='cuda:0', dtype=torch.bfloat16);tensor(-1.8125, device='cuda:0', dtype=torch.bfloat16);tensor(-2.1875, device='cuda:0', dtype=torch.bfloat16)","tensor(-5.5625, device='cuda:0', dtype=torch.bfloat16);tensor(-12.7500, device='cuda:0', dtype=torch.bfloat16);tensor(-0.5625, device='cuda:0', dtype=torch.bfloat16);tensor(-8.6250, device='cuda:0', dtype=torch.bfloat16);tensor(-11.5000, device='cuda:0', dtype=torch.bfloat16);tensor(-2.5000, device='cuda:0', dtype=torch.bfloat16);tensor(-12.7500, device='cuda:0', dtype=torch.bfloat16);tensor(-6.5312, device='cuda:0', dtype=torch.bfloat16);tensor(-2.6875, device='cuda:0', dtype=torch.bfloat16);tensor(-2.3750, device='cuda:0', dtype=torch.bfloat16);tensor(-10.1250, device='cuda:0', dtype=torch.bfloat16);tensor(-4.5000, device='cuda:0', dtype=torch.bfloat16);tensor(-9.9375, device='cuda:0', dtype=torch.bfloat16);tensor(-5.1562, device='cuda:0', dtype=torch.bfloat16);tensor(-8.8750, device='cuda:0', dtype=torch.bfloat16);tensor(-12., device='cuda:0', dtype=torch.bfloat16);tensor(-2., device='cuda:0', dtype=torch.bfloat16);tensor(-2.6875, device='cuda:0', dtype=torch.bfloat16)",blimp
inchoative,Most bicycles slow.,Most bicycles saw.,521,-9.375,-9.625,-37.5,-38.5,"tensor(-7.6250, device='cuda:0', dtype=torch.bfloat16);tensor(-10.1250, device='cuda:0', dtype=torch.bfloat16);tensor(-10.2500, device='cuda:0', dtype=torch.bfloat16);tensor(-9.5000, device='cuda:0', dtype=torch.bfloat16)","tensor(-7.6250, device='cuda:0', dtype=torch.bfloat16);tensor(-10.1250, device='cuda:0', dtype=torch.bfloat16);tensor(-10.0625, device='cuda:0', dtype=torch.bfloat16);tensor(-10.8125, device='cuda:0', dtype=torch.bfloat16)",blimp
inchoative,Some gate hasn't shut.,Some gate hasn't lifted.,737,-7.21875,-7.5625,-43.25,-45.5,"tensor(-7.7812, device='cuda:0', dtype=torch.bfloat16);tensor(-12.0625, device='cuda:0', dtype=torch.bfloat16);tensor(-12., device='cuda:0', dtype=torch.bfloat16);tensor(-0.5000, device='cuda:0', dtype=torch.bfloat16);tensor(-6.4688, device='cuda:0', dtype=torch.bfloat16);tensor(-4.4375, device='cuda:0', dtype=torch.bfloat16)","tensor(-7.7812, device='cuda:0', dtype=torch.bfloat16);tensor(-12.0625, device='cuda:0', dtype=torch.bfloat16);tensor(-12., device='cuda:0', dtype=torch.bfloat16);tensor(-0.5000, device='cuda:0', dtype=torch.bfloat16);tensor(-9.1250, device='cuda:0', dtype=torch.bfloat16);tensor(-3.9375, device='cuda:0', dtype=torch.bfloat16)",blimp
inchoative,Feet crack.,Feet lifted.,740,-7.6875,-7.21875,-30.75,-28.875,"tensor(-8.7500, device='cuda:0', dtype=torch.bfloat16);tensor(-3.6875, device='cuda:0', dtype=torch.bfloat16);tensor(-11.8750, device='cuda:0', dtype=torch.bfloat16);tensor(-6.4375, device='cuda:0', dtype=torch.bfloat16)","tensor(-8.7500, device='cuda:0', dtype=torch.bfloat16);tensor(-3.6875, device='cuda:0', dtype=torch.bfloat16);tensor(-10.7500, device='cuda:0', dtype=torch.bfloat16);tensor(-5.6875, device='cuda:0', dtype=torch.bfloat16)",blimp
inchoative,The socks hadn't shrunk.,The socks hadn't admired.,660,-5.46875,-7.9375,-38.5,-47.5,"tensor(-3.5625, device='cuda:0', dtype=torch.bfloat16);tensor(-13.2500, device='cuda:0', dtype=torch.bfloat16);tensor(-12.1250, device='cuda:0', dtype=torch.bfloat16);tensor(-0.5000, device='cuda:0', dtype=torch.bfloat16);tensor(-5.9375, device='cuda:0', dtype=torch.bfloat16);tensor(0., device='cuda:0', dtype=torch.bfloat16);tensor(-3., device='cuda:0', dtype=torch.bfloat16)","tensor(-3.5625, device='cuda:0', dtype=torch.bfloat16);tensor(-13.2500, device='cuda:0', dtype=torch.bfloat16);tensor(-12.1250, device='cuda:0', dtype=torch.bfloat16);tensor(-0.5000, device='cuda:0', dtype=torch.bfloat16);tensor(-13.3750, device='cuda:0', dtype=torch.bfloat16);tensor(-4.7812, device='cuda:0', dtype=torch.bfloat16)",blimp
inchoative,Some organization had worried.,Some organization had irritated.,411,-9.1875,-9.5,-46.0,-47.5,"tensor(-7.7812, device='cuda:0', dtype=torch.bfloat16);tensor(-12., device='cuda:0', dtype=torch.bfloat16);tensor(-6.5938, device='cuda:0', dtype=torch.bfloat16);tensor(-11.5625, device='cuda:0', dtype=torch.bfloat16);tensor(-7.9375, device='cuda:0', dtype=torch.bfloat16)","tensor(-7.7812, device='cuda:0', dtype=torch.bfloat16);tensor(-12., device='cuda:0', dtype=torch.bfloat16);tensor(-6.5938, device='cuda:0', dtype=torch.bfloat16);tensor(-12.8750, device='cuda:0', dtype=torch.bfloat16);tensor(-8.3750, device='cuda:0', dtype=torch.bfloat16)",blimp
inchoative,The gate has closed.,The gate has bought.,678,-5.1875,-7.59375,-26.0,-38.0,"tensor(-3.5625, device='cuda:0', dtype=torch.bfloat16);tensor(-10.5625, device='cuda:0', dtype=torch.bfloat16);tensor(-5.0625, device='cuda:0', dtype=torch.bfloat16);tensor(-3.9375, device='cuda:0', dtype=torch.bfloat16);tensor(-2.8125, device='cuda:0', dtype=torch.bfloat16)","tensor(-3.5625, device='cuda:0', dtype=torch.bfloat16);tensor(-10.5625, device='cuda:0', dtype=torch.bfloat16);tensor(-5.0625, device='cuda:0', dtype=torch.bfloat16);tensor(-11.7500, device='cuda:0', dtype=torch.bfloat16);tensor(-7.0312, device='cuda:0', dtype=torch.bfloat16)",blimp
inchoative,George hadn't hidden.,George hadn't distracted.,626,-8.5,-8.875,-42.5,-44.5,"tensor(-9.1250, device='cuda:0', dtype=torch.bfloat16);tensor(-13.8750, device='cuda:0', dtype=torch.bfloat16);tensor(-0.6250, device='cuda:0', dtype=torch.bfloat16);tensor(-11.1250, device='cuda:0', dtype=torch.bfloat16);tensor(-7.7812, device='cuda:0', dtype=torch.bfloat16)","tensor(-9.1250, device='cuda:0', dtype=torch.bfloat16);tensor(-13.8750, device='cuda:0', dtype=torch.bfloat16);tensor(-0.6250, device='cuda:0', dtype=torch.bfloat16);tensor(-14.5000, device='cuda:0', dtype=torch.bfloat16);tensor(-6.4062, device='cuda:0', dtype=torch.bfloat16)",blimp
inchoative,That cat does sell.,That cat does reveal.,513,-7.375,-8.5,-37.0,-42.5,"tensor(-7.7500, device='cuda:0', dtype=torch.bfloat16);tensor(-8.5625, device='cuda:0', dtype=torch.bfloat16);tensor(-5.5000, device='cuda:0', dtype=torch.bfloat16);tensor(-10.1250, device='cuda:0', dtype=torch.bfloat16);tensor(-4.9375, device='cuda:0', dtype=torch.bfloat16)","tensor(-7.7500, device='cuda:0', dtype=torch.bfloat16);tensor(-8.5625, device='cuda:0', dtype=torch.bfloat16);tensor(-5.5000, device='cuda:0', dtype=torch.bfloat16);tensor(-11.2500, device='cuda:0', dtype=torch.bfloat16);tensor(-9.3750, device='cuda:0', dtype=torch.bfloat16)",blimp
inchoative,Laurie's granddaughters benefit.,Laurie's granddaughters bored.,859,-5.5,-5.78125,-49.5,-52.0,"tensor(-6.8438, device='cuda:0', dtype=torch.bfloat16);tensor(-5.4375, device='cuda:0', dtype=torch.bfloat16);tensor(-0.6250, device='cuda:0', dtype=torch.bfloat16);tensor(-4.3750, device='cuda:0', dtype=torch.bfloat16);tensor(-10.4375, device='cuda:0', dtype=torch.bfloat16);tensor(-3.9375, device='cuda:0', dtype=torch.bfloat16);tensor(0., device='cuda:0', dtype=torch.bfloat16);tensor(-9.5000, device='cuda:0', dtype=torch.bfloat16);tensor(-8.3750, device='cuda:0', dtype=torch.bfloat16)","tensor(-6.8438, device='cuda:0', dtype=torch.bfloat16);tensor(-5.4375, device='cuda:0', dtype=torch.bfloat16);tensor(-0.6250, device='cuda:0', dtype=torch.bfloat16);tensor(-4.3750, device='cuda:0', dtype=torch.bfloat16);tensor(-10.4375, device='cuda:0', dtype=torch.bfloat16);tensor(-3.9375, device='cuda:0', dtype=torch.bfloat16);tensor(0., device='cuda:0', dtype=torch.bfloat16);tensor(-14.4375, device='cuda:0', dtype=torch.bfloat16);tensor(-5.8125, device='cuda:0', dtype=torch.bfloat16)",blimp
inchoative,Diana was moving.,Diana was upsetting.,136,-6.59375,-7.1875,-33.0,-36.0,"tensor(-6.5625, device='cuda:0', dtype=torch.bfloat16);tensor(-5.5000, device='cuda:0', dtype=torch.bfloat16);tensor(-6., device='cuda:0', dtype=torch.bfloat16);tensor(-8.6250, device='cuda:0', dtype=torch.bfloat16);tensor(-6.3125, device='cuda:0', dtype=torch.bfloat16)","tensor(-6.5625, device='cuda:0', dtype=torch.bfloat16);tensor(-5.5000, device='cuda:0', dtype=torch.bfloat16);tensor(-6., device='cuda:0', dtype=torch.bfloat16);tensor(-13.5000, device='cuda:0', dtype=torch.bfloat16);tensor(-4.3750, device='cuda:0', dtype=torch.bfloat16)",blimp
intransitive,Renee's teachers have compromised.,Renee's teachers have walked through.,521,-6.25,-6.3125,-50.0,-56.75,"tensor(-6.5000, device='cuda:0', dtype=torch.bfloat16);tensor(-5.6875, device='cuda:0', dtype=torch.bfloat16);tensor(-1.9375, device='cuda:0', dtype=torch.bfloat16);tensor(-4.1250, device='cuda:0', dtype=torch.bfloat16);tensor(-12.1250, device='cuda:0', dtype=torch.bfloat16);tensor(-2.6875, device='cuda:0', dtype=torch.bfloat16);tensor(-11.6250, device='cuda:0', dtype=torch.bfloat16);tensor(-5.4375, device='cuda:0', dtype=torch.bfloat16)","tensor(-6.5000, device='cuda:0', dtype=torch.bfloat16);tensor(-5.6875, device='cuda:0', dtype=torch.bfloat16);tensor(-1.9375, device='cuda:0', dtype=torch.bfloat16);tensor(-4.1250, device='cuda:0', dtype=torch.bfloat16);tensor(-12.1250, device='cuda:0', dtype=torch.bfloat16);tensor(-2.6875, device='cuda:0', dtype=torch.bfloat16);tensor(-8.5625, device='cuda:0', dtype=torch.bfloat16);tensor(-3.8125, device='cuda:0', dtype=torch.bfloat16);tensor(-11.3125, device='cuda:0', dtype=torch.bfloat16)",blimp
intransitive,These shawls fray.,These shawls resembled.,737,-6.25,-7.21875,-37.5,-43.25,"tensor(-7.0625, device='cuda:0', dtype=torch.bfloat16);tensor(-8.3750, device='cuda:0', dtype=torch.bfloat16);tensor(-2.1250, device='cuda:0', dtype=torch.bfloat16);tensor(-0.1250, device='cuda:0', dtype=torch.bfloat16);tensor(-14.5000, device='cuda:0', dtype=torch.bfloat16);tensor(-5.2500, device='cuda:0', dtype=torch.bfloat16)","tensor(-7.0625, device='cuda:0', dtype=torch.bfloat16);tensor(-8.3750, device='cuda:0', dtype=torch.bfloat16);tensor(-2.1250, device='cuda:0', dtype=torch.bfloat16);tensor(-0.1250, device='cuda:0', dtype=torch.bfloat16);tensor(-13.1250, device='cuda:0', dtype=torch.bfloat16);tensor(-12.5000, device='cuda:0', dtype=torch.bfloat16)",blimp
intransitive,Craig's nieces kiss.,Craig's nieces argue about.,740,-7.84375,-7.9375,-47.0,-55.5,"tensor(-10.2500, device='cuda:0', dtype=torch.bfloat16);tensor(-4.1875, device='cuda:0', dtype=torch.bfloat16);tensor(-13.5000, device='cuda:0', dtype=torch.bfloat16);tensor(-0.1250, device='cuda:0', dtype=torch.bfloat16);tensor(-11., device='cuda:0', dtype=torch.bfloat16);tensor(-8., device='cuda:0', dtype=torch.bfloat16)","tensor(-10.2500, device='cuda:0', dtype=torch.bfloat16);tensor(-4.1875, device='cuda:0', dtype=torch.bfloat16);tensor(-13.5000, device='cuda:0', dtype=torch.bfloat16);tensor(-0.1250, device='cuda:0', dtype=torch.bfloat16);tensor(-10.5000, device='cuda:0', dtype=torch.bfloat16);tensor(-4., device='cuda:0', dtype=torch.bfloat16);tensor(-13., device='cuda:0', dtype=torch.bfloat16)",blimp
intransitive,This glacier should vaporize.,This glacier should look like.,660,-6.96875,-7.03125,-42.0,-42.25,"tensor(-4.8125, device='cuda:0', dtype=torch.bfloat16);tensor(-12.2500, device='cuda:0', dtype=torch.bfloat16);tensor(-8.8750, device='cuda:0', dtype=torch.bfloat16);tensor(-11.3125, device='cuda:0', dtype=torch.bfloat16);tensor(-0.2500, device='cuda:0', dtype=torch.bfloat16);tensor(-4.3750, device='cuda:0', dtype=torch.bfloat16)","tensor(-4.8125, device='cuda:0', dtype=torch.bfloat16);tensor(-12.2500, device='cuda:0', dtype=torch.bfloat16);tensor(-8.8750, device='cuda:0', dtype=torch.bfloat16);tensor(-4.5000, device='cuda:0', dtype=torch.bfloat16);tensor(-2.1250, device='cuda:0', dtype=torch.bfloat16);tensor(-9.6250, device='cuda:0', dtype=torch.bfloat16)",blimp
intransitive,Marie could cough.,Marie could escape from.,411,-8.5625,-7.59375,-43.0,-45.5,"tensor(-7.8125, device='cuda:0', dtype=torch.bfloat16);tensor(-5.6250, device='cuda:0', dtype=torch.bfloat16);tensor(-10.6250, device='cuda:0', dtype=torch.bfloat16);tensor(-12.3125, device='cuda:0', dtype=torch.bfloat16);tensor(-6.5625, device='cuda:0', dtype=torch.bfloat16)","tensor(-7.8125, device='cuda:0', dtype=torch.bfloat16);tensor(-5.6250, device='cuda:0', dtype=torch.bfloat16);tensor(-10.6250, device='cuda:0', dtype=torch.bfloat16);tensor(-8., device='cuda:0', dtype=torch.bfloat16);tensor(-2.6250, device='cuda:0', dtype=torch.bfloat16);tensor(-10.9375, device='cuda:0', dtype=torch.bfloat16)",blimp
intransitive,The sweater was crumpling.,The sweater was scaring.,678,-5.625,-6.625,-39.5,-39.75,"tensor(-3.5625, device='cuda:0', dtype=torch.bfloat16);tensor(-13.2500, device='cuda:0', dtype=torch.bfloat16);tensor(-3.3125, device='cuda:0', dtype=torch.bfloat16);tensor(-9.5000, device='cuda:0', dtype=torch.bfloat16);tensor(-0.6250, device='cuda:0', dtype=torch.bfloat16);tensor(-5.3750, device='cuda:0', dtype=torch.bfloat16);tensor(-3.7500, device='cuda:0', dtype=torch.bfloat16)","tensor(-3.5625, device='cuda:0', dtype=torch.bfloat16);tensor(-13.2500, device='cuda:0', dtype=torch.bfloat16);tensor(-3.3125, device='cuda:0', dtype=torch.bfloat16);tensor(-9.5625, device='cuda:0', dtype=torch.bfloat16);tensor(-5.3125, device='cuda:0', dtype=torch.bfloat16);tensor(-4.8125, device='cuda:0', dtype=torch.bfloat16)",blimp
intransitive,Naomi cried.,Naomi sounded like.,626,-7.75,-8.0625,-31.0,-40.25,"tensor(-9.7500, device='cuda:0', dtype=torch.bfloat16);tensor(-1.4375, device='cuda:0', dtype=torch.bfloat16);tensor(-14.0625, device='cuda:0', dtype=torch.bfloat16);tensor(-5.7500, device='cuda:0', dtype=torch.bfloat16)","tensor(-9.7500, device='cuda:0', dtype=torch.bfloat16);tensor(-1.4375, device='cuda:0', dtype=torch.bfloat16);tensor(-13.2500, device='cuda:0', dtype=torch.bfloat16);tensor(-1.6875, device='cuda:0', dtype=torch.bfloat16);tensor(-14.1250, device='cuda:0', dtype=torch.bfloat16)",blimp
intransitive,Wayne had boasted.,Wayne had disliked.,513,-7.6875,-8.75,-38.5,-43.75,"tensor(-9.3125, device='cuda:0', dtype=torch.bfloat16);tensor(-1.1250, device='cuda:0', dtype=torch.bfloat16);tensor(-8.5000, device='cuda:0', dtype=torch.bfloat16);tensor(-10.9375, device='cuda:0', dtype=torch.bfloat16);tensor(-8.5625, device='cuda:0', dtype=torch.bfloat16)","tensor(-9.3125, device='cuda:0', dtype=torch.bfloat16);tensor(-1.1250, device='cuda:0', dtype=torch.bfloat16);tensor(-8.5000, device='cuda:0', dtype=torch.bfloat16);tensor(-13.1250, device='cuda:0', dtype=torch.bfloat16);tensor(-11.7500, device='cuda:0', dtype=torch.bfloat16)",blimp
intransitive,These lakes melt.,These lakes resemble.,859,-8.8125,-9.5,-35.25,-38.0,"tensor(-7.0625, device='cuda:0', dtype=torch.bfloat16);tensor(-10.2500, device='cuda:0', dtype=torch.bfloat16);tensor(-9.4375, device='cuda:0', dtype=torch.bfloat16);tensor(-8.4375, device='cuda:0', dtype=torch.bfloat16)","tensor(-7.0625, device='cuda:0', dtype=torch.bfloat16);tensor(-10.2500, device='cuda:0', dtype=torch.bfloat16);tensor(-8.4375, device='cuda:0', dtype=torch.bfloat16);tensor(-12.3750, device='cuda:0', dtype=torch.bfloat16)",blimp
intransitive,Ruth's dentists haven't kissed.,Ruth's dentists haven't admired.,136,-6.75,-6.6875,-60.75,-60.25,"tensor(-6.5000, device='cuda:0', dtype=torch.bfloat16);tensor(-4.1875, device='cuda:0', dtype=torch.bfloat16);tensor(-4.1875, device='cuda:0', dtype=torch.bfloat16);tensor(-15.7500, device='cuda:0', dtype=torch.bfloat16);tensor(-2.0625, device='cuda:0', dtype=torch.bfloat16);tensor(-8.8750, device='cuda:0', dtype=torch.bfloat16);tensor(-0.1250, device='cuda:0', dtype=torch.bfloat16);tensor(-10.8750, device='cuda:0', dtype=torch.bfloat16);tensor(-8.2500, device='cuda:0', dtype=torch.bfloat16)","tensor(-6.5000, device='cuda:0', dtype=torch.bfloat16);tensor(-4.1875, device='cuda:0', dtype=torch.bfloat16);tensor(-4.1875, device='cuda:0', dtype=torch.bfloat16);tensor(-15.7500, device='cuda:0', dtype=torch.bfloat16);tensor(-2.0625, device='cuda:0', dtype=torch.bfloat16);tensor(-8.8750, device='cuda:0', dtype=torch.bfloat16);tensor(-0.1250, device='cuda:0', dtype=torch.bfloat16);tensor(-11.5625, device='cuda:0', dtype=torch.bfloat16);tensor(-7.0625, device='cuda:0', dtype=torch.bfloat16)",blimp
irregular_past_participle_adjectives,The worn sock isn't smooth.,The wore sock isn't smooth.,521,-6.5,-6.75,-45.5,-47.25,"tensor(-3.5625, device='cuda:0', dtype=torch.bfloat16);tensor(-13., device='cuda:0', dtype=torch.bfloat16);tensor(-9.6250, device='cuda:0', dtype=torch.bfloat16);tensor(-7.6562, device='cuda:0', dtype=torch.bfloat16);tensor(-0.7500, device='cuda:0', dtype=torch.bfloat16);tensor(-7.4688, device='cuda:0', dtype=torch.bfloat16);tensor(-3.5000, device='cuda:0', dtype=torch.bfloat16)","tensor(-3.5625, device='cuda:0', dtype=torch.bfloat16);tensor(-16.2500, device='cuda:0', dtype=torch.bfloat16);tensor(-8.5000, device='cuda:0', dtype=torch.bfloat16);tensor(-8.1250, device='cuda:0', dtype=torch.bfloat16);tensor(-0.6875, device='cuda:0', dtype=torch.bfloat16);tensor(-6.6250, device='cuda:0', dtype=torch.bfloat16);tensor(-3.5000, device='cuda:0', dtype=torch.bfloat16)",blimp
irregular_past_participle_adjectives,The forgotten movies were important.,The forgot movies were important.,737,-7.34375,-7.8125,-44.0,-46.75,"tensor(-3.5625, device='cuda:0', dtype=torch.bfloat16);tensor(-10.9375, device='cuda:0', dtype=torch.bfloat16);tensor(-9.7500, device='cuda:0', dtype=torch.bfloat16);tensor(-7.7500, device='cuda:0', dtype=torch.bfloat16);tensor(-7.2500, device='cuda:0', dtype=torch.bfloat16);tensor(-4.8125, device='cuda:0', dtype=torch.bfloat16)","tensor(-3.5625, device='cuda:0', dtype=torch.bfloat16);tensor(-16., device='cuda:0', dtype=torch.bfloat16);tensor(-11.6250, device='cuda:0', dtype=torch.bfloat16);tensor(-5.4062, device='cuda:0', dtype=torch.bfloat16);tensor(-7.3750, device='cuda:0', dtype=torch.bfloat16);tensor(-2.8750, device='cuda:0', dtype=torch.bfloat16)",blimp
irregular_past_participle_adjectives,The known dancers weren't unemployed.,The knew dancers weren't unemployed.,740,-7.5,-7.46875,-52.5,-52.25,"tensor(-3.5625, device='cuda:0', dtype=torch.bfloat16);tensor(-11.1250, device='cuda:0', dtype=torch.bfloat16);tensor(-14.0625, device='cuda:0', dtype=torch.bfloat16);tensor(-9.4375, device='cuda:0', dtype=torch.bfloat16);tensor(-0.6250, device='cuda:0', dtype=torch.bfloat16);tensor(-10.7500, device='cuda:0', dtype=torch.bfloat16);tensor(-3., device='cuda:0', dtype=torch.bfloat16)","tensor(-3.5625, device='cuda:0', dtype=torch.bfloat16);tensor(-15.3125, device='cuda:0', dtype=torch.bfloat16);tensor(-12.6250, device='cuda:0', dtype=torch.bfloat16);tensor(-7.6562, device='cuda:0', dtype=torch.bfloat16);tensor(-0.6250, device='cuda:0', dtype=torch.bfloat16);tensor(-9.6250, device='cuda:0', dtype=torch.bfloat16);tensor(-2.8125, device='cuda:0', dtype=torch.bfloat16)",blimp
irregular_past_participle_adjectives,The taken glaciers aren't rough.,The took glaciers aren't rough.,660,-6.90625,-8.0,-48.5,-56.0,"tensor(-3.5625, device='cuda:0', dtype=torch.bfloat16);tensor(-13.2500, device='cuda:0', dtype=torch.bfloat16);tensor(-13.4375, device='cuda:0', dtype=torch.bfloat16);tensor(-8.6250, device='cuda:0', dtype=torch.bfloat16);tensor(-0.6250, device='cuda:0', dtype=torch.bfloat16);tensor(-8.3750, device='cuda:0', dtype=torch.bfloat16);tensor(-0.5000, device='cuda:0', dtype=torch.bfloat16)","tensor(-3.5625, device='cuda:0', dtype=torch.bfloat16);tensor(-15.0625, device='cuda:0', dtype=torch.bfloat16);tensor(-14.5625, device='cuda:0', dtype=torch.bfloat16);tensor(-9.7500, device='cuda:0', dtype=torch.bfloat16);tensor(-0.6250, device='cuda:0', dtype=torch.bfloat16);tensor(-8.5000, device='cuda:0', dtype=torch.bfloat16);tensor(-3.8750, device='cuda:0', dtype=torch.bfloat16)",blimp
irregular_past_participle_adjectives,The known waitresses weren't clever.,The knew waitresses weren't clever.,411,-6.59375,-7.1875,-52.75,-57.5,"tensor(-3.5625, device='cuda:0', dtype=torch.bfloat16);tensor(-11.1250, device='cuda:0', dtype=torch.bfloat16);tensor(-10.8125, device='cuda:0', dtype=torch.bfloat16);tensor(-4.3125, device='cuda:0', dtype=torch.bfloat16);tensor(-8.2500, device='cuda:0', dtype=torch.bfloat16);tensor(-0.6250, device='cuda:0', dtype=torch.bfloat16);tensor(-9.2500, device='cuda:0', dtype=torch.bfloat16);tensor(-4.8125, device='cuda:0', dtype=torch.bfloat16)","tensor(-3.5625, device='cuda:0', dtype=torch.bfloat16);tensor(-15.3125, device='cuda:0', dtype=torch.bfloat16);tensor(-10.8125, device='cuda:0', dtype=torch.bfloat16);tensor(-7.8438, device='cuda:0', dtype=torch.bfloat16);tensor(-7.3438, device='cuda:0', dtype=torch.bfloat16);tensor(-0.6250, device='cuda:0', dtype=torch.bfloat16);tensor(-8.7500, device='cuda:0', dtype=torch.bfloat16);tensor(-3.3750, device='cuda:0', dtype=torch.bfloat16)",blimp
irregular_past_participle_adjectives,The known woman is serious.,The knew woman is serious.,678,-6.9375,-7.375,-41.5,-44.25,"tensor(-3.5625, device='cuda:0', dtype=torch.bfloat16);tensor(-11.1250, device='cuda:0', dtype=torch.bfloat16);tensor(-9.6250, device='cuda:0', dtype=torch.bfloat16);tensor(-3.8125, device='cuda:0', dtype=torch.bfloat16);tensor(-9.5000, device='cuda:0', dtype=torch.bfloat16);tensor(-3.9375, device='cuda:0', dtype=torch.bfloat16)","tensor(-3.5625, device='cuda:0', dtype=torch.bfloat16);tensor(-15.3125, device='cuda:0', dtype=torch.bfloat16);tensor(-9.2500, device='cuda:0', dtype=torch.bfloat16);tensor(-3.6875, device='cuda:0', dtype=torch.bfloat16);tensor(-8.6250, device='cuda:0', dtype=torch.bfloat16);tensor(-3.7500, device='cuda:0', dtype=torch.bfloat16)",blimp
irregular_past_participle_adjectives,The broken mirrors were purple.,The broke mirrors were purple.,626,-6.6875,-8.1875,-40.0,-49.0,"tensor(-3.5625, device='cuda:0', dtype=torch.bfloat16);tensor(-10.5625, device='cuda:0', dtype=torch.bfloat16);tensor(-7.9688, device='cuda:0', dtype=torch.bfloat16);tensor(-3.9375, device='cuda:0', dtype=torch.bfloat16);tensor(-10.3750, device='cuda:0', dtype=torch.bfloat16);tensor(-3.6250, device='cuda:0', dtype=torch.bfloat16)","tensor(-3.5625, device='cuda:0', dtype=torch.bfloat16);tensor(-14.1250, device='cuda:0', dtype=torch.bfloat16);tensor(-12.3750, device='cuda:0', dtype=torch.bfloat16);tensor(-3.7500, device='cuda:0', dtype=torch.bfloat16);tensor(-11.4375, device='cuda:0', dtype=torch.bfloat16);tensor(-3.8125, device='cuda:0', dtype=torch.bfloat16)",blimp
irregular_past_participle_adjectives,The broken unicycle was orange.,The broke unicycle was orange.,513,-6.03125,-6.71875,-42.25,-47.0,"tensor(-3.5625, device='cuda:0', dtype=torch.bfloat16);tensor(-10.5625, device='cuda:0', dtype=torch.bfloat16);tensor(-8.8125, device='cuda:0', dtype=torch.bfloat16);tensor(-3.3125, device='cuda:0', dtype=torch.bfloat16);tensor(-3.6250, device='cuda:0', dtype=torch.bfloat16);tensor(-9.7500, device='cuda:0', dtype=torch.bfloat16);tensor(-2.6250, device='cuda:0', dtype=torch.bfloat16)","tensor(-3.5625, device='cuda:0', dtype=torch.bfloat16);tensor(-14.1250, device='cuda:0', dtype=torch.bfloat16);tensor(-8.9375, device='cuda:0', dtype=torch.bfloat16);tensor(-3.6250, device='cuda:0', dtype=torch.bfloat16);tensor(-4.0625, device='cuda:0', dtype=torch.bfloat16);tensor(-9.8750, device='cuda:0', dtype=torch.bfloat16);tensor(-2.8125, device='cuda:0', dtype=torch.bfloat16)",blimp
irregular_past_participle_adjectives,The known girl wasn't lost.,The knew girl wasn't lost.,859,-6.59375,-6.3125,-46.25,-44.25,"tensor(-3.5625, device='cuda:0', dtype=torch.bfloat16);tensor(-11.1250, device='cuda:0', dtype=torch.bfloat16);tensor(-10.9375, device='cuda:0', dtype=torch.bfloat16);tensor(-11., device='cuda:0', dtype=torch.bfloat16);tensor(-0.3750, device='cuda:0', dtype=torch.bfloat16);tensor(-6.5938, device='cuda:0', dtype=torch.bfloat16);tensor(-2.5625, device='cuda:0', dtype=torch.bfloat16)","tensor(-3.5625, device='cuda:0', dtype=torch.bfloat16);tensor(-15.3125, device='cuda:0', dtype=torch.bfloat16);tensor(-8.3125, device='cuda:0', dtype=torch.bfloat16);tensor(-6.6875, device='cuda:0', dtype=torch.bfloat16);tensor(-0.6250, device='cuda:0', dtype=torch.bfloat16);tensor(-8.2500, device='cuda:0', dtype=torch.bfloat16);tensor(-1.5000, device='cuda:0', dtype=torch.bfloat16)",blimp
irregular_past_participle_adjectives,The forgotten senator isn't confident.,The forgot senator isn't confident.,136,-7.28125,-7.90625,-51.0,-55.5,"tensor(-3.5625, device='cuda:0', dtype=torch.bfloat16);tensor(-10.9375, device='cuda:0', dtype=torch.bfloat16);tensor(-11., device='cuda:0', dtype=torch.bfloat16);tensor(-9.9375, device='cuda:0', dtype=torch.bfloat16);tensor(-0.7500, device='cuda:0', dtype=torch.bfloat16);tensor(-8.4375, device='cuda:0', dtype=torch.bfloat16);tensor(-6.2500, device='cuda:0', dtype=torch.bfloat16)","tensor(-3.5625, device='cuda:0', dtype=torch.bfloat16);tensor(-16., device='cuda:0', dtype=torch.bfloat16);tensor(-13.6250, device='cuda:0', dtype=torch.bfloat16);tensor(-8.7500, device='cuda:0', dtype=torch.bfloat16);tensor(-0.5000, device='cuda:0', dtype=torch.bfloat16);tensor(-8.6250, device='cuda:0', dtype=torch.bfloat16);tensor(-4.3750, device='cuda:0', dtype=torch.bfloat16)",blimp
irregular_past_participle_verbs,Most icicles froze.,Most icicles frozen.,521,-8.6875,-8.125,-43.25,-40.5,"tensor(-7.6250, device='cuda:0', dtype=torch.bfloat16);tensor(-14.6250, device='cuda:0', dtype=torch.bfloat16);tensor(-2.1875, device='cuda:0', dtype=torch.bfloat16);tensor(-11.2500, device='cuda:0', dtype=torch.bfloat16);tensor(-7.6250, device='cuda:0', dtype=torch.bfloat16)","tensor(-7.6250, device='cuda:0', dtype=torch.bfloat16);tensor(-14.6250, device='cuda:0', dtype=torch.bfloat16);tensor(-2.1875, device='cuda:0', dtype=torch.bfloat16);tensor(-9.5000, device='cuda:0', dtype=torch.bfloat16);tensor(-6.6250, device='cuda:0', dtype=torch.bfloat16)",blimp
irregular_past_participle_verbs,Gerald broke those carriages.,Gerald broken those carriages.,737,-7.28125,-7.5,-51.0,-52.5,"tensor(-6.6562, device='cuda:0', dtype=torch.bfloat16);tensor(-5.5625, device='cuda:0', dtype=torch.bfloat16);tensor(-12.6250, device='cuda:0', dtype=torch.bfloat16);tensor(-9.1250, device='cuda:0', dtype=torch.bfloat16);tensor(-7.5312, device='cuda:0', dtype=torch.bfloat16);tensor(-5.2500, device='cuda:0', dtype=torch.bfloat16);tensor(-4.1875, device='cuda:0', dtype=torch.bfloat16)","tensor(-6.6562, device='cuda:0', dtype=torch.bfloat16);tensor(-5.5625, device='cuda:0', dtype=torch.bfloat16);tensor(-15.5000, device='cuda:0', dtype=torch.bfloat16);tensor(-8.8750, device='cuda:0', dtype=torch.bfloat16);tensor(-8.6250, device='cuda:0', dtype=torch.bfloat16);tensor(-3.1250, device='cuda:0', dtype=torch.bfloat16);tensor(-4.1250, device='cuda:0', dtype=torch.bfloat16)",blimp
irregular_past_participle_verbs,Melanie went to every high school.,Melanie gone to every high school.,740,-5.25,-6.25,-42.0,-50.0,"tensor(-9.2500, device='cuda:0', dtype=torch.bfloat16);tensor(-2.4375, device='cuda:0', dtype=torch.bfloat16);tensor(-9.1250, device='cuda:0', dtype=torch.bfloat16);tensor(-1.1875, device='cuda:0', dtype=torch.bfloat16);tensor(-7.4375, device='cuda:0', dtype=torch.bfloat16);tensor(-4.6875, device='cuda:0', dtype=torch.bfloat16);tensor(-0.1250, device='cuda:0', dtype=torch.bfloat16);tensor(-7.7500, device='cuda:0', dtype=torch.bfloat16)","tensor(-9.2500, device='cuda:0', dtype=torch.bfloat16);tensor(-2.4375, device='cuda:0', dtype=torch.bfloat16);tensor(-13.5625, device='cuda:0', dtype=torch.bfloat16);tensor(-2.5000, device='cuda:0', dtype=torch.bfloat16);tensor(-10., device='cuda:0', dtype=torch.bfloat16);tensor(-5.4375, device='cuda:0', dtype=torch.bfloat16);tensor(-0.3750, device='cuda:0', dtype=torch.bfloat16);tensor(-6.3125, device='cuda:0', dtype=torch.bfloat16)",blimp
irregular_past_participle_verbs,The actor broke most unicycles.,The actor broken most unicycles.,660,-7.1875,-7.28125,-57.5,-58.25,"tensor(-3.5625, device='cuda:0', dtype=torch.bfloat16);tensor(-9.8125, device='cuda:0', dtype=torch.bfloat16);tensor(-7.5625, device='cuda:0', dtype=torch.bfloat16);tensor(-11.5000, device='cuda:0', dtype=torch.bfloat16);tensor(-8.1250, device='cuda:0', dtype=torch.bfloat16);tensor(-10.7500, device='cuda:0', dtype=torch.bfloat16);tensor(-1.5000, device='cuda:0', dtype=torch.bfloat16);tensor(-4.7500, device='cuda:0', dtype=torch.bfloat16)","tensor(-3.5625, device='cuda:0', dtype=torch.bfloat16);tensor(-9.8125, device='cuda:0', dtype=torch.bfloat16);tensor(-13.2500, device='cuda:0', dtype=torch.bfloat16);tensor(-8., device='cuda:0', dtype=torch.bfloat16);tensor(-8.2500, device='cuda:0', dtype=torch.bfloat16);tensor(-10.1250, device='cuda:0', dtype=torch.bfloat16);tensor(-0.7500, device='cuda:0', dtype=torch.bfloat16);tensor(-4.5000, device='cuda:0', dtype=torch.bfloat16)",blimp
irregular_past_participle_verbs,Grace hid.,Grace hidden.,411,-11.125,-10.125,-33.25,-30.375,"tensor(-9.3750, device='cuda:0', dtype=torch.bfloat16);tensor(-15.4375, device='cuda:0', dtype=torch.bfloat16);tensor(-8.5000, device='cuda:0', dtype=torch.bfloat16)","tensor(-9.3750, device='cuda:0', dtype=torch.bfloat16);tensor(-15.9375, device='cuda:0', dtype=torch.bfloat16);tensor(-5.0625, device='cuda:0', dtype=torch.bfloat16)",blimp
irregular_past_participle_verbs,That mushroom went bad.,That mushroom gone bad.,678,-7.0625,-7.1875,-35.5,-36.0,"tensor(-7.7500, device='cuda:0', dtype=torch.bfloat16);tensor(-10.4375, device='cuda:0', dtype=torch.bfloat16);tensor(-9.3750, device='cuda:0', dtype=torch.bfloat16);tensor(-4.8750, device='cuda:0', dtype=torch.bfloat16);tensor(-2.9375, device='cuda:0', dtype=torch.bfloat16)","tensor(-7.7500, device='cuda:0', dtype=torch.bfloat16);tensor(-10.4375, device='cuda:0', dtype=torch.bfloat16);tensor(-11.7500, device='cuda:0', dtype=torch.bfloat16);tensor(-1.6250, device='cuda:0', dtype=torch.bfloat16);tensor(-4.3750, device='cuda:0', dtype=torch.bfloat16)",blimp
irregular_past_participle_verbs,That guy hid.,That guy hidden.,626,-8.375,-8.6875,-33.5,-34.75,"tensor(-7.7500, device='cuda:0', dtype=torch.bfloat16);tensor(-6.5625, device='cuda:0', dtype=torch.bfloat16);tensor(-11.1250, device='cuda:0', dtype=torch.bfloat16);tensor(-8., device='cuda:0', dtype=torch.bfloat16)","tensor(-7.7500, device='cuda:0', dtype=torch.bfloat16);tensor(-6.5625, device='cuda:0', dtype=torch.bfloat16);tensor(-11.5000, device='cuda:0', dtype=torch.bfloat16);tensor(-8.8750, device='cuda:0', dtype=torch.bfloat16)",blimp
irregular_past_participle_verbs,Claire wore these socks.,Claire worn these socks.,513,-6.78125,-8.0625,-40.75,-48.25,"tensor(-10.1250, device='cuda:0', dtype=torch.bfloat16);tensor(-1.1250, device='cuda:0', dtype=torch.bfloat16);tensor(-11.3750, device='cuda:0', dtype=torch.bfloat16);tensor(-3.9375, device='cuda:0', dtype=torch.bfloat16);tensor(-6.6250, device='cuda:0', dtype=torch.bfloat16);tensor(-7.5625, device='cuda:0', dtype=torch.bfloat16)","tensor(-10.1250, device='cuda:0', dtype=torch.bfloat16);tensor(-1.1250, device='cuda:0', dtype=torch.bfloat16);tensor(-15.6875, device='cuda:0', dtype=torch.bfloat16);tensor(-8.0625, device='cuda:0', dtype=torch.bfloat16);tensor(-6.5938, device='cuda:0', dtype=torch.bfloat16);tensor(-6.6250, device='cuda:0', dtype=torch.bfloat16)",blimp
irregular_past_participle_verbs,All senators went to this hill.,All senators gone to this hill.,859,-6.625,-7.09375,-46.25,-49.5,"tensor(-6.9375, device='cuda:0', dtype=torch.bfloat16);tensor(-11.3750, device='cuda:0', dtype=torch.bfloat16);tensor(-7.3750, device='cuda:0', dtype=torch.bfloat16);tensor(-2.1250, device='cuda:0', dtype=torch.bfloat16);tensor(-6.3125, device='cuda:0', dtype=torch.bfloat16);tensor(-7.8438, device='cuda:0', dtype=torch.bfloat16);tensor(-4.3125, device='cuda:0', dtype=torch.bfloat16)","tensor(-6.9375, device='cuda:0', dtype=torch.bfloat16);tensor(-11.3750, device='cuda:0', dtype=torch.bfloat16);tensor(-10.5000, device='cuda:0', dtype=torch.bfloat16);tensor(-3., device='cuda:0', dtype=torch.bfloat16);tensor(-6.8125, device='cuda:0', dtype=torch.bfloat16);tensor(-6.6875, device='cuda:0', dtype=torch.bfloat16);tensor(-4.3125, device='cuda:0', dtype=torch.bfloat16)",blimp
irregular_past_participle_verbs,Colleen got a job.,Colleen gotten a job.,136,-5.21875,-6.40625,-31.25,-38.5,"tensor(-8.6875, device='cuda:0', dtype=torch.bfloat16);tensor(-2.8125, device='cuda:0', dtype=torch.bfloat16);tensor(-8.7500, device='cuda:0', dtype=torch.bfloat16);tensor(-1.9375, device='cuda:0', dtype=torch.bfloat16);tensor(-2.6875, device='cuda:0', dtype=torch.bfloat16);tensor(-6.4375, device='cuda:0', dtype=torch.bfloat16)","tensor(-8.6875, device='cuda:0', dtype=torch.bfloat16);tensor(-2.8125, device='cuda:0', dtype=torch.bfloat16);tensor(-15.7500, device='cuda:0', dtype=torch.bfloat16);tensor(-2.2500, device='cuda:0', dtype=torch.bfloat16);tensor(-2.8125, device='cuda:0', dtype=torch.bfloat16);tensor(-6.0625, device='cuda:0', dtype=torch.bfloat16)",blimp
irregular_plural_subject_verb_agreement_1,The woman was looking to descend this mountain.,The woman are looking to descend this mountain.,521,-5.78125,-6.03125,-52.0,-54.25,"tensor(-3.5625, device='cuda:0', dtype=torch.bfloat16);tensor(-9.3125, device='cuda:0', dtype=torch.bfloat16);tensor(-3.3125, device='cuda:0', dtype=torch.bfloat16);tensor(-7.1875, device='cuda:0', dtype=torch.bfloat16);tensor(-3.5625, device='cuda:0', dtype=torch.bfloat16);tensor(-11.1250, device='cuda:0', dtype=torch.bfloat16);tensor(-6.5625, device='cuda:0', dtype=torch.bfloat16);tensor(-3.1875, device='cuda:0', dtype=torch.bfloat16);tensor(-4.1875, device='cuda:0', dtype=torch.bfloat16)","tensor(-3.5625, device='cuda:0', dtype=torch.bfloat16);tensor(-9.3125, device='cuda:0', dtype=torch.bfloat16);tensor(-9.2500, device='cuda:0', dtype=torch.bfloat16);tensor(-5.8438, device='cuda:0', dtype=torch.bfloat16);tensor(-2.9375, device='cuda:0', dtype=torch.bfloat16);tensor(-10.3125, device='cuda:0', dtype=torch.bfloat16);tensor(-5.7500, device='cuda:0', dtype=torch.bfloat16);tensor(-4., device='cuda:0', dtype=torch.bfloat16);tensor(-3.3750, device='cuda:0', dtype=torch.bfloat16)",blimp
irregular_plural_subject_verb_agreement_1,Every radius hasn't disturbed Derek.,Every radius haven't disturbed Derek.,737,-8.9375,-9.625,-62.5,-67.5,"tensor(-7.5625, device='cuda:0', dtype=torch.bfloat16);tensor(-13.4375, device='cuda:0', dtype=torch.bfloat16);tensor(-13.9375, device='cuda:0', dtype=torch.bfloat16);tensor(-0.5000, device='cuda:0', dtype=torch.bfloat16);tensor(-12.1250, device='cuda:0', dtype=torch.bfloat16);tensor(-12.1875, device='cuda:0', dtype=torch.bfloat16);tensor(-2.8125, device='cuda:0', dtype=torch.bfloat16)","tensor(-7.5625, device='cuda:0', dtype=torch.bfloat16);tensor(-13.4375, device='cuda:0', dtype=torch.bfloat16);tensor(-16.8750, device='cuda:0', dtype=torch.bfloat16);tensor(-1.0625, device='cuda:0', dtype=torch.bfloat16);tensor(-10.6250, device='cuda:0', dtype=torch.bfloat16);tensor(-13., device='cuda:0', dtype=torch.bfloat16);tensor(-4.9062, device='cuda:0', dtype=torch.bfloat16)",blimp
irregular_plural_subject_verb_agreement_1,The man is boasting about Alan.,The man are boasting about Alan.,740,-6.78125,-7.8125,-47.5,-54.5,"tensor(-3.5625, device='cuda:0', dtype=torch.bfloat16);tensor(-8.1250, device='cuda:0', dtype=torch.bfloat16);tensor(-5.3125, device='cuda:0', dtype=torch.bfloat16);tensor(-11.3750, device='cuda:0', dtype=torch.bfloat16);tensor(-1.1250, device='cuda:0', dtype=torch.bfloat16);tensor(-12.4375, device='cuda:0', dtype=torch.bfloat16);tensor(-5.4375, device='cuda:0', dtype=torch.bfloat16)","tensor(-3.5625, device='cuda:0', dtype=torch.bfloat16);tensor(-8.1250, device='cuda:0', dtype=torch.bfloat16);tensor(-11.1250, device='cuda:0', dtype=torch.bfloat16);tensor(-11.5000, device='cuda:0', dtype=torch.bfloat16);tensor(-1.8750, device='cuda:0', dtype=torch.bfloat16);tensor(-12.1875, device='cuda:0', dtype=torch.bfloat16);tensor(-6.2500, device='cuda:0', dtype=torch.bfloat16)",blimp
irregular_plural_subject_verb_agreement_1,The medium is upsetting Claire.,The medium are upsetting Claire.,660,-7.90625,-8.5625,-47.5,-51.25,"tensor(-3.5625, device='cuda:0', dtype=torch.bfloat16);tensor(-10.5625, device='cuda:0', dtype=torch.bfloat16);tensor(-3.5625, device='cuda:0', dtype=torch.bfloat16);tensor(-14.1875, device='cuda:0', dtype=torch.bfloat16);tensor(-11.7500, device='cuda:0', dtype=torch.bfloat16);tensor(-3.7500, device='cuda:0', dtype=torch.bfloat16)","tensor(-3.5625, device='cuda:0', dtype=torch.bfloat16);tensor(-10.5625, device='cuda:0', dtype=torch.bfloat16);tensor(-8.1250, device='cuda:0', dtype=torch.bfloat16);tensor(-13.6875, device='cuda:0', dtype=torch.bfloat16);tensor(-11.9375, device='cuda:0', dtype=torch.bfloat16);tensor(-3.3750, device='cuda:0', dtype=torch.bfloat16)",blimp
irregular_plural_subject_verb_agreement_1,Some octopus has alarmed Theodore.,Some octopus have alarmed Theodore.,411,-8.6875,-8.375,-60.75,-58.75,"tensor(-7.7812, device='cuda:0', dtype=torch.bfloat16);tensor(-11.3750, device='cuda:0', dtype=torch.bfloat16);tensor(-1.2500, device='cuda:0', dtype=torch.bfloat16);tensor(-7.3750, device='cuda:0', dtype=torch.bfloat16);tensor(-11.6250, device='cuda:0', dtype=torch.bfloat16);tensor(-15.5000, device='cuda:0', dtype=torch.bfloat16);tensor(-5.8125, device='cuda:0', dtype=torch.bfloat16)","tensor(-7.7812, device='cuda:0', dtype=torch.bfloat16);tensor(-11.3750, device='cuda:0', dtype=torch.bfloat16);tensor(-1.2500, device='cuda:0', dtype=torch.bfloat16);tensor(-4.3125, device='cuda:0', dtype=torch.bfloat16);tensor(-12.1875, device='cuda:0', dtype=torch.bfloat16);tensor(-15.7500, device='cuda:0', dtype=torch.bfloat16);tensor(-6.0625, device='cuda:0', dtype=torch.bfloat16)",blimp
irregular_plural_subject_verb_agreement_1,Synopses aren't predicting some planes to rust.,Synopses isn't predicting some planes to rust.,678,-7.21875,-7.21875,-79.5,-79.5,"tensor(-9.0625, device='cuda:0', dtype=torch.bfloat16);tensor(-5.0625, device='cuda:0', dtype=torch.bfloat16);tensor(-4.4375, device='cuda:0', dtype=torch.bfloat16);tensor(-9.5000, device='cuda:0', dtype=torch.bfloat16);tensor(-0.7500, device='cuda:0', dtype=torch.bfloat16);tensor(-15.1250, device='cuda:0', dtype=torch.bfloat16);tensor(-8.4375, device='cuda:0', dtype=torch.bfloat16);tensor(-10.7500, device='cuda:0', dtype=torch.bfloat16);tensor(-2.3750, device='cuda:0', dtype=torch.bfloat16);tensor(-10.3750, device='cuda:0', dtype=torch.bfloat16);tensor(-3.6250, device='cuda:0', dtype=torch.bfloat16)","tensor(-9.0625, device='cuda:0', dtype=torch.bfloat16);tensor(-5.0625, device='cuda:0', dtype=torch.bfloat16);tensor(-4.4375, device='cuda:0', dtype=torch.bfloat16);tensor(-12.1875, device='cuda:0', dtype=torch.bfloat16);tensor(-0.6250, device='cuda:0', dtype=torch.bfloat16);tensor(-12.5000, device='cuda:0', dtype=torch.bfloat16);tensor(-7.8750, device='cuda:0', dtype=torch.bfloat16);tensor(-11.2500, device='cuda:0', dtype=torch.bfloat16);tensor(-2.3125, device='cuda:0', dtype=torch.bfloat16);tensor(-10.6250, device='cuda:0', dtype=torch.bfloat16);tensor(-3.6250, device='cuda:0', dtype=torch.bfloat16)",blimp
irregular_plural_subject_verb_agreement_1,The diagnoses distract Ronald.,The diagnoses distracts Ronald.,626,-9.0625,-8.125,-45.25,-49.0,"tensor(-3.5625, device='cuda:0', dtype=torch.bfloat16);tensor(-13.8125, device='cuda:0', dtype=torch.bfloat16);tensor(-13.1250, device='cuda:0', dtype=torch.bfloat16);tensor(-11., device='cuda:0', dtype=torch.bfloat16);tensor(-3.8125, device='cuda:0', dtype=torch.bfloat16)","tensor(-3.5625, device='cuda:0', dtype=torch.bfloat16);tensor(-13.8125, device='cuda:0', dtype=torch.bfloat16);tensor(-15.2500, device='cuda:0', dtype=torch.bfloat16);tensor(-1.4375, device='cuda:0', dtype=torch.bfloat16);tensor(-11.1250, device='cuda:0', dtype=torch.bfloat16);tensor(-3.7500, device='cuda:0', dtype=torch.bfloat16)",blimp
irregular_plural_subject_verb_agreement_1,That axis wasn't aggravating Christine.,That axis aren't aggravating Christine.,513,-7.5,-7.71875,-60.0,-61.75,"tensor(-7.7500, device='cuda:0', dtype=torch.bfloat16);tensor(-12.2500, device='cuda:0', dtype=torch.bfloat16);tensor(-8.1250, device='cuda:0', dtype=torch.bfloat16);tensor(-0.5000, device='cuda:0', dtype=torch.bfloat16);tensor(-15.2500, device='cuda:0', dtype=torch.bfloat16);tensor(-0.3750, device='cuda:0', dtype=torch.bfloat16);tensor(-13., device='cuda:0', dtype=torch.bfloat16);tensor(-2.6875, device='cuda:0', dtype=torch.bfloat16)","tensor(-7.7500, device='cuda:0', dtype=torch.bfloat16);tensor(-12.2500, device='cuda:0', dtype=torch.bfloat16);tensor(-9.4375, device='cuda:0', dtype=torch.bfloat16);tensor(-0.5000, device='cuda:0', dtype=torch.bfloat16);tensor(-14.0625, device='cuda:0', dtype=torch.bfloat16);tensor(-0.5000, device='cuda:0', dtype=torch.bfloat16);tensor(-13.8125, device='cuda:0', dtype=torch.bfloat16);tensor(-3.5312, device='cuda:0', dtype=torch.bfloat16)",blimp
irregular_plural_subject_verb_agreement_1,These phenomena weren't annoying pedestrians.,These phenomena isn't annoying pedestrians.,859,-7.875,-8.125,-55.0,-57.0,"tensor(-7.0625, device='cuda:0', dtype=torch.bfloat16);tensor(-10.5000, device='cuda:0', dtype=torch.bfloat16);tensor(-10., device='cuda:0', dtype=torch.bfloat16);tensor(-0.8750, device='cuda:0', dtype=torch.bfloat16);tensor(-11., device='cuda:0', dtype=torch.bfloat16);tensor(-12., device='cuda:0', dtype=torch.bfloat16);tensor(-3.6250, device='cuda:0', dtype=torch.bfloat16)","tensor(-7.0625, device='cuda:0', dtype=torch.bfloat16);tensor(-10.5000, device='cuda:0', dtype=torch.bfloat16);tensor(-13.1250, device='cuda:0', dtype=torch.bfloat16);tensor(-0.7500, device='cuda:0', dtype=torch.bfloat16);tensor(-9.8750, device='cuda:0', dtype=torch.bfloat16);tensor(-11.5000, device='cuda:0', dtype=torch.bfloat16);tensor(-4.1250, device='cuda:0', dtype=torch.bfloat16)",blimp
irregular_plural_subject_verb_agreement_1,Some radius embarrasses Angela.,Some radius embarrass Angela.,136,-8.6875,-11.3125,-52.25,-56.5,"tensor(-7.7812, device='cuda:0', dtype=torch.bfloat16);tensor(-12.8750, device='cuda:0', dtype=torch.bfloat16);tensor(-14.4375, device='cuda:0', dtype=torch.bfloat16);tensor(-1.5625, device='cuda:0', dtype=torch.bfloat16);tensor(-11.6250, device='cuda:0', dtype=torch.bfloat16);tensor(-3.9375, device='cuda:0', dtype=torch.bfloat16)","tensor(-7.7812, device='cuda:0', dtype=torch.bfloat16);tensor(-12.8750, device='cuda:0', dtype=torch.bfloat16);tensor(-14.4375, device='cuda:0', dtype=torch.bfloat16);tensor(-15.6250, device='cuda:0', dtype=torch.bfloat16);tensor(-5.7812, device='cuda:0', dtype=torch.bfloat16)",blimp
irregular_plural_subject_verb_agreement_2,The women clash.,The woman clash.,521,-7.96875,-8.6875,-31.875,-34.75,"tensor(-3.5625, device='cuda:0', dtype=torch.bfloat16);tensor(-8.3125, device='cuda:0', dtype=torch.bfloat16);tensor(-13.4375, device='cuda:0', dtype=torch.bfloat16);tensor(-6.5625, device='cuda:0', dtype=torch.bfloat16)","tensor(-3.5625, device='cuda:0', dtype=torch.bfloat16);tensor(-9.3125, device='cuda:0', dtype=torch.bfloat16);tensor(-15.7500, device='cuda:0', dtype=torch.bfloat16);tensor(-6.1562, device='cuda:0', dtype=torch.bfloat16)",blimp
irregular_plural_subject_verb_agreement_2,The analyses weren't concealing Linda.,The analysis weren't concealing Linda.,737,-7.0,-7.15625,-56.0,-57.25,"tensor(-3.5625, device='cuda:0', dtype=torch.bfloat16);tensor(-11.6875, device='cuda:0', dtype=torch.bfloat16);tensor(-9.8125, device='cuda:0', dtype=torch.bfloat16);tensor(-1.1250, device='cuda:0', dtype=torch.bfloat16);tensor(-12.5625, device='cuda:0', dtype=torch.bfloat16);tensor(-0.7500, device='cuda:0', dtype=torch.bfloat16);tensor(-12.4375, device='cuda:0', dtype=torch.bfloat16);tensor(-4., device='cuda:0', dtype=torch.bfloat16)","tensor(-3.5625, device='cuda:0', dtype=torch.bfloat16);tensor(-8.8125, device='cuda:0', dtype=torch.bfloat16);tensor(-14., device='cuda:0', dtype=torch.bfloat16);tensor(-1.1250, device='cuda:0', dtype=torch.bfloat16);tensor(-11.0625, device='cuda:0', dtype=torch.bfloat16);tensor(-0.8750, device='cuda:0', dtype=torch.bfloat16);tensor(-13., device='cuda:0', dtype=torch.bfloat16);tensor(-4.8125, device='cuda:0', dtype=torch.bfloat16)",blimp
irregular_plural_subject_verb_agreement_2,The feet aren't falling.,The foot aren't falling.,740,-6.4375,-7.09375,-38.5,-42.5,"tensor(-3.5625, device='cuda:0', dtype=torch.bfloat16);tensor(-11.8125, device='cuda:0', dtype=torch.bfloat16);tensor(-7., device='cuda:0', dtype=torch.bfloat16);tensor(-0.7500, device='cuda:0', dtype=torch.bfloat16);tensor(-10., device='cuda:0', dtype=torch.bfloat16);tensor(-5.5000, device='cuda:0', dtype=torch.bfloat16)","tensor(-3.5625, device='cuda:0', dtype=torch.bfloat16);tensor(-10.2500, device='cuda:0', dtype=torch.bfloat16);tensor(-14.4375, device='cuda:0', dtype=torch.bfloat16);tensor(-0.5000, device='cuda:0', dtype=torch.bfloat16);tensor(-8.8750, device='cuda:0', dtype=torch.bfloat16);tensor(-5., device='cuda:0', dtype=torch.bfloat16)",blimp
irregular_plural_subject_verb_agreement_2,The ellipses impress some libraries.,The ellipsis impress some libraries.,660,-6.8125,-7.78125,-54.5,-54.5,"tensor(-3.5625, device='cuda:0', dtype=torch.bfloat16);tensor(-12.7500, device='cuda:0', dtype=torch.bfloat16);tensor(-0.6250, device='cuda:0', dtype=torch.bfloat16);tensor(-1.2500, device='cuda:0', dtype=torch.bfloat16);tensor(-13.8750, device='cuda:0', dtype=torch.bfloat16);tensor(-7.8125, device='cuda:0', dtype=torch.bfloat16);tensor(-10.5000, device='cuda:0', dtype=torch.bfloat16);tensor(-4.1250, device='cuda:0', dtype=torch.bfloat16)","tensor(-3.5625, device='cuda:0', dtype=torch.bfloat16);tensor(-12.7500, device='cuda:0', dtype=torch.bfloat16);tensor(-1.3750, device='cuda:0', dtype=torch.bfloat16);tensor(-14.1250, device='cuda:0', dtype=torch.bfloat16);tensor(-9., device='cuda:0', dtype=torch.bfloat16);tensor(-9.5000, device='cuda:0', dtype=torch.bfloat16);tensor(-4.0625, device='cuda:0', dtype=torch.bfloat16)",blimp
irregular_plural_subject_verb_agreement_2,The men are conspiring.,The man are conspiring.,411,-5.5,-6.65625,-33.0,-40.0,"tensor(-3.5625, device='cuda:0', dtype=torch.bfloat16);tensor(-8.5625, device='cuda:0', dtype=torch.bfloat16);tensor(-4.8125, device='cuda:0', dtype=torch.bfloat16);tensor(-11.3750, device='cuda:0', dtype=torch.bfloat16);tensor(0., device='cuda:0', dtype=torch.bfloat16);tensor(-4.6875, device='cuda:0', dtype=torch.bfloat16)","tensor(-3.5625, device='cuda:0', dtype=torch.bfloat16);tensor(-8.1250, device='cuda:0', dtype=torch.bfloat16);tensor(-11.1250, device='cuda:0', dtype=torch.bfloat16);tensor(-11.4375, device='cuda:0', dtype=torch.bfloat16);tensor(-0.2500, device='cuda:0', dtype=torch.bfloat16);tensor(-5.5000, device='cuda:0', dtype=torch.bfloat16)",blimp
irregular_plural_subject_verb_agreement_2,The alumni have assembled.,The alumnus have assembled.,678,-6.5625,-5.96875,-32.75,-41.75,"tensor(-3.5625, device='cuda:0', dtype=torch.bfloat16);tensor(-10.9375, device='cuda:0', dtype=torch.bfloat16);tensor(-5.3125, device='cuda:0', dtype=torch.bfloat16);tensor(-7.5625, device='cuda:0', dtype=torch.bfloat16);tensor(-5.3750, device='cuda:0', dtype=torch.bfloat16)","tensor(-3.5625, device='cuda:0', dtype=torch.bfloat16);tensor(-10.6875, device='cuda:0', dtype=torch.bfloat16);tensor(-3.9375, device='cuda:0', dtype=torch.bfloat16);tensor(-0.0625, device='cuda:0', dtype=torch.bfloat16);tensor(-7.9375, device='cuda:0', dtype=torch.bfloat16);tensor(-8.7500, device='cuda:0', dtype=torch.bfloat16);tensor(-6.7500, device='cuda:0', dtype=torch.bfloat16)",blimp
irregular_plural_subject_verb_agreement_2,The lice look like that picture.,The louse look like that picture.,626,-5.1875,-5.46875,-41.5,-43.75,"tensor(-3.5625, device='cuda:0', dtype=torch.bfloat16);tensor(-9.2500, device='cuda:0', dtype=torch.bfloat16);tensor(-5.6250, device='cuda:0', dtype=torch.bfloat16);tensor(-7.1250, device='cuda:0', dtype=torch.bfloat16);tensor(-0.6250, device='cuda:0', dtype=torch.bfloat16);tensor(-7.6250, device='cuda:0', dtype=torch.bfloat16);tensor(-5.1875, device='cuda:0', dtype=torch.bfloat16);tensor(-2.5000, device='cuda:0', dtype=torch.bfloat16)","tensor(-3.5625, device='cuda:0', dtype=torch.bfloat16);tensor(-9.2500, device='cuda:0', dtype=torch.bfloat16);tensor(-6.6875, device='cuda:0', dtype=torch.bfloat16);tensor(-8.1250, device='cuda:0', dtype=torch.bfloat16);tensor(-2.0625, device='cuda:0', dtype=torch.bfloat16);tensor(-5.8750, device='cuda:0', dtype=torch.bfloat16);tensor(-5.0625, device='cuda:0', dtype=torch.bfloat16);tensor(-3.1875, device='cuda:0', dtype=torch.bfloat16)",blimp
irregular_plural_subject_verb_agreement_2,The woman isn't boycotting some college campuses.,The women isn't boycotting some college campuses.,513,-5.40625,-5.78125,-59.25,-63.5,"tensor(-3.5625, device='cuda:0', dtype=torch.bfloat16);tensor(-9.3125, device='cuda:0', dtype=torch.bfloat16);tensor(-10.2500, device='cuda:0', dtype=torch.bfloat16);tensor(-0.7500, device='cuda:0', dtype=torch.bfloat16);tensor(-12.8750, device='cuda:0', dtype=torch.bfloat16);tensor(0., device='cuda:0', dtype=torch.bfloat16);tensor(0., device='cuda:0', dtype=torch.bfloat16);tensor(-8.3750, device='cuda:0', dtype=torch.bfloat16);tensor(-8.8125, device='cuda:0', dtype=torch.bfloat16);tensor(-2.5625, device='cuda:0', dtype=torch.bfloat16);tensor(-2.8125, device='cuda:0', dtype=torch.bfloat16)","tensor(-3.5625, device='cuda:0', dtype=torch.bfloat16);tensor(-8.3125, device='cuda:0', dtype=torch.bfloat16);tensor(-13.6875, device='cuda:0', dtype=torch.bfloat16);tensor(-0.8125, device='cuda:0', dtype=torch.bfloat16);tensor(-12.9375, device='cuda:0', dtype=torch.bfloat16);tensor(0., device='cuda:0', dtype=torch.bfloat16);tensor(0., device='cuda:0', dtype=torch.bfloat16);tensor(-8.7500, device='cuda:0', dtype=torch.bfloat16);tensor(-8.3750, device='cuda:0', dtype=torch.bfloat16);tensor(-3.6875, device='cuda:0', dtype=torch.bfloat16);tensor(-3.5000, device='cuda:0', dtype=torch.bfloat16)",blimp
irregular_plural_subject_verb_agreement_2,The children wake up.,The child wake up.,859,-5.75,-6.46875,-28.75,-32.5,"tensor(-3.5625, device='cuda:0', dtype=torch.bfloat16);tensor(-8.4375, device='cuda:0', dtype=torch.bfloat16);tensor(-10., device='cuda:0', dtype=torch.bfloat16);tensor(-0.6250, device='cuda:0', dtype=torch.bfloat16);tensor(-6.0625, device='cuda:0', dtype=torch.bfloat16)","tensor(-3.5625, device='cuda:0', dtype=torch.bfloat16);tensor(-9.7500, device='cuda:0', dtype=torch.bfloat16);tensor(-10.7500, device='cuda:0', dtype=torch.bfloat16);tensor(-2., device='cuda:0', dtype=torch.bfloat16);tensor(-6.3438, device='cuda:0', dtype=torch.bfloat16)",blimp
irregular_plural_subject_verb_agreement_2,The children have fought.,The child have fought.,136,-6.9375,-8.1875,-34.75,-41.0,"tensor(-3.5625, device='cuda:0', dtype=torch.bfloat16);tensor(-8.4375, device='cuda:0', dtype=torch.bfloat16);tensor(-4.2500, device='cuda:0', dtype=torch.bfloat16);tensor(-11.1250, device='cuda:0', dtype=torch.bfloat16);tensor(-7.2812, device='cuda:0', dtype=torch.bfloat16)","tensor(-3.5625, device='cuda:0', dtype=torch.bfloat16);tensor(-9.7500, device='cuda:0', dtype=torch.bfloat16);tensor(-10.5000, device='cuda:0', dtype=torch.bfloat16);tensor(-9.3750, device='cuda:0', dtype=torch.bfloat16);tensor(-7.8438, device='cuda:0', dtype=torch.bfloat16)",blimp
left_branch_island_echo_question,Kristen does hate which people?,Which does Kristen hate people?,521,-7.53125,-8.9375,-52.75,-53.5,"tensor(-9.7500, device='cuda:0', dtype=torch.bfloat16);tensor(-1.5625, device='cuda:0', dtype=torch.bfloat16);tensor(-9.1250, device='cuda:0', dtype=torch.bfloat16);tensor(-9.6250, device='cuda:0', dtype=torch.bfloat16);tensor(-9.7500, device='cuda:0', dtype=torch.bfloat16);tensor(-6.5000, device='cuda:0', dtype=torch.bfloat16);tensor(-6.3750, device='cuda:0', dtype=torch.bfloat16)","tensor(-6.6250, device='cuda:0', dtype=torch.bfloat16);tensor(-7.1250, device='cuda:0', dtype=torch.bfloat16);tensor(-13., device='cuda:0', dtype=torch.bfloat16);tensor(-7.7812, device='cuda:0', dtype=torch.bfloat16);tensor(-10.6250, device='cuda:0', dtype=torch.bfloat16);tensor(-8.3125, device='cuda:0', dtype=torch.bfloat16)",blimp
left_branch_island_echo_question,Laura was curing what cats?,What was Laura curing cats?,737,-9.1875,-7.9375,-55.0,-47.75,"tensor(-9.7500, device='cuda:0', dtype=torch.bfloat16);tensor(-5.6875, device='cuda:0', dtype=torch.bfloat16);tensor(-15.3750, device='cuda:0', dtype=torch.bfloat16);tensor(-7.3438, device='cuda:0', dtype=torch.bfloat16);tensor(-11.9375, device='cuda:0', dtype=torch.bfloat16);tensor(-4.9375, device='cuda:0', dtype=torch.bfloat16)","tensor(-5.5000, device='cuda:0', dtype=torch.bfloat16);tensor(-5.5000, device='cuda:0', dtype=torch.bfloat16);tensor(-9.5625, device='cuda:0', dtype=torch.bfloat16);tensor(-12.4375, device='cuda:0', dtype=torch.bfloat16);tensor(-8.8125, device='cuda:0', dtype=torch.bfloat16);tensor(-5.8750, device='cuda:0', dtype=torch.bfloat16)",blimp
left_branch_island_echo_question,Pamela can hate what men?,What can Pamela hate men?,740,-6.625,-8.5,-53.0,-51.25,"tensor(-6.8438, device='cuda:0', dtype=torch.bfloat16);tensor(-4.9375, device='cuda:0', dtype=torch.bfloat16);tensor(-1.3125, device='cuda:0', dtype=torch.bfloat16);tensor(-9.6875, device='cuda:0', dtype=torch.bfloat16);tensor(-11.3125, device='cuda:0', dtype=torch.bfloat16);tensor(-5.0312, device='cuda:0', dtype=torch.bfloat16);tensor(-5.8125, device='cuda:0', dtype=torch.bfloat16);tensor(-8.1875, device='cuda:0', dtype=torch.bfloat16)","tensor(-5.5000, device='cuda:0', dtype=torch.bfloat16);tensor(-3.8125, device='cuda:0', dtype=torch.bfloat16);tensor(-11.4375, device='cuda:0', dtype=torch.bfloat16);tensor(-12.1875, device='cuda:0', dtype=torch.bfloat16);tensor(-10.9375, device='cuda:0', dtype=torch.bfloat16);tensor(-7.3125, device='cuda:0', dtype=torch.bfloat16)",blimp
left_branch_island_echo_question,Catherine was messing up whose malls?,Whose was Catherine messing up malls?,660,-7.875,-8.625,-63.0,-69.0,"tensor(-6.5625, device='cuda:0', dtype=torch.bfloat16);tensor(-4.6250, device='cuda:0', dtype=torch.bfloat16);tensor(-5.9375, device='cuda:0', dtype=torch.bfloat16);tensor(-12., device='cuda:0', dtype=torch.bfloat16);tensor(-3.2500, device='cuda:0', dtype=torch.bfloat16);tensor(-13.5000, device='cuda:0', dtype=torch.bfloat16);tensor(-12.6250, device='cuda:0', dtype=torch.bfloat16);tensor(-4.3750, device='cuda:0', dtype=torch.bfloat16)","tensor(-9., device='cuda:0', dtype=torch.bfloat16);tensor(-2.9375, device='cuda:0', dtype=torch.bfloat16);tensor(-8.8125, device='cuda:0', dtype=torch.bfloat16);tensor(-10.1250, device='cuda:0', dtype=torch.bfloat16);tensor(-17.8750, device='cuda:0', dtype=torch.bfloat16);tensor(-4.3125, device='cuda:0', dtype=torch.bfloat16);tensor(-12.4375, device='cuda:0', dtype=torch.bfloat16);tensor(-3.3750, device='cuda:0', dtype=torch.bfloat16)",blimp
left_branch_island_echo_question,Christine could descend what slope?,What could Christine descend slope?,411,-8.3125,-8.625,-58.0,-51.5,"tensor(-8.6875, device='cuda:0', dtype=torch.bfloat16);tensor(-2.9375, device='cuda:0', dtype=torch.bfloat16);tensor(-9.6250, device='cuda:0', dtype=torch.bfloat16);tensor(-11.5000, device='cuda:0', dtype=torch.bfloat16);tensor(-8.7500, device='cuda:0', dtype=torch.bfloat16);tensor(-11.8125, device='cuda:0', dtype=torch.bfloat16);tensor(-4.7500, device='cuda:0', dtype=torch.bfloat16)","tensor(-5.5000, device='cuda:0', dtype=torch.bfloat16);tensor(-6.1875, device='cuda:0', dtype=torch.bfloat16);tensor(-11.8750, device='cuda:0', dtype=torch.bfloat16);tensor(-11.7500, device='cuda:0', dtype=torch.bfloat16);tensor(-12.3750, device='cuda:0', dtype=torch.bfloat16);tensor(-3.9375, device='cuda:0', dtype=torch.bfloat16)",blimp
left_branch_island_echo_question,Some casseroles had irritated what customers?,What had some casseroles irritated customers?,678,-7.40625,-7.125,-66.5,-64.0,"tensor(-7.7500, device='cuda:0', dtype=torch.bfloat16);tensor(-12.5625, device='cuda:0', dtype=torch.bfloat16);tensor(-1.8750, device='cuda:0', dtype=torch.bfloat16);tensor(0., device='cuda:0', dtype=torch.bfloat16);tensor(-8.8750, device='cuda:0', dtype=torch.bfloat16);tensor(-13.3125, device='cuda:0', dtype=torch.bfloat16);tensor(-8.5000, device='cuda:0', dtype=torch.bfloat16);tensor(-8.2500, device='cuda:0', dtype=torch.bfloat16);tensor(-5.5000, device='cuda:0', dtype=torch.bfloat16)","tensor(-5.5000, device='cuda:0', dtype=torch.bfloat16);tensor(-9.6250, device='cuda:0', dtype=torch.bfloat16);tensor(-6.6875, device='cuda:0', dtype=torch.bfloat16);tensor(-12., device='cuda:0', dtype=torch.bfloat16);tensor(-3.3750, device='cuda:0', dtype=torch.bfloat16);tensor(0., device='cuda:0', dtype=torch.bfloat16);tensor(-15.5625, device='cuda:0', dtype=torch.bfloat16);tensor(-8.2500, device='cuda:0', dtype=torch.bfloat16);tensor(-3.1875, device='cuda:0', dtype=torch.bfloat16)",blimp
left_branch_island_echo_question,Carlos did bring what shirts?,What did Carlos bring shirts?,626,-8.5,-8.3125,-51.0,-49.75,"tensor(-10.3125, device='cuda:0', dtype=torch.bfloat16);tensor(-9.5625, device='cuda:0', dtype=torch.bfloat16);tensor(-9.3750, device='cuda:0', dtype=torch.bfloat16);tensor(-6.8438, device='cuda:0', dtype=torch.bfloat16);tensor(-11.2500, device='cuda:0', dtype=torch.bfloat16);tensor(-3.6250, device='cuda:0', dtype=torch.bfloat16)","tensor(-5.5000, device='cuda:0', dtype=torch.bfloat16);tensor(-5.7500, device='cuda:0', dtype=torch.bfloat16);tensor(-10.1250, device='cuda:0', dtype=torch.bfloat16);tensor(-7.7500, device='cuda:0', dtype=torch.bfloat16);tensor(-14.8750, device='cuda:0', dtype=torch.bfloat16);tensor(-5.7500, device='cuda:0', dtype=torch.bfloat16)",blimp
left_branch_island_echo_question,Kirsten has explored whose hospitals?,Whose has Kirsten explored hospitals?,513,-7.125,-7.71875,-57.0,-61.75,"tensor(-6.6875, device='cuda:0', dtype=torch.bfloat16);tensor(-6.6875, device='cuda:0', dtype=torch.bfloat16);tensor(-0.8750, device='cuda:0', dtype=torch.bfloat16);tensor(-4.4375, device='cuda:0', dtype=torch.bfloat16);tensor(-8.2500, device='cuda:0', dtype=torch.bfloat16);tensor(-13.5625, device='cuda:0', dtype=torch.bfloat16);tensor(-11.6875, device='cuda:0', dtype=torch.bfloat16);tensor(-4.8750, device='cuda:0', dtype=torch.bfloat16)","tensor(-9., device='cuda:0', dtype=torch.bfloat16);tensor(-2.9375, device='cuda:0', dtype=torch.bfloat16);tensor(-9.9375, device='cuda:0', dtype=torch.bfloat16);tensor(-13.0625, device='cuda:0', dtype=torch.bfloat16);tensor(-1.3750, device='cuda:0', dtype=torch.bfloat16);tensor(-11.3125, device='cuda:0', dtype=torch.bfloat16);tensor(-10.6250, device='cuda:0', dtype=torch.bfloat16);tensor(-3.5625, device='cuda:0', dtype=torch.bfloat16)",blimp
left_branch_island_echo_question,Pamela could return to whose mall?,Whose could Pamela return to mall?,859,-6.875,-8.3125,-61.75,-66.5,"tensor(-6.8438, device='cuda:0', dtype=torch.bfloat16);tensor(-4.9375, device='cuda:0', dtype=torch.bfloat16);tensor(-1.3125, device='cuda:0', dtype=torch.bfloat16);tensor(-12.1875, device='cuda:0', dtype=torch.bfloat16);tensor(-5.2500, device='cuda:0', dtype=torch.bfloat16);tensor(-0.7500, device='cuda:0', dtype=torch.bfloat16);tensor(-16.5000, device='cuda:0', dtype=torch.bfloat16);tensor(-10., device='cuda:0', dtype=torch.bfloat16);tensor(-4.0625, device='cuda:0', dtype=torch.bfloat16)","tensor(-9., device='cuda:0', dtype=torch.bfloat16);tensor(-2.9375, device='cuda:0', dtype=torch.bfloat16);tensor(-12.8125, device='cuda:0', dtype=torch.bfloat16);tensor(-14.8750, device='cuda:0', dtype=torch.bfloat16);tensor(-9.2500, device='cuda:0', dtype=torch.bfloat16);tensor(-0.6250, device='cuda:0', dtype=torch.bfloat16);tensor(-13.0625, device='cuda:0', dtype=torch.bfloat16);tensor(-4.1250, device='cuda:0', dtype=torch.bfloat16)",blimp
left_branch_island_echo_question,Paul has toured whose restaurants?,Whose has Paul toured restaurants?,136,-8.9375,-8.625,-53.5,-60.5,"tensor(-8.3750, device='cuda:0', dtype=torch.bfloat16);tensor(-6.8125, device='cuda:0', dtype=torch.bfloat16);tensor(-9.3750, device='cuda:0', dtype=torch.bfloat16);tensor(-14.6875, device='cuda:0', dtype=torch.bfloat16);tensor(-9., device='cuda:0', dtype=torch.bfloat16);tensor(-5.3750, device='cuda:0', dtype=torch.bfloat16)","tensor(-9., device='cuda:0', dtype=torch.bfloat16);tensor(-2.9375, device='cuda:0', dtype=torch.bfloat16);tensor(-9.9375, device='cuda:0', dtype=torch.bfloat16);tensor(-10.1250, device='cuda:0', dtype=torch.bfloat16);tensor(-11.5000, device='cuda:0', dtype=torch.bfloat16);tensor(-12.3750, device='cuda:0', dtype=torch.bfloat16);tensor(-4.5000, device='cuda:0', dtype=torch.bfloat16)",blimp
left_branch_island_simple_question,Which person had Alice listened to?,Which had Alice listened to person?,521,-8.4375,-7.84375,-59.0,-54.75,"tensor(-6.6250, device='cuda:0', dtype=torch.bfloat16);tensor(-8.3125, device='cuda:0', dtype=torch.bfloat16);tensor(-2.3750, device='cuda:0', dtype=torch.bfloat16);tensor(-22.8750, device='cuda:0', dtype=torch.bfloat16);tensor(-12.2500, device='cuda:0', dtype=torch.bfloat16);tensor(0., device='cuda:0', dtype=torch.bfloat16);tensor(-6.5000, device='cuda:0', dtype=torch.bfloat16)","tensor(-6.6250, device='cuda:0', dtype=torch.bfloat16);tensor(-9.2500, device='cuda:0', dtype=torch.bfloat16);tensor(-12.6875, device='cuda:0', dtype=torch.bfloat16);tensor(-8.5625, device='cuda:0', dtype=torch.bfloat16);tensor(-2.2500, device='cuda:0', dtype=torch.bfloat16);tensor(-10.3125, device='cuda:0', dtype=torch.bfloat16);tensor(-5.1562, device='cuda:0', dtype=torch.bfloat16)",blimp
left_branch_island_simple_question,Which child is Becky working with?,Which is Becky working with child?,737,-6.53125,-6.84375,-45.75,-48.0,"tensor(-6.6250, device='cuda:0', dtype=torch.bfloat16);tensor(-7.6562, device='cuda:0', dtype=torch.bfloat16);tensor(-2., device='cuda:0', dtype=torch.bfloat16);tensor(-18.6250, device='cuda:0', dtype=torch.bfloat16);tensor(-5.8125, device='cuda:0', dtype=torch.bfloat16);tensor(-1.2500, device='cuda:0', dtype=torch.bfloat16);tensor(-3.8125, device='cuda:0', dtype=torch.bfloat16)","tensor(-6.6250, device='cuda:0', dtype=torch.bfloat16);tensor(-2.8750, device='cuda:0', dtype=torch.bfloat16);tensor(-13.8750, device='cuda:0', dtype=torch.bfloat16);tensor(-9.6250, device='cuda:0', dtype=torch.bfloat16);tensor(-2.2500, device='cuda:0', dtype=torch.bfloat16);tensor(-7.7812, device='cuda:0', dtype=torch.bfloat16);tensor(-4.9375, device='cuda:0', dtype=torch.bfloat16)",blimp
left_branch_island_simple_question,Which senators had the beef shocked?,Which had the beef shocked senators?,740,-8.25,-8.5625,-58.0,-60.0,"tensor(-6.6250, device='cuda:0', dtype=torch.bfloat16);tensor(-14.1875, device='cuda:0', dtype=torch.bfloat16);tensor(-5., device='cuda:0', dtype=torch.bfloat16);tensor(-1.0625, device='cuda:0', dtype=torch.bfloat16);tensor(-9.2500, device='cuda:0', dtype=torch.bfloat16);tensor(-17.3750, device='cuda:0', dtype=torch.bfloat16);tensor(-4.3750, device='cuda:0', dtype=torch.bfloat16)","tensor(-6.6250, device='cuda:0', dtype=torch.bfloat16);tensor(-9.2500, device='cuda:0', dtype=torch.bfloat16);tensor(-1.6250, device='cuda:0', dtype=torch.bfloat16);tensor(-11.3125, device='cuda:0', dtype=torch.bfloat16);tensor(-14.3750, device='cuda:0', dtype=torch.bfloat16);tensor(-10.1250, device='cuda:0', dtype=torch.bfloat16);tensor(-6.7500, device='cuda:0', dtype=torch.bfloat16)",blimp
left_branch_island_simple_question,Which slope did Thomas climb up?,Which did Thomas climb up slope?,660,-7.5,-7.3125,-52.5,-51.25,"tensor(-6.6250, device='cuda:0', dtype=torch.bfloat16);tensor(-10.5000, device='cuda:0', dtype=torch.bfloat16);tensor(-9.8750, device='cuda:0', dtype=torch.bfloat16);tensor(-9.3750, device='cuda:0', dtype=torch.bfloat16);tensor(-6.1875, device='cuda:0', dtype=torch.bfloat16);tensor(-5.5000, device='cuda:0', dtype=torch.bfloat16);tensor(-4.4375, device='cuda:0', dtype=torch.bfloat16)","tensor(-6.6250, device='cuda:0', dtype=torch.bfloat16);tensor(-8.5000, device='cuda:0', dtype=torch.bfloat16);tensor(-7., device='cuda:0', dtype=torch.bfloat16);tensor(-9., device='cuda:0', dtype=torch.bfloat16);tensor(-2.5000, device='cuda:0', dtype=torch.bfloat16);tensor(-12.2500, device='cuda:0', dtype=torch.bfloat16);tensor(-5.3125, device='cuda:0', dtype=torch.bfloat16)",blimp
left_branch_island_simple_question,Which grocery stores is Sarah dropping by?,Which is Sarah dropping by grocery stores?,411,-6.28125,-6.875,-50.25,-55.0,"tensor(-6.6250, device='cuda:0', dtype=torch.bfloat16);tensor(-11.5000, device='cuda:0', dtype=torch.bfloat16);tensor(-1.8125, device='cuda:0', dtype=torch.bfloat16);tensor(-5.8125, device='cuda:0', dtype=torch.bfloat16);tensor(-10., device='cuda:0', dtype=torch.bfloat16);tensor(-9.8125, device='cuda:0', dtype=torch.bfloat16);tensor(-0.2500, device='cuda:0', dtype=torch.bfloat16);tensor(-4.3750, device='cuda:0', dtype=torch.bfloat16)","tensor(-6.6250, device='cuda:0', dtype=torch.bfloat16);tensor(-2.9375, device='cuda:0', dtype=torch.bfloat16);tensor(-12.1875, device='cuda:0', dtype=torch.bfloat16);tensor(-12.3750, device='cuda:0', dtype=torch.bfloat16);tensor(-4.1875, device='cuda:0', dtype=torch.bfloat16);tensor(-10.2500, device='cuda:0', dtype=torch.bfloat16);tensor(-1.7500, device='cuda:0', dtype=torch.bfloat16);tensor(-4.5625, device='cuda:0', dtype=torch.bfloat16)",blimp
left_branch_island_simple_question,Which mall has Jodi skated around?,Which has Jodi skated around mall?,678,-7.375,-7.71875,-66.5,-69.5,"tensor(-6.6250, device='cuda:0', dtype=torch.bfloat16);tensor(-12.7500, device='cuda:0', dtype=torch.bfloat16);tensor(-3.0625, device='cuda:0', dtype=torch.bfloat16);tensor(-7.8438, device='cuda:0', dtype=torch.bfloat16);tensor(-9.5000, device='cuda:0', dtype=torch.bfloat16);tensor(-10.1250, device='cuda:0', dtype=torch.bfloat16);tensor(-5.5000, device='cuda:0', dtype=torch.bfloat16);tensor(-7.2500, device='cuda:0', dtype=torch.bfloat16);tensor(-3.7500, device='cuda:0', dtype=torch.bfloat16)","tensor(-6.6250, device='cuda:0', dtype=torch.bfloat16);tensor(-6., device='cuda:0', dtype=torch.bfloat16);tensor(-13.5625, device='cuda:0', dtype=torch.bfloat16);tensor(-8., device='cuda:0', dtype=torch.bfloat16);tensor(-10.7500, device='cuda:0', dtype=torch.bfloat16);tensor(-5.6875, device='cuda:0', dtype=torch.bfloat16);tensor(-4.4375, device='cuda:0', dtype=torch.bfloat16);tensor(-10.1250, device='cuda:0', dtype=torch.bfloat16);tensor(-4.3750, device='cuda:0', dtype=torch.bfloat16)",blimp
left_branch_island_simple_question,Whose books has Beth complained about?,Whose has Beth complained about books?,626,-6.25,-7.40625,-50.0,-59.25,"tensor(-9., device='cuda:0', dtype=torch.bfloat16);tensor(-2.9375, device='cuda:0', dtype=torch.bfloat16);tensor(-8.7500, device='cuda:0', dtype=torch.bfloat16);tensor(-6.5000, device='cuda:0', dtype=torch.bfloat16);tensor(-8.6250, device='cuda:0', dtype=torch.bfloat16);tensor(-10.4375, device='cuda:0', dtype=torch.bfloat16);tensor(-0.4375, device='cuda:0', dtype=torch.bfloat16);tensor(-3.3125, device='cuda:0', dtype=torch.bfloat16)","tensor(-9., device='cuda:0', dtype=torch.bfloat16);tensor(-2.9375, device='cuda:0', dtype=torch.bfloat16);tensor(-9.9375, device='cuda:0', dtype=torch.bfloat16);tensor(-12.9375, device='cuda:0', dtype=torch.bfloat16);tensor(-11.1250, device='cuda:0', dtype=torch.bfloat16);tensor(-1.0625, device='cuda:0', dtype=torch.bfloat16);tensor(-9.1250, device='cuda:0', dtype=torch.bfloat16);tensor(-3.1875, device='cuda:0', dtype=torch.bfloat16)",blimp
left_branch_island_simple_question,Which actress would Alicia bother?,Which would Alicia bother actress?,513,-9.375,-10.125,-56.0,-60.75,"tensor(-6.6250, device='cuda:0', dtype=torch.bfloat16);tensor(-11.8750, device='cuda:0', dtype=torch.bfloat16);tensor(-5.6875, device='cuda:0', dtype=torch.bfloat16);tensor(-12.5000, device='cuda:0', dtype=torch.bfloat16);tensor(-13.5000, device='cuda:0', dtype=torch.bfloat16);tensor(-5.8750, device='cuda:0', dtype=torch.bfloat16)","tensor(-6.6250, device='cuda:0', dtype=torch.bfloat16);tensor(-5.5000, device='cuda:0', dtype=torch.bfloat16);tensor(-17.8750, device='cuda:0', dtype=torch.bfloat16);tensor(-11.7500, device='cuda:0', dtype=torch.bfloat16);tensor(-13.4375, device='cuda:0', dtype=torch.bfloat16);tensor(-5.5000, device='cuda:0', dtype=torch.bfloat16)",blimp
left_branch_island_simple_question,What picture had a bank looked like?,What had a bank looked like picture?,859,-6.625,-6.5,-53.0,-52.0,"tensor(-5.5000, device='cuda:0', dtype=torch.bfloat16);tensor(-10.9375, device='cuda:0', dtype=torch.bfloat16);tensor(-8., device='cuda:0', dtype=torch.bfloat16);tensor(-2.2500, device='cuda:0', dtype=torch.bfloat16);tensor(-8.7500, device='cuda:0', dtype=torch.bfloat16);tensor(-12.1250, device='cuda:0', dtype=torch.bfloat16);tensor(-0.5625, device='cuda:0', dtype=torch.bfloat16);tensor(-4.8750, device='cuda:0', dtype=torch.bfloat16)","tensor(-5.5000, device='cuda:0', dtype=torch.bfloat16);tensor(-9.6250, device='cuda:0', dtype=torch.bfloat16);tensor(-3.6875, device='cuda:0', dtype=torch.bfloat16);tensor(-9.2500, device='cuda:0', dtype=torch.bfloat16);tensor(-7.5000, device='cuda:0', dtype=torch.bfloat16);tensor(-0.1250, device='cuda:0', dtype=torch.bfloat16);tensor(-11.7500, device='cuda:0', dtype=torch.bfloat16);tensor(-4.5000, device='cuda:0', dtype=torch.bfloat16)",blimp
left_branch_island_simple_question,What driver does Mark help?,What does Mark help driver?,136,-6.96875,-7.34375,-41.75,-44.0,"tensor(-5.5000, device='cuda:0', dtype=torch.bfloat16);tensor(-11.4375, device='cuda:0', dtype=torch.bfloat16);tensor(-4.7500, device='cuda:0', dtype=torch.bfloat16);tensor(-8.2500, device='cuda:0', dtype=torch.bfloat16);tensor(-6.8125, device='cuda:0', dtype=torch.bfloat16);tensor(-5., device='cuda:0', dtype=torch.bfloat16)","tensor(-5.5000, device='cuda:0', dtype=torch.bfloat16);tensor(-2.8125, device='cuda:0', dtype=torch.bfloat16);tensor(-8.3750, device='cuda:0', dtype=torch.bfloat16);tensor(-8.5000, device='cuda:0', dtype=torch.bfloat16);tensor(-12.9375, device='cuda:0', dtype=torch.bfloat16);tensor(-5.9062, device='cuda:0', dtype=torch.bfloat16)",blimp
matrix_question_npi_licensor_present,Had that mirror ever looked like every picture?,That mirror had ever looked like every picture.,521,-6.71875,-6.8125,-60.5,-61.25,"tensor(-9.2500, device='cuda:0', dtype=torch.bfloat16);tensor(-7.5000, device='cuda:0', dtype=torch.bfloat16);tensor(-10.7500, device='cuda:0', dtype=torch.bfloat16);tensor(-3.8750, device='cuda:0', dtype=torch.bfloat16);tensor(-3.8750, device='cuda:0', dtype=torch.bfloat16);tensor(-4.4375, device='cuda:0', dtype=torch.bfloat16);tensor(-9.1250, device='cuda:0', dtype=torch.bfloat16);tensor(-6.1250, device='cuda:0', dtype=torch.bfloat16);tensor(-5.4375, device='cuda:0', dtype=torch.bfloat16)","tensor(-7.7500, device='cuda:0', dtype=torch.bfloat16);tensor(-10.5000, device='cuda:0', dtype=torch.bfloat16);tensor(-6.1250, device='cuda:0', dtype=torch.bfloat16);tensor(-8.6875, device='cuda:0', dtype=torch.bfloat16);tensor(-4.8125, device='cuda:0', dtype=torch.bfloat16);tensor(-4.5625, device='cuda:0', dtype=torch.bfloat16);tensor(-8.2500, device='cuda:0', dtype=torch.bfloat16);tensor(-5.5625, device='cuda:0', dtype=torch.bfloat16);tensor(-4.9375, device='cuda:0', dtype=torch.bfloat16)",blimp
matrix_question_npi_licensor_present,Did Beth ever hide?,Beth did ever hide.,737,-8.0625,-9.1875,-40.25,-46.0,"tensor(-8.1250, device='cuda:0', dtype=torch.bfloat16);tensor(-10.7500, device='cuda:0', dtype=torch.bfloat16);tensor(-6.8125, device='cuda:0', dtype=torch.bfloat16);tensor(-8.5000, device='cuda:0', dtype=torch.bfloat16);tensor(-6.1250, device='cuda:0', dtype=torch.bfloat16)","tensor(-9.5625, device='cuda:0', dtype=torch.bfloat16);tensor(-10.2500, device='cuda:0', dtype=torch.bfloat16);tensor(-10.7500, device='cuda:0', dtype=torch.bfloat16);tensor(-9., device='cuda:0', dtype=torch.bfloat16);tensor(-6.3125, device='cuda:0', dtype=torch.bfloat16)",blimp
matrix_question_npi_licensor_present,Had teachers ever descended all steps?,Teachers had ever descended all steps.,740,-8.5625,-8.1875,-60.0,-57.5,"tensor(-9.2500, device='cuda:0', dtype=torch.bfloat16);tensor(-13.9375, device='cuda:0', dtype=torch.bfloat16);tensor(-4.6875, device='cuda:0', dtype=torch.bfloat16);tensor(-11.0625, device='cuda:0', dtype=torch.bfloat16);tensor(-8.3750, device='cuda:0', dtype=torch.bfloat16);tensor(-7.6250, device='cuda:0', dtype=torch.bfloat16);tensor(-5., device='cuda:0', dtype=torch.bfloat16)","tensor(-9.7500, device='cuda:0', dtype=torch.bfloat16);tensor(-8.2500, device='cuda:0', dtype=torch.bfloat16);tensor(-9.9375, device='cuda:0', dtype=torch.bfloat16);tensor(-11.6250, device='cuda:0', dtype=torch.bfloat16);tensor(-7.1562, device='cuda:0', dtype=torch.bfloat16);tensor(-6.8125, device='cuda:0', dtype=torch.bfloat16);tensor(-3.9375, device='cuda:0', dtype=torch.bfloat16)",blimp
matrix_question_npi_licensor_present,Could all shirts ever tighten?,All shirts could ever tighten.,660,-8.5,-9.6875,-51.0,-58.25,"tensor(-8.5625, device='cuda:0', dtype=torch.bfloat16);tensor(-7.2812, device='cuda:0', dtype=torch.bfloat16);tensor(-12.6250, device='cuda:0', dtype=torch.bfloat16);tensor(-5.6250, device='cuda:0', dtype=torch.bfloat16);tensor(-13.5625, device='cuda:0', dtype=torch.bfloat16);tensor(-3.4375, device='cuda:0', dtype=torch.bfloat16)","tensor(-6.9375, device='cuda:0', dtype=torch.bfloat16);tensor(-10.7500, device='cuda:0', dtype=torch.bfloat16);tensor(-10.6875, device='cuda:0', dtype=torch.bfloat16);tensor(-10.5000, device='cuda:0', dtype=torch.bfloat16);tensor(-15.5000, device='cuda:0', dtype=torch.bfloat16);tensor(-3.8750, device='cuda:0', dtype=torch.bfloat16)",blimp
matrix_question_npi_licensor_present,Should Samantha ever remember what won't alarm many associations?,Samantha should ever remember what won't alarm many associations.,411,-7.5,-6.5625,-82.5,-85.0,"tensor(-8.0625, device='cuda:0', dtype=torch.bfloat16);tensor(-11.2500, device='cuda:0', dtype=torch.bfloat16);tensor(-4.5000, device='cuda:0', dtype=torch.bfloat16);tensor(-8.1875, device='cuda:0', dtype=torch.bfloat16);tensor(-2.5000, device='cuda:0', dtype=torch.bfloat16);tensor(-11.8750, device='cuda:0', dtype=torch.bfloat16);tensor(-1.9375, device='cuda:0', dtype=torch.bfloat16);tensor(-12.2500, device='cuda:0', dtype=torch.bfloat16);tensor(-7.6562, device='cuda:0', dtype=torch.bfloat16);tensor(-9.9375, device='cuda:0', dtype=torch.bfloat16);tensor(-4.4375, device='cuda:0', dtype=torch.bfloat16)","tensor(-6.3125, device='cuda:0', dtype=torch.bfloat16);tensor(-5.8125, device='cuda:0', dtype=torch.bfloat16);tensor(-0.1250, device='cuda:0', dtype=torch.bfloat16);tensor(-12.1250, device='cuda:0', dtype=torch.bfloat16);tensor(-9.8125, device='cuda:0', dtype=torch.bfloat16);tensor(-4.9688, device='cuda:0', dtype=torch.bfloat16);tensor(-4.3125, device='cuda:0', dtype=torch.bfloat16);tensor(-10.1875, device='cuda:0', dtype=torch.bfloat16);tensor(-1.5000, device='cuda:0', dtype=torch.bfloat16);tensor(-11.4375, device='cuda:0', dtype=torch.bfloat16);tensor(-7.4062, device='cuda:0', dtype=torch.bfloat16);tensor(-8.8750, device='cuda:0', dtype=torch.bfloat16);tensor(-2.2500, device='cuda:0', dtype=torch.bfloat16)",blimp
matrix_question_npi_licensor_present,Do these organizations ever appreciate Becca?,These organizations do ever appreciate Becca.,678,-7.03125,-7.78125,-56.25,-62.25,"tensor(-6.3125, device='cuda:0', dtype=torch.bfloat16);tensor(-6.9688, device='cuda:0', dtype=torch.bfloat16);tensor(-7.7500, device='cuda:0', dtype=torch.bfloat16);tensor(-6.7500, device='cuda:0', dtype=torch.bfloat16);tensor(-8.1875, device='cuda:0', dtype=torch.bfloat16);tensor(-11.1250, device='cuda:0', dtype=torch.bfloat16);tensor(-5.1875, device='cuda:0', dtype=torch.bfloat16);tensor(-3.9375, device='cuda:0', dtype=torch.bfloat16)","tensor(-7.0625, device='cuda:0', dtype=torch.bfloat16);tensor(-7.4688, device='cuda:0', dtype=torch.bfloat16);tensor(-5.6250, device='cuda:0', dtype=torch.bfloat16);tensor(-11.9375, device='cuda:0', dtype=torch.bfloat16);tensor(-8.1250, device='cuda:0', dtype=torch.bfloat16);tensor(-10.5000, device='cuda:0', dtype=torch.bfloat16);tensor(-6.7500, device='cuda:0', dtype=torch.bfloat16);tensor(-4.7500, device='cuda:0', dtype=torch.bfloat16)",blimp
matrix_question_npi_licensor_present,Should the broccoli ever blacken?,The broccoli should ever blacken.,626,-6.875,-6.96875,-48.0,-48.75,"tensor(-8.0625, device='cuda:0', dtype=torch.bfloat16);tensor(-3., device='cuda:0', dtype=torch.bfloat16);tensor(-13.3750, device='cuda:0', dtype=torch.bfloat16);tensor(-6.8125, device='cuda:0', dtype=torch.bfloat16);tensor(-9.3750, device='cuda:0', dtype=torch.bfloat16);tensor(-0.1250, device='cuda:0', dtype=torch.bfloat16);tensor(-7.3750, device='cuda:0', dtype=torch.bfloat16)","tensor(-3.5625, device='cuda:0', dtype=torch.bfloat16);tensor(-12.6875, device='cuda:0', dtype=torch.bfloat16);tensor(-8., device='cuda:0', dtype=torch.bfloat16);tensor(-10.3750, device='cuda:0', dtype=torch.bfloat16);tensor(-10.7500, device='cuda:0', dtype=torch.bfloat16);tensor(-0.8750, device='cuda:0', dtype=torch.bfloat16);tensor(-2.4375, device='cuda:0', dtype=torch.bfloat16)",blimp
matrix_question_npi_licensor_present,Has Sonia ever astounded Amelia?,Sonia has ever astounded Amelia.,513,-7.78125,-7.1875,-54.5,-57.5,"tensor(-8.8750, device='cuda:0', dtype=torch.bfloat16);tensor(-10.9375, device='cuda:0', dtype=torch.bfloat16);tensor(-4.3750, device='cuda:0', dtype=torch.bfloat16);tensor(-13.3750, device='cuda:0', dtype=torch.bfloat16);tensor(0., device='cuda:0', dtype=torch.bfloat16);tensor(-14.0625, device='cuda:0', dtype=torch.bfloat16);tensor(-2.8750, device='cuda:0', dtype=torch.bfloat16)","tensor(-6.3125, device='cuda:0', dtype=torch.bfloat16);tensor(-7., device='cuda:0', dtype=torch.bfloat16);tensor(-6.2500, device='cuda:0', dtype=torch.bfloat16);tensor(-10.3750, device='cuda:0', dtype=torch.bfloat16);tensor(-11.8750, device='cuda:0', dtype=torch.bfloat16);tensor(-0.3750, device='cuda:0', dtype=torch.bfloat16);tensor(-11.7500, device='cuda:0', dtype=torch.bfloat16);tensor(-3.5000, device='cuda:0', dtype=torch.bfloat16)",blimp
matrix_question_npi_licensor_present,Had the Borgias ever bothered every dancer?,The Borgias had ever bothered every dancer.,859,-7.125,-7.9375,-64.0,-71.5,"tensor(-9.2500, device='cuda:0', dtype=torch.bfloat16);tensor(-3.2500, device='cuda:0', dtype=torch.bfloat16);tensor(-12., device='cuda:0', dtype=torch.bfloat16);tensor(-1.5000, device='cuda:0', dtype=torch.bfloat16);tensor(-2.5625, device='cuda:0', dtype=torch.bfloat16);tensor(-6.5000, device='cuda:0', dtype=torch.bfloat16);tensor(-11.8750, device='cuda:0', dtype=torch.bfloat16);tensor(-11.1250, device='cuda:0', dtype=torch.bfloat16);tensor(-5.9688, device='cuda:0', dtype=torch.bfloat16)","tensor(-3.5625, device='cuda:0', dtype=torch.bfloat16);tensor(-11.0625, device='cuda:0', dtype=torch.bfloat16);tensor(-2.8750, device='cuda:0', dtype=torch.bfloat16);tensor(-8.3125, device='cuda:0', dtype=torch.bfloat16);tensor(-9.3750, device='cuda:0', dtype=torch.bfloat16);tensor(-9.3750, device='cuda:0', dtype=torch.bfloat16);tensor(-10.1250, device='cuda:0', dtype=torch.bfloat16);tensor(-13.1250, device='cuda:0', dtype=torch.bfloat16);tensor(-3.5000, device='cuda:0', dtype=torch.bfloat16)",blimp
matrix_question_npi_licensor_present,Had Dana ever protested?,Dana had ever protested.,136,-9.125,-7.4375,-45.75,-44.5,"tensor(-9.2500, device='cuda:0', dtype=torch.bfloat16);tensor(-15.7500, device='cuda:0', dtype=torch.bfloat16);tensor(-6.7812, device='cuda:0', dtype=torch.bfloat16);tensor(-10., device='cuda:0', dtype=torch.bfloat16);tensor(-3.8750, device='cuda:0', dtype=torch.bfloat16)","tensor(-6.5625, device='cuda:0', dtype=torch.bfloat16);tensor(-5.1250, device='cuda:0', dtype=torch.bfloat16);tensor(-8.1250, device='cuda:0', dtype=torch.bfloat16);tensor(-9.5625, device='cuda:0', dtype=torch.bfloat16);tensor(-11.3750, device='cuda:0', dtype=torch.bfloat16);tensor(-3.8125, device='cuda:0', dtype=torch.bfloat16)",blimp
npi_present_1,Even this boy clearly escaped.,Even this boy ever escaped.,521,-7.96875,-8.125,-47.75,-48.75,"tensor(-8.6250, device='cuda:0', dtype=torch.bfloat16);tensor(-6.9375, device='cuda:0', dtype=torch.bfloat16);tensor(-7.3438, device='cuda:0', dtype=torch.bfloat16);tensor(-9.1250, device='cuda:0', dtype=torch.bfloat16);tensor(-9.9375, device='cuda:0', dtype=torch.bfloat16);tensor(-5.8125, device='cuda:0', dtype=torch.bfloat16)","tensor(-8.6250, device='cuda:0', dtype=torch.bfloat16);tensor(-6.9375, device='cuda:0', dtype=torch.bfloat16);tensor(-7.3438, device='cuda:0', dtype=torch.bfloat16);tensor(-10.2500, device='cuda:0', dtype=torch.bfloat16);tensor(-9.8125, device='cuda:0', dtype=torch.bfloat16);tensor(-5.8438, device='cuda:0', dtype=torch.bfloat16)",blimp
npi_present_1,Even Jason did clearly bake.,Even Jason did ever bake.,737,-9.375,-9.125,-56.0,-55.0,"tensor(-8.6250, device='cuda:0', dtype=torch.bfloat16);tensor(-10., device='cuda:0', dtype=torch.bfloat16);tensor(-7.9375, device='cuda:0', dtype=torch.bfloat16);tensor(-12.5000, device='cuda:0', dtype=torch.bfloat16);tensor(-11.2500, device='cuda:0', dtype=torch.bfloat16);tensor(-5.7500, device='cuda:0', dtype=torch.bfloat16)","tensor(-8.6250, device='cuda:0', dtype=torch.bfloat16);tensor(-10., device='cuda:0', dtype=torch.bfloat16);tensor(-7.9375, device='cuda:0', dtype=torch.bfloat16);tensor(-10.5625, device='cuda:0', dtype=torch.bfloat16);tensor(-12.1250, device='cuda:0', dtype=torch.bfloat16);tensor(-5.6875, device='cuda:0', dtype=torch.bfloat16)",blimp
npi_present_1,Even Carrie has also talked to most girls.,Even Carrie has ever talked to most girls.,740,-7.125,-7.0625,-64.0,-63.5,"tensor(-8.6250, device='cuda:0', dtype=torch.bfloat16);tensor(-12.4375, device='cuda:0', dtype=torch.bfloat16);tensor(-6.2500, device='cuda:0', dtype=torch.bfloat16);tensor(-9.1250, device='cuda:0', dtype=torch.bfloat16);tensor(-6.3750, device='cuda:0', dtype=torch.bfloat16);tensor(-3.0625, device='cuda:0', dtype=torch.bfloat16);tensor(-8.6250, device='cuda:0', dtype=torch.bfloat16);tensor(-5.2500, device='cuda:0', dtype=torch.bfloat16);tensor(-4.3750, device='cuda:0', dtype=torch.bfloat16)","tensor(-8.6250, device='cuda:0', dtype=torch.bfloat16);tensor(-12.4375, device='cuda:0', dtype=torch.bfloat16);tensor(-6.2500, device='cuda:0', dtype=torch.bfloat16);tensor(-9.5625, device='cuda:0', dtype=torch.bfloat16);tensor(-7.2188, device='cuda:0', dtype=torch.bfloat16);tensor(-2.6250, device='cuda:0', dtype=torch.bfloat16);tensor(-7.7500, device='cuda:0', dtype=torch.bfloat16);tensor(-5.0625, device='cuda:0', dtype=torch.bfloat16);tensor(-3.9375, device='cuda:0', dtype=torch.bfloat16)",blimp
npi_present_1,Even the Clintons often divorced.,Even the Clintons ever divorced.,660,-7.5625,-7.40625,-45.25,-44.5,"tensor(-8.6250, device='cuda:0', dtype=torch.bfloat16);tensor(-2.8750, device='cuda:0', dtype=torch.bfloat16);tensor(-10.5000, device='cuda:0', dtype=torch.bfloat16);tensor(-9.1250, device='cuda:0', dtype=torch.bfloat16);tensor(-10.6250, device='cuda:0', dtype=torch.bfloat16);tensor(-3.5625, device='cuda:0', dtype=torch.bfloat16)","tensor(-8.6250, device='cuda:0', dtype=torch.bfloat16);tensor(-2.8750, device='cuda:0', dtype=torch.bfloat16);tensor(-10.5000, device='cuda:0', dtype=torch.bfloat16);tensor(-10.2500, device='cuda:0', dtype=torch.bfloat16);tensor(-9.1250, device='cuda:0', dtype=torch.bfloat16);tensor(-3.1250, device='cuda:0', dtype=torch.bfloat16)",blimp
npi_present_1,Even Roger also hopes to care for Thomas.,Even Roger ever hopes to care for Thomas.,411,-6.8125,-7.21875,-61.5,-65.0,"tensor(-8.6250, device='cuda:0', dtype=torch.bfloat16);tensor(-9.8750, device='cuda:0', dtype=torch.bfloat16);tensor(-11.5625, device='cuda:0', dtype=torch.bfloat16);tensor(-7.9375, device='cuda:0', dtype=torch.bfloat16);tensor(-1.2500, device='cuda:0', dtype=torch.bfloat16);tensor(-9.3750, device='cuda:0', dtype=torch.bfloat16);tensor(-0.9375, device='cuda:0', dtype=torch.bfloat16);tensor(-8.8125, device='cuda:0', dtype=torch.bfloat16);tensor(-3., device='cuda:0', dtype=torch.bfloat16)","tensor(-8.6250, device='cuda:0', dtype=torch.bfloat16);tensor(-9.8750, device='cuda:0', dtype=torch.bfloat16);tensor(-11.1250, device='cuda:0', dtype=torch.bfloat16);tensor(-11.1250, device='cuda:0', dtype=torch.bfloat16);tensor(-1.6875, device='cuda:0', dtype=torch.bfloat16);tensor(-9., device='cuda:0', dtype=torch.bfloat16);tensor(-1.9375, device='cuda:0', dtype=torch.bfloat16);tensor(-8.7500, device='cuda:0', dtype=torch.bfloat16);tensor(-2.8750, device='cuda:0', dtype=torch.bfloat16)",blimp
npi_present_1,Even James also stunned that lady.,Even James ever stunned that lady.,678,-9.1875,-8.8125,-64.5,-61.5,"tensor(-8.6250, device='cuda:0', dtype=torch.bfloat16);tensor(-9.1875, device='cuda:0', dtype=torch.bfloat16);tensor(-10.1250, device='cuda:0', dtype=torch.bfloat16);tensor(-17.2500, device='cuda:0', dtype=torch.bfloat16);tensor(-4.3750, device='cuda:0', dtype=torch.bfloat16);tensor(-9.5625, device='cuda:0', dtype=torch.bfloat16);tensor(-5.1875, device='cuda:0', dtype=torch.bfloat16)","tensor(-8.6250, device='cuda:0', dtype=torch.bfloat16);tensor(-9.1875, device='cuda:0', dtype=torch.bfloat16);tensor(-13.8125, device='cuda:0', dtype=torch.bfloat16);tensor(-12.6875, device='cuda:0', dtype=torch.bfloat16);tensor(-4.3438, device='cuda:0', dtype=torch.bfloat16);tensor(-8.9375, device='cuda:0', dtype=torch.bfloat16);tensor(-3.9375, device='cuda:0', dtype=torch.bfloat16)",blimp
npi_present_1,Even Pamela clearly imagines a lot of guys perform.,Even Pamela ever imagines a lot of guys perform.,626,-6.8125,-7.15625,-75.0,-79.0,"tensor(-8.6250, device='cuda:0', dtype=torch.bfloat16);tensor(-13.5625, device='cuda:0', dtype=torch.bfloat16);tensor(-13.4375, device='cuda:0', dtype=torch.bfloat16);tensor(-9.6250, device='cuda:0', dtype=torch.bfloat16);tensor(0., device='cuda:0', dtype=torch.bfloat16);tensor(-3., device='cuda:0', dtype=torch.bfloat16);tensor(-5.0625, device='cuda:0', dtype=torch.bfloat16);tensor(-0.5000, device='cuda:0', dtype=torch.bfloat16);tensor(-7.1875, device='cuda:0', dtype=torch.bfloat16);tensor(-8.5625, device='cuda:0', dtype=torch.bfloat16);tensor(-5.5000, device='cuda:0', dtype=torch.bfloat16)","tensor(-8.6250, device='cuda:0', dtype=torch.bfloat16);tensor(-13.5625, device='cuda:0', dtype=torch.bfloat16);tensor(-12.5625, device='cuda:0', dtype=torch.bfloat16);tensor(-11., device='cuda:0', dtype=torch.bfloat16);tensor(-2.5000, device='cuda:0', dtype=torch.bfloat16);tensor(-3.4375, device='cuda:0', dtype=torch.bfloat16);tensor(-4.7188, device='cuda:0', dtype=torch.bfloat16);tensor(-0.6875, device='cuda:0', dtype=torch.bfloat16);tensor(-7.3438, device='cuda:0', dtype=torch.bfloat16);tensor(-8.4375, device='cuda:0', dtype=torch.bfloat16);tensor(-5.9062, device='cuda:0', dtype=torch.bfloat16)",blimp
npi_present_1,Even Sandra had clearly gone fishing.,Even Sandra had ever gone fishing.,513,-7.84375,-7.40625,-54.75,-52.0,"tensor(-8.6250, device='cuda:0', dtype=torch.bfloat16);tensor(-12., device='cuda:0', dtype=torch.bfloat16);tensor(-7.5000, device='cuda:0', dtype=torch.bfloat16);tensor(-10.0625, device='cuda:0', dtype=torch.bfloat16);tensor(-5.1875, device='cuda:0', dtype=torch.bfloat16);tensor(-8.1250, device='cuda:0', dtype=torch.bfloat16);tensor(-3.3125, device='cuda:0', dtype=torch.bfloat16)","tensor(-8.6250, device='cuda:0', dtype=torch.bfloat16);tensor(-12., device='cuda:0', dtype=torch.bfloat16);tensor(-7.5000, device='cuda:0', dtype=torch.bfloat16);tensor(-8.7500, device='cuda:0', dtype=torch.bfloat16);tensor(-5.4375, device='cuda:0', dtype=torch.bfloat16);tensor(-6., device='cuda:0', dtype=torch.bfloat16);tensor(-3.5625, device='cuda:0', dtype=torch.bfloat16)",blimp
npi_present_1,Even some students also bake.,Even some students ever bake.,859,-7.78125,-8.375,-46.75,-50.5,"tensor(-8.6250, device='cuda:0', dtype=torch.bfloat16);tensor(-6.2500, device='cuda:0', dtype=torch.bfloat16);tensor(-5.9688, device='cuda:0', dtype=torch.bfloat16);tensor(-7.3125, device='cuda:0', dtype=torch.bfloat16);tensor(-11.3750, device='cuda:0', dtype=torch.bfloat16);tensor(-7.1250, device='cuda:0', dtype=torch.bfloat16)","tensor(-8.6250, device='cuda:0', dtype=torch.bfloat16);tensor(-6.2500, device='cuda:0', dtype=torch.bfloat16);tensor(-5.9688, device='cuda:0', dtype=torch.bfloat16);tensor(-10.7500, device='cuda:0', dtype=torch.bfloat16);tensor(-11.1250, device='cuda:0', dtype=torch.bfloat16);tensor(-7.6875, device='cuda:0', dtype=torch.bfloat16)",blimp
npi_present_1,Even James really visits this boy.,Even James ever visits this boy.,136,-8.1875,-8.4375,-57.25,-59.25,"tensor(-8.6250, device='cuda:0', dtype=torch.bfloat16);tensor(-9.1875, device='cuda:0', dtype=torch.bfloat16);tensor(-11.4375, device='cuda:0', dtype=torch.bfloat16);tensor(-11.5000, device='cuda:0', dtype=torch.bfloat16);tensor(-4.0938, device='cuda:0', dtype=torch.bfloat16);tensor(-8.6250, device='cuda:0', dtype=torch.bfloat16);tensor(-3.7500, device='cuda:0', dtype=torch.bfloat16)","tensor(-8.6250, device='cuda:0', dtype=torch.bfloat16);tensor(-9.1875, device='cuda:0', dtype=torch.bfloat16);tensor(-13.8125, device='cuda:0', dtype=torch.bfloat16);tensor(-10.1875, device='cuda:0', dtype=torch.bfloat16);tensor(-3.7500, device='cuda:0', dtype=torch.bfloat16);tensor(-9.8750, device='cuda:0', dtype=torch.bfloat16);tensor(-3.8125, device='cuda:0', dtype=torch.bfloat16)",blimp
npi_present_2,Michelle does often hide these ladies.,Michelle does ever hide these ladies.,521,-8.1875,-8.6875,-57.25,-60.75,"tensor(-9.9375, device='cuda:0', dtype=torch.bfloat16);tensor(-9., device='cuda:0', dtype=torch.bfloat16);tensor(-10.8750, device='cuda:0', dtype=torch.bfloat16);tensor(-8.3750, device='cuda:0', dtype=torch.bfloat16);tensor(-6.0938, device='cuda:0', dtype=torch.bfloat16);tensor(-8.6875, device='cuda:0', dtype=torch.bfloat16);tensor(-4.3750, device='cuda:0', dtype=torch.bfloat16)","tensor(-9.9375, device='cuda:0', dtype=torch.bfloat16);tensor(-9., device='cuda:0', dtype=torch.bfloat16);tensor(-11., device='cuda:0', dtype=torch.bfloat16);tensor(-12., device='cuda:0', dtype=torch.bfloat16);tensor(-6.5938, device='cuda:0', dtype=torch.bfloat16);tensor(-7.8125, device='cuda:0', dtype=torch.bfloat16);tensor(-4.3125, device='cuda:0', dtype=torch.bfloat16)",blimp
npi_present_2,John has certainly discovered the gates.,John has ever discovered the gates.,737,-6.75,-7.25,-47.25,-50.75,"tensor(-7.4688, device='cuda:0', dtype=torch.bfloat16);tensor(-7.3750, device='cuda:0', dtype=torch.bfloat16);tensor(-8.5000, device='cuda:0', dtype=torch.bfloat16);tensor(-7.1250, device='cuda:0', dtype=torch.bfloat16);tensor(-1.5625, device='cuda:0', dtype=torch.bfloat16);tensor(-10.2500, device='cuda:0', dtype=torch.bfloat16);tensor(-5., device='cuda:0', dtype=torch.bfloat16)","tensor(-7.4688, device='cuda:0', dtype=torch.bfloat16);tensor(-7.3750, device='cuda:0', dtype=torch.bfloat16);tensor(-10.8125, device='cuda:0', dtype=torch.bfloat16);tensor(-8.7500, device='cuda:0', dtype=torch.bfloat16);tensor(-2.2500, device='cuda:0', dtype=torch.bfloat16);tensor(-9.2500, device='cuda:0', dtype=torch.bfloat16);tensor(-4.8750, device='cuda:0', dtype=torch.bfloat16)",blimp
npi_present_2,A lot of actors also mutter.,A lot of actors ever mutter.,740,-6.09375,-6.25,-48.75,-50.0,"tensor(-5.5625, device='cuda:0', dtype=torch.bfloat16);tensor(-5.8750, device='cuda:0', dtype=torch.bfloat16);tensor(-0.1250, device='cuda:0', dtype=torch.bfloat16);tensor(-8.3125, device='cuda:0', dtype=torch.bfloat16);tensor(-7.4375, device='cuda:0', dtype=torch.bfloat16);tensor(-13.5000, device='cuda:0', dtype=torch.bfloat16);tensor(-0.3125, device='cuda:0', dtype=torch.bfloat16);tensor(-7.6875, device='cuda:0', dtype=torch.bfloat16)","tensor(-5.5625, device='cuda:0', dtype=torch.bfloat16);tensor(-5.8750, device='cuda:0', dtype=torch.bfloat16);tensor(-0.1250, device='cuda:0', dtype=torch.bfloat16);tensor(-8.3125, device='cuda:0', dtype=torch.bfloat16);tensor(-9.7500, device='cuda:0', dtype=torch.bfloat16);tensor(-11.4375, device='cuda:0', dtype=torch.bfloat16);tensor(-0.3750, device='cuda:0', dtype=torch.bfloat16);tensor(-8.6250, device='cuda:0', dtype=torch.bfloat16)",blimp
npi_present_2,Katherine would also upset Jason.,Katherine would ever upset Jason.,660,-7.6875,-8.0625,-54.0,-56.5,"tensor(-6.6875, device='cuda:0', dtype=torch.bfloat16);tensor(-4.8125, device='cuda:0', dtype=torch.bfloat16);tensor(-11.2500, device='cuda:0', dtype=torch.bfloat16);tensor(-6.1875, device='cuda:0', dtype=torch.bfloat16);tensor(-11.7500, device='cuda:0', dtype=torch.bfloat16);tensor(-9.1250, device='cuda:0', dtype=torch.bfloat16);tensor(-4.0625, device='cuda:0', dtype=torch.bfloat16)","tensor(-6.6875, device='cuda:0', dtype=torch.bfloat16);tensor(-4.8125, device='cuda:0', dtype=torch.bfloat16);tensor(-11.2500, device='cuda:0', dtype=torch.bfloat16);tensor(-9.5000, device='cuda:0', dtype=torch.bfloat16);tensor(-10.7500, device='cuda:0', dtype=torch.bfloat16);tensor(-10.5625, device='cuda:0', dtype=torch.bfloat16);tensor(-3.0625, device='cuda:0', dtype=torch.bfloat16)",blimp
npi_present_2,Carlos has certainly gotten a job.,Carlos has ever gotten a job.,411,-6.34375,-6.375,-44.5,-44.5,"tensor(-10.3125, device='cuda:0', dtype=torch.bfloat16);tensor(-7.0625, device='cuda:0', dtype=torch.bfloat16);tensor(-8.5000, device='cuda:0', dtype=torch.bfloat16);tensor(-4.8750, device='cuda:0', dtype=torch.bfloat16);tensor(-2.1875, device='cuda:0', dtype=torch.bfloat16);tensor(-6.8750, device='cuda:0', dtype=torch.bfloat16);tensor(-4.6250, device='cuda:0', dtype=torch.bfloat16)","tensor(-10.3125, device='cuda:0', dtype=torch.bfloat16);tensor(-7.0625, device='cuda:0', dtype=torch.bfloat16);tensor(-10.5000, device='cuda:0', dtype=torch.bfloat16);tensor(-6.6875, device='cuda:0', dtype=torch.bfloat16);tensor(-2.3125, device='cuda:0', dtype=torch.bfloat16);tensor(-3.7500, device='cuda:0', dtype=torch.bfloat16);tensor(-4., device='cuda:0', dtype=torch.bfloat16)",blimp
npi_present_2,Grace also needed to upset Daniel.,Grace ever needed to upset Daniel.,678,-7.5625,-7.96875,-53.0,-55.75,"tensor(-9.3750, device='cuda:0', dtype=torch.bfloat16);tensor(-9.5625, device='cuda:0', dtype=torch.bfloat16);tensor(-7.8438, device='cuda:0', dtype=torch.bfloat16);tensor(-1.3125, device='cuda:0', dtype=torch.bfloat16);tensor(-11.8750, device='cuda:0', dtype=torch.bfloat16);tensor(-9.3750, device='cuda:0', dtype=torch.bfloat16);tensor(-3.6875, device='cuda:0', dtype=torch.bfloat16)","tensor(-9.3750, device='cuda:0', dtype=torch.bfloat16);tensor(-11.6250, device='cuda:0', dtype=torch.bfloat16);tensor(-7.1875, device='cuda:0', dtype=torch.bfloat16);tensor(-2.3750, device='cuda:0', dtype=torch.bfloat16);tensor(-12.7500, device='cuda:0', dtype=torch.bfloat16);tensor(-9.4375, device='cuda:0', dtype=torch.bfloat16);tensor(-3., device='cuda:0', dtype=torch.bfloat16)",blimp
npi_present_2,All waitresses certainly appear to resemble a print.,All waitresses ever appear to resemble a print.,626,-6.40625,-6.71875,-64.0,-67.0,"tensor(-6.9375, device='cuda:0', dtype=torch.bfloat16);tensor(-11.3125, device='cuda:0', dtype=torch.bfloat16);tensor(-3.1250, device='cuda:0', dtype=torch.bfloat16);tensor(-10.4375, device='cuda:0', dtype=torch.bfloat16);tensor(-6.6250, device='cuda:0', dtype=torch.bfloat16);tensor(-0.5625, device='cuda:0', dtype=torch.bfloat16);tensor(-6.6250, device='cuda:0', dtype=torch.bfloat16);tensor(-2.8750, device='cuda:0', dtype=torch.bfloat16);tensor(-10.2500, device='cuda:0', dtype=torch.bfloat16);tensor(-5.2500, device='cuda:0', dtype=torch.bfloat16)","tensor(-6.9375, device='cuda:0', dtype=torch.bfloat16);tensor(-11.3125, device='cuda:0', dtype=torch.bfloat16);tensor(-3.1250, device='cuda:0', dtype=torch.bfloat16);tensor(-8.5625, device='cuda:0', dtype=torch.bfloat16);tensor(-8.1875, device='cuda:0', dtype=torch.bfloat16);tensor(-1.4375, device='cuda:0', dtype=torch.bfloat16);tensor(-7., device='cuda:0', dtype=torch.bfloat16);tensor(-3., device='cuda:0', dtype=torch.bfloat16);tensor(-11.0625, device='cuda:0', dtype=torch.bfloat16);tensor(-6.5000, device='cuda:0', dtype=torch.bfloat16)",blimp
npi_present_2,All pedestrians clearly yell.,All pedestrians ever yell.,513,-9.875,-9.8125,-49.25,-49.0,"tensor(-6.9375, device='cuda:0', dtype=torch.bfloat16);tensor(-11.3125, device='cuda:0', dtype=torch.bfloat16);tensor(-11.1250, device='cuda:0', dtype=torch.bfloat16);tensor(-12.7500, device='cuda:0', dtype=torch.bfloat16);tensor(-7.1250, device='cuda:0', dtype=torch.bfloat16)","tensor(-6.9375, device='cuda:0', dtype=torch.bfloat16);tensor(-11.3125, device='cuda:0', dtype=torch.bfloat16);tensor(-10., device='cuda:0', dtype=torch.bfloat16);tensor(-13.6250, device='cuda:0', dtype=torch.bfloat16);tensor(-7.1250, device='cuda:0', dtype=torch.bfloat16)",blimp
npi_present_2,That shirt often warps.,That shirt ever warps.,859,-7.25,-7.96875,-43.5,-48.0,"tensor(-7.7500, device='cuda:0', dtype=torch.bfloat16);tensor(-8.8750, device='cuda:0', dtype=torch.bfloat16);tensor(-11.8125, device='cuda:0', dtype=torch.bfloat16);tensor(-9.5000, device='cuda:0', dtype=torch.bfloat16);tensor(-1.3750, device='cuda:0', dtype=torch.bfloat16);tensor(-4.2500, device='cuda:0', dtype=torch.bfloat16)","tensor(-7.7500, device='cuda:0', dtype=torch.bfloat16);tensor(-8.8750, device='cuda:0', dtype=torch.bfloat16);tensor(-11.6250, device='cuda:0', dtype=torch.bfloat16);tensor(-11.8125, device='cuda:0', dtype=torch.bfloat16);tensor(-4.2500, device='cuda:0', dtype=torch.bfloat16);tensor(-3.5625, device='cuda:0', dtype=torch.bfloat16)",blimp
npi_present_2,Alexander has really saluted.,Alexander has ever saluted.,136,-7.625,-7.4375,-45.75,-44.5,"tensor(-9.8750, device='cuda:0', dtype=torch.bfloat16);tensor(-7.8125, device='cuda:0', dtype=torch.bfloat16);tensor(-7.7812, device='cuda:0', dtype=torch.bfloat16);tensor(-12.9375, device='cuda:0', dtype=torch.bfloat16);tensor(-1.9375, device='cuda:0', dtype=torch.bfloat16);tensor(-5.5000, device='cuda:0', dtype=torch.bfloat16)","tensor(-9.8750, device='cuda:0', dtype=torch.bfloat16);tensor(-7.8125, device='cuda:0', dtype=torch.bfloat16);tensor(-10.2500, device='cuda:0', dtype=torch.bfloat16);tensor(-10.4375, device='cuda:0', dtype=torch.bfloat16);tensor(-2., device='cuda:0', dtype=torch.bfloat16);tensor(-4.2500, device='cuda:0', dtype=torch.bfloat16)",blimp
only_npi_licensor_present,Only Tina had ever appeared to protest.,Even Tina had ever appeared to protest.,521,-6.9375,-7.3125,-55.5,-58.5,"tensor(-9.0625, device='cuda:0', dtype=torch.bfloat16);tensor(-11.8125, device='cuda:0', dtype=torch.bfloat16);tensor(-6.5625, device='cuda:0', dtype=torch.bfloat16);tensor(-4.8125, device='cuda:0', dtype=torch.bfloat16);tensor(-7.5625, device='cuda:0', dtype=torch.bfloat16);tensor(-2., device='cuda:0', dtype=torch.bfloat16);tensor(-9.6250, device='cuda:0', dtype=torch.bfloat16);tensor(-4., device='cuda:0', dtype=torch.bfloat16)","tensor(-8.6250, device='cuda:0', dtype=torch.bfloat16);tensor(-12.1875, device='cuda:0', dtype=torch.bfloat16);tensor(-7.7500, device='cuda:0', dtype=torch.bfloat16);tensor(-9.0625, device='cuda:0', dtype=torch.bfloat16);tensor(-7.1250, device='cuda:0', dtype=torch.bfloat16);tensor(-2.3750, device='cuda:0', dtype=torch.bfloat16);tensor(-8.3750, device='cuda:0', dtype=torch.bfloat16);tensor(-2.8750, device='cuda:0', dtype=torch.bfloat16)",blimp
only_npi_licensor_present,Only Melissa ever forfeited.,Even Melissa ever forfeited.,737,-8.0625,-8.625,-48.25,-52.0,"tensor(-9.0625, device='cuda:0', dtype=torch.bfloat16);tensor(-12.8125, device='cuda:0', dtype=torch.bfloat16);tensor(-8.6875, device='cuda:0', dtype=torch.bfloat16);tensor(-13.2500, device='cuda:0', dtype=torch.bfloat16);tensor(-0.2500, device='cuda:0', dtype=torch.bfloat16);tensor(-4.2500, device='cuda:0', dtype=torch.bfloat16)","tensor(-8.6250, device='cuda:0', dtype=torch.bfloat16);tensor(-13., device='cuda:0', dtype=torch.bfloat16);tensor(-12.3750, device='cuda:0', dtype=torch.bfloat16);tensor(-13.0625, device='cuda:0', dtype=torch.bfloat16);tensor(-0.6250, device='cuda:0', dtype=torch.bfloat16);tensor(-4.1875, device='cuda:0', dtype=torch.bfloat16)",blimp
only_npi_licensor_present,Only ladies ever wave.,Even ladies ever wave.,740,-8.6875,-9.5625,-43.5,-47.75,"tensor(-9.0625, device='cuda:0', dtype=torch.bfloat16);tensor(-10.8125, device='cuda:0', dtype=torch.bfloat16);tensor(-8.0625, device='cuda:0', dtype=torch.bfloat16);tensor(-10.8750, device='cuda:0', dtype=torch.bfloat16);tensor(-4.7500, device='cuda:0', dtype=torch.bfloat16)","tensor(-8.6250, device='cuda:0', dtype=torch.bfloat16);tensor(-10.8125, device='cuda:0', dtype=torch.bfloat16);tensor(-10.8750, device='cuda:0', dtype=torch.bfloat16);tensor(-11., device='cuda:0', dtype=torch.bfloat16);tensor(-6.4062, device='cuda:0', dtype=torch.bfloat16)",blimp
only_npi_licensor_present,Only the trucks could ever slip.,Even the trucks could ever slip.,660,-7.09375,-7.125,-49.75,-50.0,"tensor(-9.0625, device='cuda:0', dtype=torch.bfloat16);tensor(-2.9375, device='cuda:0', dtype=torch.bfloat16);tensor(-11.1250, device='cuda:0', dtype=torch.bfloat16);tensor(-6.1875, device='cuda:0', dtype=torch.bfloat16);tensor(-6.1250, device='cuda:0', dtype=torch.bfloat16);tensor(-8.6250, device='cuda:0', dtype=torch.bfloat16);tensor(-5.6875, device='cuda:0', dtype=torch.bfloat16)","tensor(-8.6250, device='cuda:0', dtype=torch.bfloat16);tensor(-2.8750, device='cuda:0', dtype=torch.bfloat16);tensor(-10.5000, device='cuda:0', dtype=torch.bfloat16);tensor(-6.1250, device='cuda:0', dtype=torch.bfloat16);tensor(-10.2500, device='cuda:0', dtype=torch.bfloat16);tensor(-8.1250, device='cuda:0', dtype=torch.bfloat16);tensor(-3.3750, device='cuda:0', dtype=torch.bfloat16)",blimp
only_npi_licensor_present,Only Deanna has ever turned out to confer.,Even Deanna has ever turned out to confer.,411,-6.28125,-6.71875,-62.75,-67.0,"tensor(-9.0625, device='cuda:0', dtype=torch.bfloat16);tensor(-9.3750, device='cuda:0', dtype=torch.bfloat16);tensor(-5.8125, device='cuda:0', dtype=torch.bfloat16);tensor(-4., device='cuda:0', dtype=torch.bfloat16);tensor(-4.1875, device='cuda:0', dtype=torch.bfloat16);tensor(-6.7500, device='cuda:0', dtype=torch.bfloat16);tensor(-4., device='cuda:0', dtype=torch.bfloat16);tensor(-2.0625, device='cuda:0', dtype=torch.bfloat16);tensor(-13., device='cuda:0', dtype=torch.bfloat16);tensor(-4.4375, device='cuda:0', dtype=torch.bfloat16)","tensor(-8.6250, device='cuda:0', dtype=torch.bfloat16);tensor(-10.5000, device='cuda:0', dtype=torch.bfloat16);tensor(-5.4375, device='cuda:0', dtype=torch.bfloat16);tensor(-4.6875, device='cuda:0', dtype=torch.bfloat16);tensor(-9.7500, device='cuda:0', dtype=torch.bfloat16);tensor(-6.8125, device='cuda:0', dtype=torch.bfloat16);tensor(-2.6250, device='cuda:0', dtype=torch.bfloat16);tensor(-0.6875, device='cuda:0', dtype=torch.bfloat16);tensor(-13.7500, device='cuda:0', dtype=torch.bfloat16);tensor(-4.2500, device='cuda:0', dtype=torch.bfloat16)",blimp
only_npi_licensor_present,Only those ladies ever found Linda.,Even those ladies ever found Linda.,678,-7.75,-8.5625,-54.25,-60.0,"tensor(-9.0625, device='cuda:0', dtype=torch.bfloat16);tensor(-4.7500, device='cuda:0', dtype=torch.bfloat16);tensor(-9.1250, device='cuda:0', dtype=torch.bfloat16);tensor(-9., device='cuda:0', dtype=torch.bfloat16);tensor(-4.9375, device='cuda:0', dtype=torch.bfloat16);tensor(-11.6250, device='cuda:0', dtype=torch.bfloat16);tensor(-5.7500, device='cuda:0', dtype=torch.bfloat16)","tensor(-8.6250, device='cuda:0', dtype=torch.bfloat16);tensor(-5.6250, device='cuda:0', dtype=torch.bfloat16);tensor(-9.6875, device='cuda:0', dtype=torch.bfloat16);tensor(-11.7500, device='cuda:0', dtype=torch.bfloat16);tensor(-5.9688, device='cuda:0', dtype=torch.bfloat16);tensor(-12.8125, device='cuda:0', dtype=torch.bfloat16);tensor(-5.6250, device='cuda:0', dtype=torch.bfloat16)",blimp
only_npi_licensor_present,Only Chad could ever scan a lot of books.,Even Chad could ever scan a lot of books.,626,-6.34375,-6.5625,-63.5,-65.5,"tensor(-9.0625, device='cuda:0', dtype=torch.bfloat16);tensor(-11.5625, device='cuda:0', dtype=torch.bfloat16);tensor(-5.1875, device='cuda:0', dtype=torch.bfloat16);tensor(-5.5625, device='cuda:0', dtype=torch.bfloat16);tensor(-12.6250, device='cuda:0', dtype=torch.bfloat16);tensor(-2., device='cuda:0', dtype=torch.bfloat16);tensor(-9.1250, device='cuda:0', dtype=torch.bfloat16);tensor(-0.3750, device='cuda:0', dtype=torch.bfloat16);tensor(-4., device='cuda:0', dtype=torch.bfloat16);tensor(-4.0625, device='cuda:0', dtype=torch.bfloat16)","tensor(-8.6250, device='cuda:0', dtype=torch.bfloat16);tensor(-11.5625, device='cuda:0', dtype=torch.bfloat16);tensor(-6.8750, device='cuda:0', dtype=torch.bfloat16);tensor(-9.7500, device='cuda:0', dtype=torch.bfloat16);tensor(-10.2500, device='cuda:0', dtype=torch.bfloat16);tensor(-3.3438, device='cuda:0', dtype=torch.bfloat16);tensor(-5.7812, device='cuda:0', dtype=torch.bfloat16);tensor(-0.6875, device='cuda:0', dtype=torch.bfloat16);tensor(-5.7812, device='cuda:0', dtype=torch.bfloat16);tensor(-3.0625, device='cuda:0', dtype=torch.bfloat16)",blimp
only_npi_licensor_present,Only Stacy ever murmured.,Even Stacy ever murmured.,513,-8.375,-8.75,-50.25,-52.5,"tensor(-9.0625, device='cuda:0', dtype=torch.bfloat16);tensor(-12.4375, device='cuda:0', dtype=torch.bfloat16);tensor(-11.6250, device='cuda:0', dtype=torch.bfloat16);tensor(-11.6250, device='cuda:0', dtype=torch.bfloat16);tensor(-0.1250, device='cuda:0', dtype=torch.bfloat16);tensor(-5.4375, device='cuda:0', dtype=torch.bfloat16)","tensor(-8.6250, device='cuda:0', dtype=torch.bfloat16);tensor(-12.5625, device='cuda:0', dtype=torch.bfloat16);tensor(-14.4375, device='cuda:0', dtype=torch.bfloat16);tensor(-12.3125, device='cuda:0', dtype=torch.bfloat16);tensor(-0.1250, device='cuda:0', dtype=torch.bfloat16);tensor(-4.4062, device='cuda:0', dtype=torch.bfloat16)",blimp
only_npi_licensor_present,Only Victoria ever conceals every chair.,Even Victoria ever conceals every chair.,859,-7.90625,-8.0625,-63.25,-64.5,"tensor(-9.0625, device='cuda:0', dtype=torch.bfloat16);tensor(-9.8750, device='cuda:0', dtype=torch.bfloat16);tensor(-10.5000, device='cuda:0', dtype=torch.bfloat16);tensor(-11., device='cuda:0', dtype=torch.bfloat16);tensor(-0.8750, device='cuda:0', dtype=torch.bfloat16);tensor(-8.6250, device='cuda:0', dtype=torch.bfloat16);tensor(-9.7500, device='cuda:0', dtype=torch.bfloat16);tensor(-3.5625, device='cuda:0', dtype=torch.bfloat16)","tensor(-8.6250, device='cuda:0', dtype=torch.bfloat16);tensor(-10.1875, device='cuda:0', dtype=torch.bfloat16);tensor(-12.6875, device='cuda:0', dtype=torch.bfloat16);tensor(-11.9375, device='cuda:0', dtype=torch.bfloat16);tensor(-1.1250, device='cuda:0', dtype=torch.bfloat16);tensor(-7.7500, device='cuda:0', dtype=torch.bfloat16);tensor(-9., device='cuda:0', dtype=torch.bfloat16);tensor(-3.1875, device='cuda:0', dtype=torch.bfloat16)",blimp
only_npi_licensor_present,Only those boys ever commanded Karla to distract some cashier.,Even those boys ever commanded Karla to distract some cashier.,136,-7.8125,-8.0,-94.0,-96.0,"tensor(-9.0625, device='cuda:0', dtype=torch.bfloat16);tensor(-4.7500, device='cuda:0', dtype=torch.bfloat16);tensor(-8.1250, device='cuda:0', dtype=torch.bfloat16);tensor(-8.8125, device='cuda:0', dtype=torch.bfloat16);tensor(-10., device='cuda:0', dtype=torch.bfloat16);tensor(-13.9375, device='cuda:0', dtype=torch.bfloat16);tensor(-3.8125, device='cuda:0', dtype=torch.bfloat16);tensor(-3.1250, device='cuda:0', dtype=torch.bfloat16);tensor(-10.3125, device='cuda:0', dtype=torch.bfloat16);tensor(-7.5938, device='cuda:0', dtype=torch.bfloat16);tensor(-10.0625, device='cuda:0', dtype=torch.bfloat16);tensor(-4.1875, device='cuda:0', dtype=torch.bfloat16)","tensor(-8.6250, device='cuda:0', dtype=torch.bfloat16);tensor(-5.6250, device='cuda:0', dtype=torch.bfloat16);tensor(-10.1875, device='cuda:0', dtype=torch.bfloat16);tensor(-10.1250, device='cuda:0', dtype=torch.bfloat16);tensor(-11.2500, device='cuda:0', dtype=torch.bfloat16);tensor(-13.1250, device='cuda:0', dtype=torch.bfloat16);tensor(-4.0625, device='cuda:0', dtype=torch.bfloat16);tensor(-2.6875, device='cuda:0', dtype=torch.bfloat16);tensor(-9.3750, device='cuda:0', dtype=torch.bfloat16);tensor(-6.5625, device='cuda:0', dtype=torch.bfloat16);tensor(-11.1875, device='cuda:0', dtype=torch.bfloat16);tensor(-3.1875, device='cuda:0', dtype=torch.bfloat16)",blimp
only_npi_scope,Only this grandson of Judy that Sandra was boasting about had ever painted.,This grandson of Judy that only Sandra was boasting about had ever painted.,521,-7.03125,-7.625,-98.5,-107.0,"tensor(-9.0625, device='cuda:0', dtype=torch.bfloat16);tensor(-5.8125, device='cuda:0', dtype=torch.bfloat16);tensor(-14.8750, device='cuda:0', dtype=torch.bfloat16);tensor(-0.4375, device='cuda:0', dtype=torch.bfloat16);tensor(-10.5625, device='cuda:0', dtype=torch.bfloat16);tensor(-9.9375, device='cuda:0', dtype=torch.bfloat16);tensor(-11.1250, device='cuda:0', dtype=torch.bfloat16);tensor(-3.7500, device='cuda:0', dtype=torch.bfloat16);tensor(-9.8750, device='cuda:0', dtype=torch.bfloat16);tensor(-0.3750, device='cuda:0', dtype=torch.bfloat16);tensor(-3.8750, device='cuda:0', dtype=torch.bfloat16);tensor(-4.5625, device='cuda:0', dtype=torch.bfloat16);tensor(-9.3750, device='cuda:0', dtype=torch.bfloat16);tensor(-4.9375, device='cuda:0', dtype=torch.bfloat16)","tensor(-4.7500, device='cuda:0', dtype=torch.bfloat16);tensor(-14.5000, device='cuda:0', dtype=torch.bfloat16);tensor(-0.2500, device='cuda:0', dtype=torch.bfloat16);tensor(-10.1875, device='cuda:0', dtype=torch.bfloat16);tensor(-11., device='cuda:0', dtype=torch.bfloat16);tensor(-7.4375, device='cuda:0', dtype=torch.bfloat16);tensor(-10.8750, device='cuda:0', dtype=torch.bfloat16);tensor(-4.9375, device='cuda:0', dtype=torch.bfloat16);tensor(-12.6875, device='cuda:0', dtype=torch.bfloat16);tensor(-0.3750, device='cuda:0', dtype=torch.bfloat16);tensor(-5.1250, device='cuda:0', dtype=torch.bfloat16);tensor(-10.2500, device='cuda:0', dtype=torch.bfloat16);tensor(-9.9375, device='cuda:0', dtype=torch.bfloat16);tensor(-4.5000, device='cuda:0', dtype=torch.bfloat16)",blimp
only_npi_scope,Only every niece of Sherry that Edward is insulting ever learns.,Every niece of Sherry that only Edward is insulting ever learns.,737,-7.84375,-7.96875,-102.0,-103.5,"tensor(-9.0625, device='cuda:0', dtype=torch.bfloat16);tensor(-9.6250, device='cuda:0', dtype=torch.bfloat16);tensor(-13.6250, device='cuda:0', dtype=torch.bfloat16);tensor(-2.1875, device='cuda:0', dtype=torch.bfloat16);tensor(-7.8750, device='cuda:0', dtype=torch.bfloat16);tensor(-4.7500, device='cuda:0', dtype=torch.bfloat16);tensor(-8.2500, device='cuda:0', dtype=torch.bfloat16);tensor(-11., device='cuda:0', dtype=torch.bfloat16);tensor(-3.6250, device='cuda:0', dtype=torch.bfloat16);tensor(-10.3125, device='cuda:0', dtype=torch.bfloat16);tensor(-7.4688, device='cuda:0', dtype=torch.bfloat16);tensor(-9.5000, device='cuda:0', dtype=torch.bfloat16);tensor(-4.6250, device='cuda:0', dtype=torch.bfloat16)","tensor(-7.5625, device='cuda:0', dtype=torch.bfloat16);tensor(-14.5625, device='cuda:0', dtype=torch.bfloat16);tensor(-2.8750, device='cuda:0', dtype=torch.bfloat16);tensor(-7.7812, device='cuda:0', dtype=torch.bfloat16);tensor(-4.8125, device='cuda:0', dtype=torch.bfloat16);tensor(-8.5000, device='cuda:0', dtype=torch.bfloat16);tensor(-10., device='cuda:0', dtype=torch.bfloat16);tensor(-11.5625, device='cuda:0', dtype=torch.bfloat16);tensor(-4., device='cuda:0', dtype=torch.bfloat16);tensor(-10.5000, device='cuda:0', dtype=torch.bfloat16);tensor(-8.3125, device='cuda:0', dtype=torch.bfloat16);tensor(-7.5625, device='cuda:0', dtype=torch.bfloat16);tensor(-5.3750, device='cuda:0', dtype=torch.bfloat16)",blimp
only_npi_scope,Only a lot of pedestrians who those women alarms did ever remember some lady.,A lot of pedestrians who only those women alarms did ever remember some lady.,740,-7.3125,-7.1875,-110.0,-108.0,"tensor(-9.0625, device='cuda:0', dtype=torch.bfloat16);tensor(-2.4375, device='cuda:0', dtype=torch.bfloat16);tensor(-9.1250, device='cuda:0', dtype=torch.bfloat16);tensor(-0.5000, device='cuda:0', dtype=torch.bfloat16);tensor(-9.8750, device='cuda:0', dtype=torch.bfloat16);tensor(-5., device='cuda:0', dtype=torch.bfloat16);tensor(-11.8750, device='cuda:0', dtype=torch.bfloat16);tensor(-7.4375, device='cuda:0', dtype=torch.bfloat16);tensor(-13.4375, device='cuda:0', dtype=torch.bfloat16);tensor(-6.6562, device='cuda:0', dtype=torch.bfloat16);tensor(-7.9062, device='cuda:0', dtype=torch.bfloat16);tensor(-6.4688, device='cuda:0', dtype=torch.bfloat16);tensor(-7.3750, device='cuda:0', dtype=torch.bfloat16);tensor(-7.7812, device='cuda:0', dtype=torch.bfloat16);tensor(-4.9375, device='cuda:0', dtype=torch.bfloat16)","tensor(-5.5625, device='cuda:0', dtype=torch.bfloat16);tensor(-5.8750, device='cuda:0', dtype=torch.bfloat16);tensor(-0.1250, device='cuda:0', dtype=torch.bfloat16);tensor(-10., device='cuda:0', dtype=torch.bfloat16);tensor(-4.3750, device='cuda:0', dtype=torch.bfloat16);tensor(-7.8750, device='cuda:0', dtype=torch.bfloat16);tensor(-9.8750, device='cuda:0', dtype=torch.bfloat16);tensor(-7.9062, device='cuda:0', dtype=torch.bfloat16);tensor(-14.4375, device='cuda:0', dtype=torch.bfloat16);tensor(-7.0312, device='cuda:0', dtype=torch.bfloat16);tensor(-8.3125, device='cuda:0', dtype=torch.bfloat16);tensor(-6.1562, device='cuda:0', dtype=torch.bfloat16);tensor(-6.6562, device='cuda:0', dtype=torch.bfloat16);tensor(-9.1250, device='cuda:0', dtype=torch.bfloat16);tensor(-4.5625, device='cuda:0', dtype=torch.bfloat16)",blimp
only_npi_scope,Only every man who Susan has visited ever exercises.,Every man who only Susan has visited ever exercises.,660,-7.8125,-7.75,-78.0,-77.5,"tensor(-9.0625, device='cuda:0', dtype=torch.bfloat16);tensor(-9.6250, device='cuda:0', dtype=torch.bfloat16);tensor(-6.8750, device='cuda:0', dtype=torch.bfloat16);tensor(-2.6250, device='cuda:0', dtype=torch.bfloat16);tensor(-17.2500, device='cuda:0', dtype=torch.bfloat16);tensor(-3.8750, device='cuda:0', dtype=torch.bfloat16);tensor(-7.8750, device='cuda:0', dtype=torch.bfloat16);tensor(-5.5625, device='cuda:0', dtype=torch.bfloat16);tensor(-11.0625, device='cuda:0', dtype=torch.bfloat16);tensor(-4.2500, device='cuda:0', dtype=torch.bfloat16)","tensor(-7.5625, device='cuda:0', dtype=torch.bfloat16);tensor(-6.5625, device='cuda:0', dtype=torch.bfloat16);tensor(-2.9375, device='cuda:0', dtype=torch.bfloat16);tensor(-8.4375, device='cuda:0', dtype=torch.bfloat16);tensor(-16.5000, device='cuda:0', dtype=torch.bfloat16);tensor(-4.5000, device='cuda:0', dtype=torch.bfloat16);tensor(-6.9375, device='cuda:0', dtype=torch.bfloat16);tensor(-7.8438, device='cuda:0', dtype=torch.bfloat16);tensor(-11.3750, device='cuda:0', dtype=torch.bfloat16);tensor(-4.7188, device='cuda:0', dtype=torch.bfloat16)",blimp
only_npi_scope,Only some actors that these apples were embarrassing ever judge Alicia to visit the senator.,Some actors that only these apples were embarrassing ever judge Alicia to visit the senator.,411,-7.90625,-8.0,-126.5,-128.0,"tensor(-9.0625, device='cuda:0', dtype=torch.bfloat16);tensor(-5.1250, device='cuda:0', dtype=torch.bfloat16);tensor(-8.9375, device='cuda:0', dtype=torch.bfloat16);tensor(-5.6250, device='cuda:0', dtype=torch.bfloat16);tensor(-8.1250, device='cuda:0', dtype=torch.bfloat16);tensor(-10.3125, device='cuda:0', dtype=torch.bfloat16);tensor(-3.9375, device='cuda:0', dtype=torch.bfloat16);tensor(-12.1875, device='cuda:0', dtype=torch.bfloat16);tensor(-8.4375, device='cuda:0', dtype=torch.bfloat16);tensor(-11.1250, device='cuda:0', dtype=torch.bfloat16);tensor(-15.8750, device='cuda:0', dtype=torch.bfloat16);tensor(-5.7500, device='cuda:0', dtype=torch.bfloat16);tensor(-6.8125, device='cuda:0', dtype=torch.bfloat16);tensor(-2.3125, device='cuda:0', dtype=torch.bfloat16);tensor(-10.5625, device='cuda:0', dtype=torch.bfloat16);tensor(-2.1250, device='cuda:0', dtype=torch.bfloat16)","tensor(-7.7500, device='cuda:0', dtype=torch.bfloat16);tensor(-9.3125, device='cuda:0', dtype=torch.bfloat16);tensor(-5.7500, device='cuda:0', dtype=torch.bfloat16);tensor(-6.1875, device='cuda:0', dtype=torch.bfloat16);tensor(-8., device='cuda:0', dtype=torch.bfloat16);tensor(-11.4375, device='cuda:0', dtype=torch.bfloat16);tensor(-4.3750, device='cuda:0', dtype=torch.bfloat16);tensor(-12.3750, device='cuda:0', dtype=torch.bfloat16);tensor(-8.6875, device='cuda:0', dtype=torch.bfloat16);tensor(-10.6875, device='cuda:0', dtype=torch.bfloat16);tensor(-14.5000, device='cuda:0', dtype=torch.bfloat16);tensor(-6.4062, device='cuda:0', dtype=torch.bfloat16);tensor(-7.0938, device='cuda:0', dtype=torch.bfloat16);tensor(-2.3750, device='cuda:0', dtype=torch.bfloat16);tensor(-10.5000, device='cuda:0', dtype=torch.bfloat16);tensor(-2.5000, device='cuda:0', dtype=torch.bfloat16)",blimp
only_npi_scope,Only a driver who Steve is noticing ever hides Jacqueline.,A driver who only Steve is noticing ever hides Jacqueline.,678,-8.375,-8.75,-92.0,-96.5,"tensor(-9.0625, device='cuda:0', dtype=torch.bfloat16);tensor(-2.4375, device='cuda:0', dtype=torch.bfloat16);tensor(-8., device='cuda:0', dtype=torch.bfloat16);tensor(-2.3750, device='cuda:0', dtype=torch.bfloat16);tensor(-17., device='cuda:0', dtype=torch.bfloat16);tensor(-4.9375, device='cuda:0', dtype=torch.bfloat16);tensor(-11.8750, device='cuda:0', dtype=torch.bfloat16);tensor(-8.7500, device='cuda:0', dtype=torch.bfloat16);tensor(-10.6250, device='cuda:0', dtype=torch.bfloat16);tensor(-13.6875, device='cuda:0', dtype=torch.bfloat16);tensor(-3.5000, device='cuda:0', dtype=torch.bfloat16)","tensor(-5.5625, device='cuda:0', dtype=torch.bfloat16);tensor(-8.2500, device='cuda:0', dtype=torch.bfloat16);tensor(-2.1250, device='cuda:0', dtype=torch.bfloat16);tensor(-8.3125, device='cuda:0', dtype=torch.bfloat16);tensor(-16.5000, device='cuda:0', dtype=torch.bfloat16);tensor(-6.3750, device='cuda:0', dtype=torch.bfloat16);tensor(-10.0625, device='cuda:0', dtype=torch.bfloat16);tensor(-9.7500, device='cuda:0', dtype=torch.bfloat16);tensor(-11.5000, device='cuda:0', dtype=torch.bfloat16);tensor(-14.0625, device='cuda:0', dtype=torch.bfloat16);tensor(-4., device='cuda:0', dtype=torch.bfloat16)",blimp
only_npi_scope,Only the coat that some men buy might ever annoy Amelia.,The coat that only some men buy might ever annoy Amelia.,626,-7.0625,-7.28125,-85.0,-87.5,"tensor(-9.0625, device='cuda:0', dtype=torch.bfloat16);tensor(-2.8750, device='cuda:0', dtype=torch.bfloat16);tensor(-10.8750, device='cuda:0', dtype=torch.bfloat16);tensor(-5.3750, device='cuda:0', dtype=torch.bfloat16);tensor(-8.5625, device='cuda:0', dtype=torch.bfloat16);tensor(-3.9375, device='cuda:0', dtype=torch.bfloat16);tensor(-5.2500, device='cuda:0', dtype=torch.bfloat16);tensor(-7., device='cuda:0', dtype=torch.bfloat16);tensor(-6.6250, device='cuda:0', dtype=torch.bfloat16);tensor(-11., device='cuda:0', dtype=torch.bfloat16);tensor(-12.5000, device='cuda:0', dtype=torch.bfloat16);tensor(-1.7500, device='cuda:0', dtype=torch.bfloat16)","tensor(-3.5625, device='cuda:0', dtype=torch.bfloat16);tensor(-11., device='cuda:0', dtype=torch.bfloat16);tensor(-4.8750, device='cuda:0', dtype=torch.bfloat16);tensor(-7.6562, device='cuda:0', dtype=torch.bfloat16);tensor(-5.5625, device='cuda:0', dtype=torch.bfloat16);tensor(-3.8750, device='cuda:0', dtype=torch.bfloat16);tensor(-7.0625, device='cuda:0', dtype=torch.bfloat16);tensor(-7.5000, device='cuda:0', dtype=torch.bfloat16);tensor(-9.1250, device='cuda:0', dtype=torch.bfloat16);tensor(-11., device='cuda:0', dtype=torch.bfloat16);tensor(-13.5625, device='cuda:0', dtype=torch.bfloat16);tensor(-2.6875, device='cuda:0', dtype=torch.bfloat16)",blimp
only_npi_scope,Only Adam's dentist that Monica criticizes ever compels Guy to whisper.,Adam's dentist that only Monica criticizes ever compels Guy to whisper.,513,-7.59375,-7.53125,-114.0,-113.0,"tensor(-9.0625, device='cuda:0', dtype=torch.bfloat16);tensor(-9.6250, device='cuda:0', dtype=torch.bfloat16);tensor(-4.5000, device='cuda:0', dtype=torch.bfloat16);tensor(-11.0625, device='cuda:0', dtype=torch.bfloat16);tensor(-7.3750, device='cuda:0', dtype=torch.bfloat16);tensor(-13.3750, device='cuda:0', dtype=torch.bfloat16);tensor(-11.2500, device='cuda:0', dtype=torch.bfloat16);tensor(-0.1250, device='cuda:0', dtype=torch.bfloat16);tensor(-6.8125, device='cuda:0', dtype=torch.bfloat16);tensor(-11.8750, device='cuda:0', dtype=torch.bfloat16);tensor(-1.1875, device='cuda:0', dtype=torch.bfloat16);tensor(-11.5625, device='cuda:0', dtype=torch.bfloat16);tensor(-0.3750, device='cuda:0', dtype=torch.bfloat16);tensor(-11., device='cuda:0', dtype=torch.bfloat16);tensor(-4.6875, device='cuda:0', dtype=torch.bfloat16)","tensor(-9.6250, device='cuda:0', dtype=torch.bfloat16);tensor(-5.0625, device='cuda:0', dtype=torch.bfloat16);tensor(-11.7500, device='cuda:0', dtype=torch.bfloat16);tensor(-8.1250, device='cuda:0', dtype=torch.bfloat16);tensor(-7.2188, device='cuda:0', dtype=torch.bfloat16);tensor(-10.6875, device='cuda:0', dtype=torch.bfloat16);tensor(-9.7500, device='cuda:0', dtype=torch.bfloat16);tensor(-0.1250, device='cuda:0', dtype=torch.bfloat16);tensor(-8.6250, device='cuda:0', dtype=torch.bfloat16);tensor(-13.5000, device='cuda:0', dtype=torch.bfloat16);tensor(-1., device='cuda:0', dtype=torch.bfloat16);tensor(-10.6250, device='cuda:0', dtype=torch.bfloat16);tensor(-1.5000, device='cuda:0', dtype=torch.bfloat16);tensor(-10.5625, device='cuda:0', dtype=torch.bfloat16);tensor(-5., device='cuda:0', dtype=torch.bfloat16)",blimp
only_npi_scope,Only most grandfathers of Connie that this bike was shocking ever testify.,Most grandfathers of Connie that only this bike was shocking ever testify.,859,-7.53125,-7.53125,-113.0,-113.0,"tensor(-9.0625, device='cuda:0', dtype=torch.bfloat16);tensor(-10.3750, device='cuda:0', dtype=torch.bfloat16);tensor(-9.5000, device='cuda:0', dtype=torch.bfloat16);tensor(-4.3125, device='cuda:0', dtype=torch.bfloat16);tensor(0., device='cuda:0', dtype=torch.bfloat16);tensor(-3.3750, device='cuda:0', dtype=torch.bfloat16);tensor(-13.5000, device='cuda:0', dtype=torch.bfloat16);tensor(-9.8125, device='cuda:0', dtype=torch.bfloat16);tensor(-6.3438, device='cuda:0', dtype=torch.bfloat16);tensor(-9.4375, device='cuda:0', dtype=torch.bfloat16);tensor(-2.3750, device='cuda:0', dtype=torch.bfloat16);tensor(-12.4375, device='cuda:0', dtype=torch.bfloat16);tensor(-8.4375, device='cuda:0', dtype=torch.bfloat16);tensor(-11., device='cuda:0', dtype=torch.bfloat16);tensor(-3.1875, device='cuda:0', dtype=torch.bfloat16)","tensor(-7.6250, device='cuda:0', dtype=torch.bfloat16);tensor(-9.8750, device='cuda:0', dtype=torch.bfloat16);tensor(-2.8125, device='cuda:0', dtype=torch.bfloat16);tensor(0., device='cuda:0', dtype=torch.bfloat16);tensor(-3.9375, device='cuda:0', dtype=torch.bfloat16);tensor(-14.8125, device='cuda:0', dtype=torch.bfloat16);tensor(-11.3750, device='cuda:0', dtype=torch.bfloat16);tensor(-8.3750, device='cuda:0', dtype=torch.bfloat16);tensor(-6.4688, device='cuda:0', dtype=torch.bfloat16);tensor(-9.1250, device='cuda:0', dtype=torch.bfloat16);tensor(-3., device='cuda:0', dtype=torch.bfloat16);tensor(-12.0625, device='cuda:0', dtype=torch.bfloat16);tensor(-8.5625, device='cuda:0', dtype=torch.bfloat16);tensor(-11.5000, device='cuda:0', dtype=torch.bfloat16);tensor(-3.5625, device='cuda:0', dtype=torch.bfloat16)",blimp
only_npi_scope,Only Regina's students who Scott escaped from ever press all actors to look like that print.,Regina's students who only Scott escaped from ever press all actors to look like that print.,136,-7.3125,-7.125,-132.0,-136.0,"tensor(-9.0625, device='cuda:0', dtype=torch.bfloat16);tensor(-10.5000, device='cuda:0', dtype=torch.bfloat16);tensor(-3.5625, device='cuda:0', dtype=torch.bfloat16);tensor(-5.5000, device='cuda:0', dtype=torch.bfloat16);tensor(-3.4375, device='cuda:0', dtype=torch.bfloat16);tensor(-18.1250, device='cuda:0', dtype=torch.bfloat16);tensor(-12.3125, device='cuda:0', dtype=torch.bfloat16);tensor(-2.4375, device='cuda:0', dtype=torch.bfloat16);tensor(-8.3125, device='cuda:0', dtype=torch.bfloat16);tensor(-10.6875, device='cuda:0', dtype=torch.bfloat16);tensor(-6.9062, device='cuda:0', dtype=torch.bfloat16);tensor(-10.2500, device='cuda:0', dtype=torch.bfloat16);tensor(-2.8750, device='cuda:0', dtype=torch.bfloat16);tensor(-6.1562, device='cuda:0', dtype=torch.bfloat16);tensor(-3.2500, device='cuda:0', dtype=torch.bfloat16);tensor(-4.3750, device='cuda:0', dtype=torch.bfloat16);tensor(-10.3125, device='cuda:0', dtype=torch.bfloat16);tensor(-3.8125, device='cuda:0', dtype=torch.bfloat16)","tensor(-9.6875, device='cuda:0', dtype=torch.bfloat16);tensor(-1.8750, device='cuda:0', dtype=torch.bfloat16);tensor(-4., device='cuda:0', dtype=torch.bfloat16);tensor(-7.7500, device='cuda:0', dtype=torch.bfloat16);tensor(-5.3125, device='cuda:0', dtype=torch.bfloat16);tensor(-8.3125, device='cuda:0', dtype=torch.bfloat16);tensor(-16., device='cuda:0', dtype=torch.bfloat16);tensor(-11.9375, device='cuda:0', dtype=torch.bfloat16);tensor(-3.3125, device='cuda:0', dtype=torch.bfloat16);tensor(-8.8750, device='cuda:0', dtype=torch.bfloat16);tensor(-10.3125, device='cuda:0', dtype=torch.bfloat16);tensor(-6.5625, device='cuda:0', dtype=torch.bfloat16);tensor(-9.8125, device='cuda:0', dtype=torch.bfloat16);tensor(-3.8125, device='cuda:0', dtype=torch.bfloat16);tensor(-6.5312, device='cuda:0', dtype=torch.bfloat16);tensor(-3.2500, device='cuda:0', dtype=torch.bfloat16);tensor(-4.5312, device='cuda:0', dtype=torch.bfloat16);tensor(-10., device='cuda:0', dtype=torch.bfloat16);tensor(-3.6250, device='cuda:0', dtype=torch.bfloat16)",blimp
passive_1,Christopher is hurt by actors.,Christopher is blinked by actors.,521,-7.90625,-8.75,-47.5,-52.5,"tensor(-9.7500, device='cuda:0', dtype=torch.bfloat16);tensor(-6.2500, device='cuda:0', dtype=torch.bfloat16);tensor(-11.6250, device='cuda:0', dtype=torch.bfloat16);tensor(-2., device='cuda:0', dtype=torch.bfloat16);tensor(-11.5625, device='cuda:0', dtype=torch.bfloat16);tensor(-6.3125, device='cuda:0', dtype=torch.bfloat16)","tensor(-9.7500, device='cuda:0', dtype=torch.bfloat16);tensor(-6.2500, device='cuda:0', dtype=torch.bfloat16);tensor(-18.1250, device='cuda:0', dtype=torch.bfloat16);tensor(-2.9375, device='cuda:0', dtype=torch.bfloat16);tensor(-10.3125, device='cuda:0', dtype=torch.bfloat16);tensor(-5., device='cuda:0', dtype=torch.bfloat16)",blimp
passive_1,The universities were bothered by a lot of actors.,The universities were replied by a lot of actors.,737,-5.375,-5.6875,-53.75,-57.0,"tensor(-3.5625, device='cuda:0', dtype=torch.bfloat16);tensor(-11.3125, device='cuda:0', dtype=torch.bfloat16);tensor(-4.7500, device='cuda:0', dtype=torch.bfloat16);tensor(-12.3750, device='cuda:0', dtype=torch.bfloat16);tensor(-0.5625, device='cuda:0', dtype=torch.bfloat16);tensor(-3., device='cuda:0', dtype=torch.bfloat16);tensor(-4.5625, device='cuda:0', dtype=torch.bfloat16);tensor(0., device='cuda:0', dtype=torch.bfloat16);tensor(-10.1250, device='cuda:0', dtype=torch.bfloat16);tensor(-3.5000, device='cuda:0', dtype=torch.bfloat16)","tensor(-3.5625, device='cuda:0', dtype=torch.bfloat16);tensor(-11.3125, device='cuda:0', dtype=torch.bfloat16);tensor(-4.7500, device='cuda:0', dtype=torch.bfloat16);tensor(-14.4375, device='cuda:0', dtype=torch.bfloat16);tensor(-2., device='cuda:0', dtype=torch.bfloat16);tensor(-3.0625, device='cuda:0', dtype=torch.bfloat16);tensor(-5.3750, device='cuda:0', dtype=torch.bfloat16);tensor(-0.2500, device='cuda:0', dtype=torch.bfloat16);tensor(-8.5000, device='cuda:0', dtype=torch.bfloat16);tensor(-3.6875, device='cuda:0', dtype=torch.bfloat16)",blimp
passive_1,Todd is investigated by Guy.,Todd is grinned by Guy.,740,-7.5625,-8.6875,-45.5,-52.0,"tensor(-10.5000, device='cuda:0', dtype=torch.bfloat16);tensor(-4.8750, device='cuda:0', dtype=torch.bfloat16);tensor(-11.5625, device='cuda:0', dtype=torch.bfloat16);tensor(-0.7500, device='cuda:0', dtype=torch.bfloat16);tensor(-10.1250, device='cuda:0', dtype=torch.bfloat16);tensor(-7.5625, device='cuda:0', dtype=torch.bfloat16)","tensor(-10.5000, device='cuda:0', dtype=torch.bfloat16);tensor(-4.8750, device='cuda:0', dtype=torch.bfloat16);tensor(-17.5000, device='cuda:0', dtype=torch.bfloat16);tensor(-2.9375, device='cuda:0', dtype=torch.bfloat16);tensor(-10.4375, device='cuda:0', dtype=torch.bfloat16);tensor(-5.8750, device='cuda:0', dtype=torch.bfloat16)",blimp
passive_1,Christopher was remembered by Rachelle.,Christopher was trained by Rachelle.,660,-6.90625,-6.15625,-48.25,-43.0,"tensor(-9.7500, device='cuda:0', dtype=torch.bfloat16);tensor(-7.5000, device='cuda:0', dtype=torch.bfloat16);tensor(-9.7500, device='cuda:0', dtype=torch.bfloat16);tensor(-1.5000, device='cuda:0', dtype=torch.bfloat16);tensor(-10.7500, device='cuda:0', dtype=torch.bfloat16);tensor(-2.8750, device='cuda:0', dtype=torch.bfloat16);tensor(-6.1250, device='cuda:0', dtype=torch.bfloat16)","tensor(-9.7500, device='cuda:0', dtype=torch.bfloat16);tensor(-7.5000, device='cuda:0', dtype=torch.bfloat16);tensor(-6.1250, device='cuda:0', dtype=torch.bfloat16);tensor(-1.8750, device='cuda:0', dtype=torch.bfloat16);tensor(-10.1250, device='cuda:0', dtype=torch.bfloat16);tensor(-1.6250, device='cuda:0', dtype=torch.bfloat16);tensor(-6., device='cuda:0', dtype=torch.bfloat16)",blimp
passive_1,Homer's daughters aren't hired by Alan's daughter.,Homer's daughters aren't answered by Alan's daughter.,411,-5.71875,-5.75,-69.0,-69.0,"tensor(-6.6562, device='cuda:0', dtype=torch.bfloat16);tensor(-6.3125, device='cuda:0', dtype=torch.bfloat16);tensor(-3.3750, device='cuda:0', dtype=torch.bfloat16);tensor(-10.3125, device='cuda:0', dtype=torch.bfloat16);tensor(-7.8438, device='cuda:0', dtype=torch.bfloat16);tensor(0., device='cuda:0', dtype=torch.bfloat16);tensor(-11.4375, device='cuda:0', dtype=torch.bfloat16);tensor(-2., device='cuda:0', dtype=torch.bfloat16);tensor(-9.3125, device='cuda:0', dtype=torch.bfloat16);tensor(-2.1875, device='cuda:0', dtype=torch.bfloat16);tensor(-5.5000, device='cuda:0', dtype=torch.bfloat16);tensor(-3.8125, device='cuda:0', dtype=torch.bfloat16)","tensor(-6.6562, device='cuda:0', dtype=torch.bfloat16);tensor(-6.3125, device='cuda:0', dtype=torch.bfloat16);tensor(-3.3750, device='cuda:0', dtype=torch.bfloat16);tensor(-10.3125, device='cuda:0', dtype=torch.bfloat16);tensor(-7.8438, device='cuda:0', dtype=torch.bfloat16);tensor(0., device='cuda:0', dtype=torch.bfloat16);tensor(-12.6250, device='cuda:0', dtype=torch.bfloat16);tensor(-1.7500, device='cuda:0', dtype=torch.bfloat16);tensor(-9.8750, device='cuda:0', dtype=torch.bfloat16);tensor(-2.6875, device='cuda:0', dtype=torch.bfloat16);tensor(-5.0938, device='cuda:0', dtype=torch.bfloat16);tensor(-2.5625, device='cuda:0', dtype=torch.bfloat16)",blimp
passive_1,Richard's handymen were disliked by that student's cousin.,Richard's handymen were retaliated by that student's cousin.,678,-6.34375,-6.03125,-82.5,-84.5,"tensor(-8.8125, device='cuda:0', dtype=torch.bfloat16);tensor(-5.6875, device='cuda:0', dtype=torch.bfloat16);tensor(-9.5000, device='cuda:0', dtype=torch.bfloat16);tensor(-7.8125, device='cuda:0', dtype=torch.bfloat16);tensor(0., device='cuda:0', dtype=torch.bfloat16);tensor(-4.5625, device='cuda:0', dtype=torch.bfloat16);tensor(-15.6250, device='cuda:0', dtype=torch.bfloat16);tensor(-0.4375, device='cuda:0', dtype=torch.bfloat16);tensor(-9., device='cuda:0', dtype=torch.bfloat16);tensor(-6.3125, device='cuda:0', dtype=torch.bfloat16);tensor(-3.9375, device='cuda:0', dtype=torch.bfloat16);tensor(-8.3750, device='cuda:0', dtype=torch.bfloat16);tensor(-2.3750, device='cuda:0', dtype=torch.bfloat16)","tensor(-8.8125, device='cuda:0', dtype=torch.bfloat16);tensor(-5.6875, device='cuda:0', dtype=torch.bfloat16);tensor(-9.5000, device='cuda:0', dtype=torch.bfloat16);tensor(-7.8125, device='cuda:0', dtype=torch.bfloat16);tensor(0., device='cuda:0', dtype=torch.bfloat16);tensor(-4.5625, device='cuda:0', dtype=torch.bfloat16);tensor(-16., device='cuda:0', dtype=torch.bfloat16);tensor(-1.5000, device='cuda:0', dtype=torch.bfloat16);tensor(-2.1250, device='cuda:0', dtype=torch.bfloat16);tensor(-7.8125, device='cuda:0', dtype=torch.bfloat16);tensor(-7.6250, device='cuda:0', dtype=torch.bfloat16);tensor(-2.6875, device='cuda:0', dtype=torch.bfloat16);tensor(-7.9062, device='cuda:0', dtype=torch.bfloat16);tensor(-2.3125, device='cuda:0', dtype=torch.bfloat16)",blimp
passive_1,These drivers aren't escaped from by Sally.,These drivers aren't coped by Sally.,626,-7.125,-6.6875,-64.0,-60.25,"tensor(-7.0625, device='cuda:0', dtype=torch.bfloat16);tensor(-8.6875, device='cuda:0', dtype=torch.bfloat16);tensor(-6.5000, device='cuda:0', dtype=torch.bfloat16);tensor(-0.6250, device='cuda:0', dtype=torch.bfloat16);tensor(-13.3125, device='cuda:0', dtype=torch.bfloat16);tensor(-2.6250, device='cuda:0', dtype=torch.bfloat16);tensor(-7.8750, device='cuda:0', dtype=torch.bfloat16);tensor(-14.0625, device='cuda:0', dtype=torch.bfloat16);tensor(-3.2500, device='cuda:0', dtype=torch.bfloat16)","tensor(-7.0625, device='cuda:0', dtype=torch.bfloat16);tensor(-8.6875, device='cuda:0', dtype=torch.bfloat16);tensor(-6.5000, device='cuda:0', dtype=torch.bfloat16);tensor(-0.6250, device='cuda:0', dtype=torch.bfloat16);tensor(-11.3750, device='cuda:0', dtype=torch.bfloat16);tensor(-6.2500, device='cuda:0', dtype=torch.bfloat16);tensor(-2.6250, device='cuda:0', dtype=torch.bfloat16);tensor(-13.6875, device='cuda:0', dtype=torch.bfloat16);tensor(-3.5000, device='cuda:0', dtype=torch.bfloat16)",blimp
passive_1,That hospital isn't disturbed by this commentary about music.,That hospital isn't clashed by this commentary about music.,513,-6.375,-7.15625,-70.0,-79.0,"tensor(-7.7500, device='cuda:0', dtype=torch.bfloat16);tensor(-10., device='cuda:0', dtype=torch.bfloat16);tensor(-6.3750, device='cuda:0', dtype=torch.bfloat16);tensor(-0.5000, device='cuda:0', dtype=torch.bfloat16);tensor(-12.5625, device='cuda:0', dtype=torch.bfloat16);tensor(-1.1875, device='cuda:0', dtype=torch.bfloat16);tensor(-4.3750, device='cuda:0', dtype=torch.bfloat16);tensor(-11.1875, device='cuda:0', dtype=torch.bfloat16);tensor(-3.8750, device='cuda:0', dtype=torch.bfloat16);tensor(-8.2500, device='cuda:0', dtype=torch.bfloat16);tensor(-4.1250, device='cuda:0', dtype=torch.bfloat16)","tensor(-7.7500, device='cuda:0', dtype=torch.bfloat16);tensor(-10., device='cuda:0', dtype=torch.bfloat16);tensor(-6.3750, device='cuda:0', dtype=torch.bfloat16);tensor(-0.5000, device='cuda:0', dtype=torch.bfloat16);tensor(-18.6250, device='cuda:0', dtype=torch.bfloat16);tensor(-2.5625, device='cuda:0', dtype=torch.bfloat16);tensor(-5.1250, device='cuda:0', dtype=torch.bfloat16);tensor(-10.2500, device='cuda:0', dtype=torch.bfloat16);tensor(-6., device='cuda:0', dtype=torch.bfloat16);tensor(-8.4375, device='cuda:0', dtype=torch.bfloat16);tensor(-3.2500, device='cuda:0', dtype=torch.bfloat16)",blimp
passive_1,Jill isn't stunned by Randolf.,Jill isn't compromised by Randolf.,859,-6.34375,-6.4375,-57.0,-58.0,"tensor(-6.8125, device='cuda:0', dtype=torch.bfloat16);tensor(-4.5000, device='cuda:0', dtype=torch.bfloat16);tensor(-10.3125, device='cuda:0', dtype=torch.bfloat16);tensor(-0.3750, device='cuda:0', dtype=torch.bfloat16);tensor(-11.4375, device='cuda:0', dtype=torch.bfloat16);tensor(-0.7500, device='cuda:0', dtype=torch.bfloat16);tensor(-11.1250, device='cuda:0', dtype=torch.bfloat16);tensor(-4.3125, device='cuda:0', dtype=torch.bfloat16);tensor(-7.5000, device='cuda:0', dtype=torch.bfloat16)","tensor(-6.8125, device='cuda:0', dtype=torch.bfloat16);tensor(-4.5000, device='cuda:0', dtype=torch.bfloat16);tensor(-10.3125, device='cuda:0', dtype=torch.bfloat16);tensor(-0.3750, device='cuda:0', dtype=torch.bfloat16);tensor(-11.6250, device='cuda:0', dtype=torch.bfloat16);tensor(-0.8750, device='cuda:0', dtype=torch.bfloat16);tensor(-12.2500, device='cuda:0', dtype=torch.bfloat16);tensor(-8.4375, device='cuda:0', dtype=torch.bfloat16);tensor(-2.6875, device='cuda:0', dtype=torch.bfloat16)",blimp
passive_1,Michael's colleagues were left by Jacqueline.,Michael's colleagues were littered by Jacqueline.,136,-7.375,-6.875,-59.0,-61.75,"tensor(-8.3750, device='cuda:0', dtype=torch.bfloat16);tensor(-5.8750, device='cuda:0', dtype=torch.bfloat16);tensor(-10.5625, device='cuda:0', dtype=torch.bfloat16);tensor(-4.0625, device='cuda:0', dtype=torch.bfloat16);tensor(-7.3750, device='cuda:0', dtype=torch.bfloat16);tensor(-8.8750, device='cuda:0', dtype=torch.bfloat16);tensor(-9.7500, device='cuda:0', dtype=torch.bfloat16);tensor(-4.1875, device='cuda:0', dtype=torch.bfloat16)","tensor(-8.3750, device='cuda:0', dtype=torch.bfloat16);tensor(-5.8750, device='cuda:0', dtype=torch.bfloat16);tensor(-10.5625, device='cuda:0', dtype=torch.bfloat16);tensor(-4.0625, device='cuda:0', dtype=torch.bfloat16);tensor(-10.0625, device='cuda:0', dtype=torch.bfloat16);tensor(-1.4375, device='cuda:0', dtype=torch.bfloat16);tensor(-4.6875, device='cuda:0', dtype=torch.bfloat16);tensor(-13.3125, device='cuda:0', dtype=torch.bfloat16);tensor(-3.4375, device='cuda:0', dtype=torch.bfloat16)",blimp
passive_2,Kenneth wasn't referenced.,Kenneth wasn't talked.,521,-6.6875,-6.71875,-40.0,-40.25,"tensor(-9.3750, device='cuda:0', dtype=torch.bfloat16);tensor(-0.2500, device='cuda:0', dtype=torch.bfloat16);tensor(-12.8750, device='cuda:0', dtype=torch.bfloat16);tensor(-0.5000, device='cuda:0', dtype=torch.bfloat16);tensor(-12.6250, device='cuda:0', dtype=torch.bfloat16);tensor(-4.5000, device='cuda:0', dtype=torch.bfloat16)","tensor(-9.3750, device='cuda:0', dtype=torch.bfloat16);tensor(-0.2500, device='cuda:0', dtype=torch.bfloat16);tensor(-12.8750, device='cuda:0', dtype=torch.bfloat16);tensor(-0.5000, device='cuda:0', dtype=torch.bfloat16);tensor(-10.7500, device='cuda:0', dtype=torch.bfloat16);tensor(-6.5625, device='cuda:0', dtype=torch.bfloat16)",blimp
passive_2,Paul was admired.,Paul was come here.,737,-8.0,-8.1875,-32.0,-41.0,"tensor(-8.3750, device='cuda:0', dtype=torch.bfloat16);tensor(-6.9375, device='cuda:0', dtype=torch.bfloat16);tensor(-10., device='cuda:0', dtype=torch.bfloat16);tensor(-6.7500, device='cuda:0', dtype=torch.bfloat16)","tensor(-8.3750, device='cuda:0', dtype=torch.bfloat16);tensor(-6.9375, device='cuda:0', dtype=torch.bfloat16);tensor(-13.2500, device='cuda:0', dtype=torch.bfloat16);tensor(-6.9375, device='cuda:0', dtype=torch.bfloat16);tensor(-5.3750, device='cuda:0', dtype=torch.bfloat16)",blimp
passive_2,Kimberley isn't left.,Kimberley isn't smiled.,740,-5.65625,-6.09375,-39.75,-42.75,"tensor(-9.1250, device='cuda:0', dtype=torch.bfloat16);tensor(-1.6250, device='cuda:0', dtype=torch.bfloat16);tensor(-1.1875, device='cuda:0', dtype=torch.bfloat16);tensor(-9.5000, device='cuda:0', dtype=torch.bfloat16);tensor(-0.7500, device='cuda:0', dtype=torch.bfloat16);tensor(-8.7500, device='cuda:0', dtype=torch.bfloat16);tensor(-8.7500, device='cuda:0', dtype=torch.bfloat16)","tensor(-9.1250, device='cuda:0', dtype=torch.bfloat16);tensor(-1.6250, device='cuda:0', dtype=torch.bfloat16);tensor(-1.1875, device='cuda:0', dtype=torch.bfloat16);tensor(-9.5000, device='cuda:0', dtype=torch.bfloat16);tensor(-0.7500, device='cuda:0', dtype=torch.bfloat16);tensor(-13.5625, device='cuda:0', dtype=torch.bfloat16);tensor(-7., device='cuda:0', dtype=torch.bfloat16)",blimp
passive_2,Dawn is remembered.,Dawn is laughed.,660,-6.5,-7.375,-32.5,-37.0,"tensor(-6.5625, device='cuda:0', dtype=torch.bfloat16);tensor(-5.6250, device='cuda:0', dtype=torch.bfloat16);tensor(-3.8125, device='cuda:0', dtype=torch.bfloat16);tensor(-8.8750, device='cuda:0', dtype=torch.bfloat16);tensor(-7.5625, device='cuda:0', dtype=torch.bfloat16)","tensor(-6.5625, device='cuda:0', dtype=torch.bfloat16);tensor(-5.6250, device='cuda:0', dtype=torch.bfloat16);tensor(-3.8125, device='cuda:0', dtype=torch.bfloat16);tensor(-14.2500, device='cuda:0', dtype=torch.bfloat16);tensor(-6.6250, device='cuda:0', dtype=torch.bfloat16)",blimp
passive_2,Vanessa's hairdressers aren't cared for.,Vanessa's hairdressers aren't competed.,411,-5.03125,-5.625,-55.25,-56.25,"tensor(-9., device='cuda:0', dtype=torch.bfloat16);tensor(-2.4375, device='cuda:0', dtype=torch.bfloat16);tensor(-4.8750, device='cuda:0', dtype=torch.bfloat16);tensor(-8.0625, device='cuda:0', dtype=torch.bfloat16);tensor(-4.7500, device='cuda:0', dtype=torch.bfloat16);tensor(-1.5000, device='cuda:0', dtype=torch.bfloat16);tensor(-8.3750, device='cuda:0', dtype=torch.bfloat16);tensor(0., device='cuda:0', dtype=torch.bfloat16);tensor(-12.6250, device='cuda:0', dtype=torch.bfloat16);tensor(-0.5000, device='cuda:0', dtype=torch.bfloat16);tensor(-3.1875, device='cuda:0', dtype=torch.bfloat16)","tensor(-9., device='cuda:0', dtype=torch.bfloat16);tensor(-2.4375, device='cuda:0', dtype=torch.bfloat16);tensor(-4.8750, device='cuda:0', dtype=torch.bfloat16);tensor(-8.0625, device='cuda:0', dtype=torch.bfloat16);tensor(-4.7500, device='cuda:0', dtype=torch.bfloat16);tensor(-1.5000, device='cuda:0', dtype=torch.bfloat16);tensor(-8.3750, device='cuda:0', dtype=torch.bfloat16);tensor(0., device='cuda:0', dtype=torch.bfloat16);tensor(-13.6875, device='cuda:0', dtype=torch.bfloat16);tensor(-3.5000, device='cuda:0', dtype=torch.bfloat16)",blimp
passive_2,These dancers weren't disagreed with.,These dancers weren't conferred.,678,-6.8125,-7.65625,-47.75,-46.0,"tensor(-7.0625, device='cuda:0', dtype=torch.bfloat16);tensor(-10.8750, device='cuda:0', dtype=torch.bfloat16);tensor(-7.9375, device='cuda:0', dtype=torch.bfloat16);tensor(-0.7500, device='cuda:0', dtype=torch.bfloat16);tensor(-16.5000, device='cuda:0', dtype=torch.bfloat16);tensor(-1.3750, device='cuda:0', dtype=torch.bfloat16);tensor(-3.2500, device='cuda:0', dtype=torch.bfloat16)","tensor(-7.0625, device='cuda:0', dtype=torch.bfloat16);tensor(-10.8750, device='cuda:0', dtype=torch.bfloat16);tensor(-7.9375, device='cuda:0', dtype=torch.bfloat16);tensor(-0.7500, device='cuda:0', dtype=torch.bfloat16);tensor(-12.7500, device='cuda:0', dtype=torch.bfloat16);tensor(-6.6250, device='cuda:0', dtype=torch.bfloat16)",blimp
passive_2,Russell's senators weren't worried.,Russell's senators weren't struggled.,626,-5.96875,-7.40625,-47.75,-59.25,"tensor(-9.7500, device='cuda:0', dtype=torch.bfloat16);tensor(-0.4375, device='cuda:0', dtype=torch.bfloat16);tensor(-4.3125, device='cuda:0', dtype=torch.bfloat16);tensor(-13.5000, device='cuda:0', dtype=torch.bfloat16);tensor(-8.2500, device='cuda:0', dtype=torch.bfloat16);tensor(0., device='cuda:0', dtype=torch.bfloat16);tensor(-6.8750, device='cuda:0', dtype=torch.bfloat16);tensor(-4.6250, device='cuda:0', dtype=torch.bfloat16)","tensor(-9.7500, device='cuda:0', dtype=torch.bfloat16);tensor(-0.4375, device='cuda:0', dtype=torch.bfloat16);tensor(-4.3125, device='cuda:0', dtype=torch.bfloat16);tensor(-13.5000, device='cuda:0', dtype=torch.bfloat16);tensor(-8.2500, device='cuda:0', dtype=torch.bfloat16);tensor(0., device='cuda:0', dtype=torch.bfloat16);tensor(-19.5000, device='cuda:0', dtype=torch.bfloat16);tensor(-3.5625, device='cuda:0', dtype=torch.bfloat16)",blimp
passive_2,Michelle's boyfriend wasn't confused.,Michelle's boyfriend wasn't joked around.,513,-6.625,-6.59375,-46.5,-52.75,"tensor(-9.9375, device='cuda:0', dtype=torch.bfloat16);tensor(-5.1875, device='cuda:0', dtype=torch.bfloat16);tensor(-9.4375, device='cuda:0', dtype=torch.bfloat16);tensor(-8.2500, device='cuda:0', dtype=torch.bfloat16);tensor(0., device='cuda:0', dtype=torch.bfloat16);tensor(-10.8750, device='cuda:0', dtype=torch.bfloat16);tensor(-2.7500, device='cuda:0', dtype=torch.bfloat16)","tensor(-9.9375, device='cuda:0', dtype=torch.bfloat16);tensor(-5.1875, device='cuda:0', dtype=torch.bfloat16);tensor(-9.4375, device='cuda:0', dtype=torch.bfloat16);tensor(-8.2500, device='cuda:0', dtype=torch.bfloat16);tensor(0., device='cuda:0', dtype=torch.bfloat16);tensor(-14.1875, device='cuda:0', dtype=torch.bfloat16);tensor(-3.1250, device='cuda:0', dtype=torch.bfloat16);tensor(-2.6250, device='cuda:0', dtype=torch.bfloat16)",blimp
passive_2,Bruce was shocked.,Bruce was smiled.,859,-6.5625,-9.5625,-26.25,-38.25,"tensor(-9.8750, device='cuda:0', dtype=torch.bfloat16);tensor(-6.6250, device='cuda:0', dtype=torch.bfloat16);tensor(-6.7500, device='cuda:0', dtype=torch.bfloat16);tensor(-3., device='cuda:0', dtype=torch.bfloat16)","tensor(-9.8750, device='cuda:0', dtype=torch.bfloat16);tensor(-6.6250, device='cuda:0', dtype=torch.bfloat16);tensor(-15.4375, device='cuda:0', dtype=torch.bfloat16);tensor(-6.3750, device='cuda:0', dtype=torch.bfloat16)",blimp
passive_2,Kayla isn't remembered.,Kayla isn't concurred.,136,-6.4375,-6.28125,-38.75,-44.0,"tensor(-10., device='cuda:0', dtype=torch.bfloat16);tensor(-2.1250, device='cuda:0', dtype=torch.bfloat16);tensor(-9.6250, device='cuda:0', dtype=torch.bfloat16);tensor(-0.6250, device='cuda:0', dtype=torch.bfloat16);tensor(-11.1250, device='cuda:0', dtype=torch.bfloat16);tensor(-5.1875, device='cuda:0', dtype=torch.bfloat16)","tensor(-10., device='cuda:0', dtype=torch.bfloat16);tensor(-2.1250, device='cuda:0', dtype=torch.bfloat16);tensor(-9.6250, device='cuda:0', dtype=torch.bfloat16);tensor(-0.6250, device='cuda:0', dtype=torch.bfloat16);tensor(-12.1250, device='cuda:0', dtype=torch.bfloat16);tensor(-6.1875, device='cuda:0', dtype=torch.bfloat16);tensor(-3.2500, device='cuda:0', dtype=torch.bfloat16)",blimp
principle_A_c_command,This lady who had fired Timothy attacks herself.,This lady who had fired Timothy attacks himself.,521,-7.78125,-7.8125,-70.0,-70.5,"tensor(-4.7500, device='cuda:0', dtype=torch.bfloat16);tensor(-9.7500, device='cuda:0', dtype=torch.bfloat16);tensor(-5.5000, device='cuda:0', dtype=torch.bfloat16);tensor(-3.8125, device='cuda:0', dtype=torch.bfloat16);tensor(-11.0625, device='cuda:0', dtype=torch.bfloat16);tensor(-11.5625, device='cuda:0', dtype=torch.bfloat16);tensor(-12.2500, device='cuda:0', dtype=torch.bfloat16);tensor(-7.6875, device='cuda:0', dtype=torch.bfloat16);tensor(-3.6250, device='cuda:0', dtype=torch.bfloat16)","tensor(-4.7500, device='cuda:0', dtype=torch.bfloat16);tensor(-9.7500, device='cuda:0', dtype=torch.bfloat16);tensor(-5.5000, device='cuda:0', dtype=torch.bfloat16);tensor(-3.8125, device='cuda:0', dtype=torch.bfloat16);tensor(-11.0625, device='cuda:0', dtype=torch.bfloat16);tensor(-11.5625, device='cuda:0', dtype=torch.bfloat16);tensor(-12.2500, device='cuda:0', dtype=torch.bfloat16);tensor(-8.3125, device='cuda:0', dtype=torch.bfloat16);tensor(-3.3125, device='cuda:0', dtype=torch.bfloat16)",blimp
principle_A_c_command,Some boy who does kiss Kirsten notices himself.,Some boy who does kiss Kirsten notices herself.,737,-8.0,-8.125,-80.0,-81.0,"tensor(-7.7500, device='cuda:0', dtype=torch.bfloat16);tensor(-10.1875, device='cuda:0', dtype=torch.bfloat16);tensor(-4.7500, device='cuda:0', dtype=torch.bfloat16);tensor(-5.1250, device='cuda:0', dtype=torch.bfloat16);tensor(-10.8125, device='cuda:0', dtype=torch.bfloat16);tensor(-12.9375, device='cuda:0', dtype=torch.bfloat16);tensor(-0.6250, device='cuda:0', dtype=torch.bfloat16);tensor(-14.5625, device='cuda:0', dtype=torch.bfloat16);tensor(-8.3750, device='cuda:0', dtype=torch.bfloat16);tensor(-4.9375, device='cuda:0', dtype=torch.bfloat16)","tensor(-7.7500, device='cuda:0', dtype=torch.bfloat16);tensor(-10.1875, device='cuda:0', dtype=torch.bfloat16);tensor(-4.7500, device='cuda:0', dtype=torch.bfloat16);tensor(-5.1250, device='cuda:0', dtype=torch.bfloat16);tensor(-10.8125, device='cuda:0', dtype=torch.bfloat16);tensor(-12.9375, device='cuda:0', dtype=torch.bfloat16);tensor(-0.6250, device='cuda:0', dtype=torch.bfloat16);tensor(-14.5625, device='cuda:0', dtype=torch.bfloat16);tensor(-9.9375, device='cuda:0', dtype=torch.bfloat16);tensor(-4.4375, device='cuda:0', dtype=torch.bfloat16)",blimp
principle_A_c_command,Those legislatures that did describe David had disliked themselves.,Those legislatures that did describe David had disliked himself.,740,-7.03125,-7.125,-77.0,-78.0,"tensor(-8.6875, device='cuda:0', dtype=torch.bfloat16);tensor(-13.5625, device='cuda:0', dtype=torch.bfloat16);tensor(-0.3750, device='cuda:0', dtype=torch.bfloat16);tensor(-1.9375, device='cuda:0', dtype=torch.bfloat16);tensor(-4.1875, device='cuda:0', dtype=torch.bfloat16);tensor(-9.3750, device='cuda:0', dtype=torch.bfloat16);tensor(-11.4375, device='cuda:0', dtype=torch.bfloat16);tensor(-6.3750, device='cuda:0', dtype=torch.bfloat16);tensor(-11.8125, device='cuda:0', dtype=torch.bfloat16);tensor(-5.2500, device='cuda:0', dtype=torch.bfloat16);tensor(-4.2500, device='cuda:0', dtype=torch.bfloat16)","tensor(-8.6875, device='cuda:0', dtype=torch.bfloat16);tensor(-13.5625, device='cuda:0', dtype=torch.bfloat16);tensor(-0.3750, device='cuda:0', dtype=torch.bfloat16);tensor(-1.9375, device='cuda:0', dtype=torch.bfloat16);tensor(-4.1875, device='cuda:0', dtype=torch.bfloat16);tensor(-9.3750, device='cuda:0', dtype=torch.bfloat16);tensor(-11.4375, device='cuda:0', dtype=torch.bfloat16);tensor(-6.3750, device='cuda:0', dtype=torch.bfloat16);tensor(-11.8125, device='cuda:0', dtype=torch.bfloat16);tensor(-7.0625, device='cuda:0', dtype=torch.bfloat16);tensor(-3.4375, device='cuda:0', dtype=torch.bfloat16)",blimp
principle_A_c_command,These pedestrians that could clean that dish have investigated themselves.,These pedestrians that could clean that dish have investigated itself.,660,-7.875,-8.1875,-86.5,-90.0,"tensor(-7.0625, device='cuda:0', dtype=torch.bfloat16);tensor(-13.1250, device='cuda:0', dtype=torch.bfloat16);tensor(-7.5000, device='cuda:0', dtype=torch.bfloat16);tensor(-6.3125, device='cuda:0', dtype=torch.bfloat16);tensor(-11.3125, device='cuda:0', dtype=torch.bfloat16);tensor(-7.9375, device='cuda:0', dtype=torch.bfloat16);tensor(-8.8750, device='cuda:0', dtype=torch.bfloat16);tensor(-5.5000, device='cuda:0', dtype=torch.bfloat16);tensor(-10.8750, device='cuda:0', dtype=torch.bfloat16);tensor(-4.9062, device='cuda:0', dtype=torch.bfloat16);tensor(-3.1250, device='cuda:0', dtype=torch.bfloat16)","tensor(-7.0625, device='cuda:0', dtype=torch.bfloat16);tensor(-13.1250, device='cuda:0', dtype=torch.bfloat16);tensor(-7.5000, device='cuda:0', dtype=torch.bfloat16);tensor(-6.3125, device='cuda:0', dtype=torch.bfloat16);tensor(-11.3125, device='cuda:0', dtype=torch.bfloat16);tensor(-7.9375, device='cuda:0', dtype=torch.bfloat16);tensor(-8.8750, device='cuda:0', dtype=torch.bfloat16);tensor(-5.5000, device='cuda:0', dtype=torch.bfloat16);tensor(-10.8750, device='cuda:0', dtype=torch.bfloat16);tensor(-8.1250, device='cuda:0', dtype=torch.bfloat16);tensor(-3.1250, device='cuda:0', dtype=torch.bfloat16)",blimp
principle_A_c_command,Children who will drop by this mountain liked themselves.,Children who will drop by this mountain liked itself.,411,-7.15625,-7.3125,-71.5,-73.0,"tensor(-9., device='cuda:0', dtype=torch.bfloat16);tensor(-4.2500, device='cuda:0', dtype=torch.bfloat16);tensor(-5.8125, device='cuda:0', dtype=torch.bfloat16);tensor(-9.3750, device='cuda:0', dtype=torch.bfloat16);tensor(-4.8750, device='cuda:0', dtype=torch.bfloat16);tensor(-4.0625, device='cuda:0', dtype=torch.bfloat16);tensor(-8.9375, device='cuda:0', dtype=torch.bfloat16);tensor(-12.5000, device='cuda:0', dtype=torch.bfloat16);tensor(-9.0625, device='cuda:0', dtype=torch.bfloat16);tensor(-3.6875, device='cuda:0', dtype=torch.bfloat16)","tensor(-9., device='cuda:0', dtype=torch.bfloat16);tensor(-4.2500, device='cuda:0', dtype=torch.bfloat16);tensor(-5.8125, device='cuda:0', dtype=torch.bfloat16);tensor(-9.3750, device='cuda:0', dtype=torch.bfloat16);tensor(-4.8750, device='cuda:0', dtype=torch.bfloat16);tensor(-4.0625, device='cuda:0', dtype=torch.bfloat16);tensor(-8.9375, device='cuda:0', dtype=torch.bfloat16);tensor(-12.5000, device='cuda:0', dtype=torch.bfloat16);tensor(-10.8125, device='cuda:0', dtype=torch.bfloat16);tensor(-3.3750, device='cuda:0', dtype=torch.bfloat16)",blimp
principle_A_c_command,A hill that shouldn't upset Natalie shouldn't annoy itself.,A hill that shouldn't upset Natalie shouldn't annoy herself.,678,-6.875,-6.78125,-82.5,-81.5,"tensor(-5.5625, device='cuda:0', dtype=torch.bfloat16);tensor(-10.5625, device='cuda:0', dtype=torch.bfloat16);tensor(-4.5000, device='cuda:0', dtype=torch.bfloat16);tensor(-9.3750, device='cuda:0', dtype=torch.bfloat16);tensor(-0.5000, device='cuda:0', dtype=torch.bfloat16);tensor(-9.8750, device='cuda:0', dtype=torch.bfloat16);tensor(-13.1875, device='cuda:0', dtype=torch.bfloat16);tensor(-12.2500, device='cuda:0', dtype=torch.bfloat16);tensor(0., device='cuda:0', dtype=torch.bfloat16);tensor(-6.0625, device='cuda:0', dtype=torch.bfloat16);tensor(-9.3750, device='cuda:0', dtype=torch.bfloat16);tensor(-1.1250, device='cuda:0', dtype=torch.bfloat16)","tensor(-5.5625, device='cuda:0', dtype=torch.bfloat16);tensor(-10.5625, device='cuda:0', dtype=torch.bfloat16);tensor(-4.5000, device='cuda:0', dtype=torch.bfloat16);tensor(-9.3750, device='cuda:0', dtype=torch.bfloat16);tensor(-0.5000, device='cuda:0', dtype=torch.bfloat16);tensor(-9.8750, device='cuda:0', dtype=torch.bfloat16);tensor(-13.1875, device='cuda:0', dtype=torch.bfloat16);tensor(-12.2500, device='cuda:0', dtype=torch.bfloat16);tensor(0., device='cuda:0', dtype=torch.bfloat16);tensor(-6.0625, device='cuda:0', dtype=torch.bfloat16);tensor(-8.1250, device='cuda:0', dtype=torch.bfloat16);tensor(-1.5000, device='cuda:0', dtype=torch.bfloat16)",blimp
principle_A_c_command,A jacket that had shocked Becky disturbs itself.,A jacket that had shocked Becky disturbs herself.,626,-8.0,-7.96875,-80.0,-80.0,"tensor(-5.5625, device='cuda:0', dtype=torch.bfloat16);tensor(-11.5000, device='cuda:0', dtype=torch.bfloat16);tensor(-2.5000, device='cuda:0', dtype=torch.bfloat16);tensor(-8.0625, device='cuda:0', dtype=torch.bfloat16);tensor(-10.5000, device='cuda:0', dtype=torch.bfloat16);tensor(-13.6250, device='cuda:0', dtype=torch.bfloat16);tensor(-17.5000, device='cuda:0', dtype=torch.bfloat16);tensor(-0.2500, device='cuda:0', dtype=torch.bfloat16);tensor(-8.6250, device='cuda:0', dtype=torch.bfloat16);tensor(-2.1250, device='cuda:0', dtype=torch.bfloat16)","tensor(-5.5625, device='cuda:0', dtype=torch.bfloat16);tensor(-11.5000, device='cuda:0', dtype=torch.bfloat16);tensor(-2.5000, device='cuda:0', dtype=torch.bfloat16);tensor(-8.0625, device='cuda:0', dtype=torch.bfloat16);tensor(-10.5000, device='cuda:0', dtype=torch.bfloat16);tensor(-13.6250, device='cuda:0', dtype=torch.bfloat16);tensor(-17.5000, device='cuda:0', dtype=torch.bfloat16);tensor(-0.2500, device='cuda:0', dtype=torch.bfloat16);tensor(-8.1250, device='cuda:0', dtype=torch.bfloat16);tensor(-2.1250, device='cuda:0', dtype=torch.bfloat16)",blimp
principle_A_c_command,All sketches that have scared Sharon aren't disturbing themselves.,All sketches that have scared Sharon aren't disturbing herself.,513,-6.9375,-7.21875,-76.5,-79.5,"tensor(-6.9375, device='cuda:0', dtype=torch.bfloat16);tensor(-11.4375, device='cuda:0', dtype=torch.bfloat16);tensor(-6., device='cuda:0', dtype=torch.bfloat16);tensor(-2.6250, device='cuda:0', dtype=torch.bfloat16);tensor(-12.8125, device='cuda:0', dtype=torch.bfloat16);tensor(-11.1875, device='cuda:0', dtype=torch.bfloat16);tensor(-8.1875, device='cuda:0', dtype=torch.bfloat16);tensor(-0.3750, device='cuda:0', dtype=torch.bfloat16);tensor(-9.5000, device='cuda:0', dtype=torch.bfloat16);tensor(-5.9375, device='cuda:0', dtype=torch.bfloat16);tensor(-1.3125, device='cuda:0', dtype=torch.bfloat16)","tensor(-6.9375, device='cuda:0', dtype=torch.bfloat16);tensor(-11.4375, device='cuda:0', dtype=torch.bfloat16);tensor(-6., device='cuda:0', dtype=torch.bfloat16);tensor(-2.6250, device='cuda:0', dtype=torch.bfloat16);tensor(-12.8125, device='cuda:0', dtype=torch.bfloat16);tensor(-11.1875, device='cuda:0', dtype=torch.bfloat16);tensor(-8.1875, device='cuda:0', dtype=torch.bfloat16);tensor(-0.3750, device='cuda:0', dtype=torch.bfloat16);tensor(-9.5000, device='cuda:0', dtype=torch.bfloat16);tensor(-8.6250, device='cuda:0', dtype=torch.bfloat16);tensor(-1.8750, device='cuda:0', dtype=torch.bfloat16)",blimp
principle_A_c_command,All customers who loved this book shouldn't dislike themselves.,All customers who loved this book shouldn't dislike itself.,859,-6.03125,-6.0,-66.0,-66.0,"tensor(-6.9375, device='cuda:0', dtype=torch.bfloat16);tensor(-7.1875, device='cuda:0', dtype=torch.bfloat16);tensor(-2.1250, device='cuda:0', dtype=torch.bfloat16);tensor(-9.8750, device='cuda:0', dtype=torch.bfloat16);tensor(-3.6875, device='cuda:0', dtype=torch.bfloat16);tensor(-3.6250, device='cuda:0', dtype=torch.bfloat16);tensor(-11.3750, device='cuda:0', dtype=torch.bfloat16);tensor(-0.6250, device='cuda:0', dtype=torch.bfloat16);tensor(-9.4375, device='cuda:0', dtype=torch.bfloat16);tensor(-9.3750, device='cuda:0', dtype=torch.bfloat16);tensor(-1.9375, device='cuda:0', dtype=torch.bfloat16)","tensor(-6.9375, device='cuda:0', dtype=torch.bfloat16);tensor(-7.1875, device='cuda:0', dtype=torch.bfloat16);tensor(-2.1250, device='cuda:0', dtype=torch.bfloat16);tensor(-9.8750, device='cuda:0', dtype=torch.bfloat16);tensor(-3.6875, device='cuda:0', dtype=torch.bfloat16);tensor(-3.6250, device='cuda:0', dtype=torch.bfloat16);tensor(-11.3750, device='cuda:0', dtype=torch.bfloat16);tensor(-0.6250, device='cuda:0', dtype=torch.bfloat16);tensor(-9.4375, device='cuda:0', dtype=torch.bfloat16);tensor(-9.3125, device='cuda:0', dtype=torch.bfloat16);tensor(-1.8750, device='cuda:0', dtype=torch.bfloat16)",blimp
principle_A_c_command,Many actresses that can find an apple won't astound themselves.,Many actresses that can find an apple won't astound itself.,136,-6.28125,-6.53125,-82.0,-85.0,"tensor(-7.5000, device='cuda:0', dtype=torch.bfloat16);tensor(-10.7500, device='cuda:0', dtype=torch.bfloat16);tensor(-6.1250, device='cuda:0', dtype=torch.bfloat16);tensor(-5.8125, device='cuda:0', dtype=torch.bfloat16);tensor(-7.1875, device='cuda:0', dtype=torch.bfloat16);tensor(-4.9375, device='cuda:0', dtype=torch.bfloat16);tensor(-9.2500, device='cuda:0', dtype=torch.bfloat16);tensor(-7.9062, device='cuda:0', dtype=torch.bfloat16);tensor(-1.1875, device='cuda:0', dtype=torch.bfloat16);tensor(-12.0625, device='cuda:0', dtype=torch.bfloat16);tensor(-0.6250, device='cuda:0', dtype=torch.bfloat16);tensor(-5.5625, device='cuda:0', dtype=torch.bfloat16);tensor(-2.8750, device='cuda:0', dtype=torch.bfloat16)","tensor(-7.5000, device='cuda:0', dtype=torch.bfloat16);tensor(-10.7500, device='cuda:0', dtype=torch.bfloat16);tensor(-6.1250, device='cuda:0', dtype=torch.bfloat16);tensor(-5.8125, device='cuda:0', dtype=torch.bfloat16);tensor(-7.1875, device='cuda:0', dtype=torch.bfloat16);tensor(-4.9375, device='cuda:0', dtype=torch.bfloat16);tensor(-9.2500, device='cuda:0', dtype=torch.bfloat16);tensor(-7.9062, device='cuda:0', dtype=torch.bfloat16);tensor(-1.1875, device='cuda:0', dtype=torch.bfloat16);tensor(-12.0625, device='cuda:0', dtype=torch.bfloat16);tensor(-0.6250, device='cuda:0', dtype=torch.bfloat16);tensor(-9.3125, device='cuda:0', dtype=torch.bfloat16);tensor(-2.2500, device='cuda:0', dtype=torch.bfloat16)",blimp
principle_A_case_1,Beverly imagines that she should escape from these adults.,Beverly imagines that herself should escape from these adults.,521,-5.0625,-5.75,-65.5,-75.0,"tensor(-6.1875, device='cuda:0', dtype=torch.bfloat16);tensor(-5.7500, device='cuda:0', dtype=torch.bfloat16);tensor(-0.5000, device='cuda:0', dtype=torch.bfloat16);tensor(-15.6250, device='cuda:0', dtype=torch.bfloat16);tensor(0., device='cuda:0', dtype=torch.bfloat16);tensor(-2.7500, device='cuda:0', dtype=torch.bfloat16);tensor(-1.4375, device='cuda:0', dtype=torch.bfloat16);tensor(-7., device='cuda:0', dtype=torch.bfloat16);tensor(-7.8438, device='cuda:0', dtype=torch.bfloat16);tensor(-1.2500, device='cuda:0', dtype=torch.bfloat16);tensor(-4.8750, device='cuda:0', dtype=torch.bfloat16);tensor(-8.5625, device='cuda:0', dtype=torch.bfloat16);tensor(-3.8750, device='cuda:0', dtype=torch.bfloat16)","tensor(-6.1875, device='cuda:0', dtype=torch.bfloat16);tensor(-5.7500, device='cuda:0', dtype=torch.bfloat16);tensor(-0.5000, device='cuda:0', dtype=torch.bfloat16);tensor(-15.6250, device='cuda:0', dtype=torch.bfloat16);tensor(0., device='cuda:0', dtype=torch.bfloat16);tensor(-2.7500, device='cuda:0', dtype=torch.bfloat16);tensor(-6.1875, device='cuda:0', dtype=torch.bfloat16);tensor(-10., device='cuda:0', dtype=torch.bfloat16);tensor(-6.7188, device='cuda:0', dtype=torch.bfloat16);tensor(-1.5000, device='cuda:0', dtype=torch.bfloat16);tensor(-4.6250, device='cuda:0', dtype=torch.bfloat16);tensor(-10.7500, device='cuda:0', dtype=torch.bfloat16);tensor(-4.1875, device='cuda:0', dtype=torch.bfloat16)",blimp
principle_A_case_1,Allison explains that she could discuss Jacqueline.,Allison explains that herself could discuss Jacqueline.,737,-6.9375,-8.125,-62.5,-73.0,"tensor(-6.9375, device='cuda:0', dtype=torch.bfloat16);tensor(-5.2500, device='cuda:0', dtype=torch.bfloat16);tensor(-11., device='cuda:0', dtype=torch.bfloat16);tensor(-2.8125, device='cuda:0', dtype=torch.bfloat16);tensor(-2.5625, device='cuda:0', dtype=torch.bfloat16);tensor(-6.4375, device='cuda:0', dtype=torch.bfloat16);tensor(-8.7500, device='cuda:0', dtype=torch.bfloat16);tensor(-12.5000, device='cuda:0', dtype=torch.bfloat16);tensor(-6.1250, device='cuda:0', dtype=torch.bfloat16)","tensor(-6.9375, device='cuda:0', dtype=torch.bfloat16);tensor(-5.2500, device='cuda:0', dtype=torch.bfloat16);tensor(-11., device='cuda:0', dtype=torch.bfloat16);tensor(-2.8125, device='cuda:0', dtype=torch.bfloat16);tensor(-11.7500, device='cuda:0', dtype=torch.bfloat16);tensor(-8.6250, device='cuda:0', dtype=torch.bfloat16);tensor(-9.1250, device='cuda:0', dtype=torch.bfloat16);tensor(-13.1250, device='cuda:0', dtype=torch.bfloat16);tensor(-4.2500, device='cuda:0', dtype=torch.bfloat16)",blimp
principle_A_case_1,Most guests imagine that they couldn't kiss Chad.,Most guests imagine that themselves couldn't kiss Chad.,740,-6.875,-8.125,-68.5,-81.5,"tensor(-7.6250, device='cuda:0', dtype=torch.bfloat16);tensor(-8.6250, device='cuda:0', dtype=torch.bfloat16);tensor(-9.3750, device='cuda:0', dtype=torch.bfloat16);tensor(-1.6250, device='cuda:0', dtype=torch.bfloat16);tensor(-2.8125, device='cuda:0', dtype=torch.bfloat16);tensor(-7.3125, device='cuda:0', dtype=torch.bfloat16);tensor(-1.3750, device='cuda:0', dtype=torch.bfloat16);tensor(-10.8125, device='cuda:0', dtype=torch.bfloat16);tensor(-12.5625, device='cuda:0', dtype=torch.bfloat16);tensor(-6.5000, device='cuda:0', dtype=torch.bfloat16)","tensor(-7.6250, device='cuda:0', dtype=torch.bfloat16);tensor(-8.6250, device='cuda:0', dtype=torch.bfloat16);tensor(-9.3750, device='cuda:0', dtype=torch.bfloat16);tensor(-1.6250, device='cuda:0', dtype=torch.bfloat16);tensor(-10., device='cuda:0', dtype=torch.bfloat16);tensor(-10.3750, device='cuda:0', dtype=torch.bfloat16);tensor(-0.8750, device='cuda:0', dtype=torch.bfloat16);tensor(-12.0625, device='cuda:0', dtype=torch.bfloat16);tensor(-15., device='cuda:0', dtype=torch.bfloat16);tensor(-5.7500, device='cuda:0', dtype=torch.bfloat16)",blimp
principle_A_case_1,Angela had said that she hadn't healed Sabrina.,Angela had said that herself hadn't healed Sabrina.,660,-5.28125,-6.09375,-63.25,-73.0,"tensor(-9.0625, device='cuda:0', dtype=torch.bfloat16);tensor(-1.9375, device='cuda:0', dtype=torch.bfloat16);tensor(-7.7500, device='cuda:0', dtype=torch.bfloat16);tensor(-7.8438, device='cuda:0', dtype=torch.bfloat16);tensor(-1.6875, device='cuda:0', dtype=torch.bfloat16);tensor(-1.5000, device='cuda:0', dtype=torch.bfloat16);tensor(-7., device='cuda:0', dtype=torch.bfloat16);tensor(-0.5000, device='cuda:0', dtype=torch.bfloat16);tensor(-11., device='cuda:0', dtype=torch.bfloat16);tensor(-10.5000, device='cuda:0', dtype=torch.bfloat16);tensor(-1.2500, device='cuda:0', dtype=torch.bfloat16);tensor(-3.1875, device='cuda:0', dtype=torch.bfloat16)","tensor(-9.0625, device='cuda:0', dtype=torch.bfloat16);tensor(-1.9375, device='cuda:0', dtype=torch.bfloat16);tensor(-7.7500, device='cuda:0', dtype=torch.bfloat16);tensor(-7.8438, device='cuda:0', dtype=torch.bfloat16);tensor(-1.6875, device='cuda:0', dtype=torch.bfloat16);tensor(-10.5625, device='cuda:0', dtype=torch.bfloat16);tensor(-8.3125, device='cuda:0', dtype=torch.bfloat16);tensor(-0.6250, device='cuda:0', dtype=torch.bfloat16);tensor(-9.6875, device='cuda:0', dtype=torch.bfloat16);tensor(-11.2500, device='cuda:0', dtype=torch.bfloat16);tensor(-1.3125, device='cuda:0', dtype=torch.bfloat16);tensor(-3.1875, device='cuda:0', dtype=torch.bfloat16)",blimp
principle_A_case_1,Frank wasn't saying that he talked to Tara.,Frank wasn't saying that himself talked to Tara.,411,-5.53125,-6.71875,-55.5,-67.0,"tensor(-8.8750, device='cuda:0', dtype=torch.bfloat16);tensor(-11.4375, device='cuda:0', dtype=torch.bfloat16);tensor(-0.5000, device='cuda:0', dtype=torch.bfloat16);tensor(-7.6250, device='cuda:0', dtype=torch.bfloat16);tensor(-1.4375, device='cuda:0', dtype=torch.bfloat16);tensor(-2.2500, device='cuda:0', dtype=torch.bfloat16);tensor(-9.0625, device='cuda:0', dtype=torch.bfloat16);tensor(-0.8125, device='cuda:0', dtype=torch.bfloat16);tensor(-9.6875, device='cuda:0', dtype=torch.bfloat16);tensor(-3.7500, device='cuda:0', dtype=torch.bfloat16)","tensor(-8.8750, device='cuda:0', dtype=torch.bfloat16);tensor(-11.4375, device='cuda:0', dtype=torch.bfloat16);tensor(-0.5000, device='cuda:0', dtype=torch.bfloat16);tensor(-7.6250, device='cuda:0', dtype=torch.bfloat16);tensor(-1.4375, device='cuda:0', dtype=torch.bfloat16);tensor(-7.9688, device='cuda:0', dtype=torch.bfloat16);tensor(-14., device='cuda:0', dtype=torch.bfloat16);tensor(-2.1250, device='cuda:0', dtype=torch.bfloat16);tensor(-9.5625, device='cuda:0', dtype=torch.bfloat16);tensor(-3.5625, device='cuda:0', dtype=torch.bfloat16)",blimp
principle_A_case_1,Carla shouldn't say that she had approached all children.,Carla shouldn't say that herself had approached all children.,678,-6.09375,-6.6875,-73.0,-80.5,"tensor(-7.8125, device='cuda:0', dtype=torch.bfloat16);tensor(-4.4375, device='cuda:0', dtype=torch.bfloat16);tensor(-15.5625, device='cuda:0', dtype=torch.bfloat16);tensor(-0.3750, device='cuda:0', dtype=torch.bfloat16);tensor(-6.9375, device='cuda:0', dtype=torch.bfloat16);tensor(-1.3750, device='cuda:0', dtype=torch.bfloat16);tensor(-3.5000, device='cuda:0', dtype=torch.bfloat16);tensor(-5.3125, device='cuda:0', dtype=torch.bfloat16);tensor(-10.8750, device='cuda:0', dtype=torch.bfloat16);tensor(-4.5625, device='cuda:0', dtype=torch.bfloat16);tensor(-8., device='cuda:0', dtype=torch.bfloat16);tensor(-4.4375, device='cuda:0', dtype=torch.bfloat16)","tensor(-7.8125, device='cuda:0', dtype=torch.bfloat16);tensor(-4.4375, device='cuda:0', dtype=torch.bfloat16);tensor(-15.5625, device='cuda:0', dtype=torch.bfloat16);tensor(-0.3750, device='cuda:0', dtype=torch.bfloat16);tensor(-6.9375, device='cuda:0', dtype=torch.bfloat16);tensor(-1.3750, device='cuda:0', dtype=torch.bfloat16);tensor(-9.5000, device='cuda:0', dtype=torch.bfloat16);tensor(-7.8750, device='cuda:0', dtype=torch.bfloat16);tensor(-9.3750, device='cuda:0', dtype=torch.bfloat16);tensor(-5.9688, device='cuda:0', dtype=torch.bfloat16);tensor(-7.7500, device='cuda:0', dtype=torch.bfloat16);tensor(-3.3125, device='cuda:0', dtype=torch.bfloat16)",blimp
principle_A_case_1,Curtis was explaining that he was listening to Kenneth.,Curtis was explaining that himself was listening to Kenneth.,626,-5.09375,-6.125,-61.0,-73.5,"tensor(-6.5625, device='cuda:0', dtype=torch.bfloat16);tensor(-6.1250, device='cuda:0', dtype=torch.bfloat16);tensor(-0.6875, device='cuda:0', dtype=torch.bfloat16);tensor(-6.4375, device='cuda:0', dtype=torch.bfloat16);tensor(-10.1250, device='cuda:0', dtype=torch.bfloat16);tensor(-2.8750, device='cuda:0', dtype=torch.bfloat16);tensor(-1.8750, device='cuda:0', dtype=torch.bfloat16);tensor(-2.1875, device='cuda:0', dtype=torch.bfloat16);tensor(-8.2500, device='cuda:0', dtype=torch.bfloat16);tensor(-0.1250, device='cuda:0', dtype=torch.bfloat16);tensor(-10.2500, device='cuda:0', dtype=torch.bfloat16);tensor(-5.5000, device='cuda:0', dtype=torch.bfloat16)","tensor(-6.5625, device='cuda:0', dtype=torch.bfloat16);tensor(-6.1250, device='cuda:0', dtype=torch.bfloat16);tensor(-0.6875, device='cuda:0', dtype=torch.bfloat16);tensor(-6.4375, device='cuda:0', dtype=torch.bfloat16);tensor(-10.1250, device='cuda:0', dtype=torch.bfloat16);tensor(-2.8750, device='cuda:0', dtype=torch.bfloat16);tensor(-11., device='cuda:0', dtype=torch.bfloat16);tensor(-4.5625, device='cuda:0', dtype=torch.bfloat16);tensor(-9.1875, device='cuda:0', dtype=torch.bfloat16);tensor(-0.5000, device='cuda:0', dtype=torch.bfloat16);tensor(-10.5000, device='cuda:0', dtype=torch.bfloat16);tensor(-5.1250, device='cuda:0', dtype=torch.bfloat16)",blimp
principle_A_case_1,Lisa won't say that she scanned every newspaper article.,Lisa won't say that herself scanned every newspaper article.,513,-5.6875,-7.0625,-62.5,-78.0,"tensor(-9.3750, device='cuda:0', dtype=torch.bfloat16);tensor(-10., device='cuda:0', dtype=torch.bfloat16);tensor(-2.6875, device='cuda:0', dtype=torch.bfloat16);tensor(-4.3750, device='cuda:0', dtype=torch.bfloat16);tensor(-4., device='cuda:0', dtype=torch.bfloat16);tensor(-1.3750, device='cuda:0', dtype=torch.bfloat16);tensor(-12.4375, device='cuda:0', dtype=torch.bfloat16);tensor(-4.1875, device='cuda:0', dtype=torch.bfloat16);tensor(-4.4375, device='cuda:0', dtype=torch.bfloat16);tensor(-3.1250, device='cuda:0', dtype=torch.bfloat16);tensor(-6.5625, device='cuda:0', dtype=torch.bfloat16)","tensor(-9.3750, device='cuda:0', dtype=torch.bfloat16);tensor(-10., device='cuda:0', dtype=torch.bfloat16);tensor(-2.6875, device='cuda:0', dtype=torch.bfloat16);tensor(-4.3750, device='cuda:0', dtype=torch.bfloat16);tensor(-4., device='cuda:0', dtype=torch.bfloat16);tensor(-8.8125, device='cuda:0', dtype=torch.bfloat16);tensor(-17.7500, device='cuda:0', dtype=torch.bfloat16);tensor(-7.3750, device='cuda:0', dtype=torch.bfloat16);tensor(-5.8750, device='cuda:0', dtype=torch.bfloat16);tensor(-3.0625, device='cuda:0', dtype=torch.bfloat16);tensor(-4.5000, device='cuda:0', dtype=torch.bfloat16)",blimp
principle_A_case_1,Karla isn't thinking that she won't cure a lot of customers.,Karla isn't thinking that herself won't cure a lot of customers.,859,-5.0,-5.65625,-75.0,-85.0,"tensor(-9.5000, device='cuda:0', dtype=torch.bfloat16);tensor(-3.8125, device='cuda:0', dtype=torch.bfloat16);tensor(-10.5000, device='cuda:0', dtype=torch.bfloat16);tensor(-0.6250, device='cuda:0', dtype=torch.bfloat16);tensor(-7.1250, device='cuda:0', dtype=torch.bfloat16);tensor(-4.5000, device='cuda:0', dtype=torch.bfloat16);tensor(-3.7500, device='cuda:0', dtype=torch.bfloat16);tensor(-5.2500, device='cuda:0', dtype=torch.bfloat16);tensor(-0.6250, device='cuda:0', dtype=torch.bfloat16);tensor(-9.8125, device='cuda:0', dtype=torch.bfloat16);tensor(-4.2500, device='cuda:0', dtype=torch.bfloat16);tensor(-6., device='cuda:0', dtype=torch.bfloat16);tensor(-0.2500, device='cuda:0', dtype=torch.bfloat16);tensor(-6.2500, device='cuda:0', dtype=torch.bfloat16);tensor(-2.8125, device='cuda:0', dtype=torch.bfloat16)","tensor(-9.5000, device='cuda:0', dtype=torch.bfloat16);tensor(-3.8125, device='cuda:0', dtype=torch.bfloat16);tensor(-10.5000, device='cuda:0', dtype=torch.bfloat16);tensor(-0.6250, device='cuda:0', dtype=torch.bfloat16);tensor(-7.1250, device='cuda:0', dtype=torch.bfloat16);tensor(-4.5000, device='cuda:0', dtype=torch.bfloat16);tensor(-7.8750, device='cuda:0', dtype=torch.bfloat16);tensor(-13.0625, device='cuda:0', dtype=torch.bfloat16);tensor(-0.3750, device='cuda:0', dtype=torch.bfloat16);tensor(-9.3750, device='cuda:0', dtype=torch.bfloat16);tensor(-3.6250, device='cuda:0', dtype=torch.bfloat16);tensor(-5.3750, device='cuda:0', dtype=torch.bfloat16);tensor(-0.1875, device='cuda:0', dtype=torch.bfloat16);tensor(-6.7812, device='cuda:0', dtype=torch.bfloat16);tensor(-2.3125, device='cuda:0', dtype=torch.bfloat16)",blimp
principle_A_case_1,Diana explains that she breaks this cart.,Diana explains that herself breaks this cart.,136,-6.71875,-7.96875,-60.5,-72.0,"tensor(-6.5625, device='cuda:0', dtype=torch.bfloat16);tensor(-5.4375, device='cuda:0', dtype=torch.bfloat16);tensor(-9.2500, device='cuda:0', dtype=torch.bfloat16);tensor(-2.8750, device='cuda:0', dtype=torch.bfloat16);tensor(-1.8750, device='cuda:0', dtype=torch.bfloat16);tensor(-10.0625, device='cuda:0', dtype=torch.bfloat16);tensor(-4.5000, device='cuda:0', dtype=torch.bfloat16);tensor(-11.7500, device='cuda:0', dtype=torch.bfloat16);tensor(-8.1875, device='cuda:0', dtype=torch.bfloat16)","tensor(-6.5625, device='cuda:0', dtype=torch.bfloat16);tensor(-5.4375, device='cuda:0', dtype=torch.bfloat16);tensor(-9.2500, device='cuda:0', dtype=torch.bfloat16);tensor(-2.8750, device='cuda:0', dtype=torch.bfloat16);tensor(-11.2500, device='cuda:0', dtype=torch.bfloat16);tensor(-13.1250, device='cuda:0', dtype=torch.bfloat16);tensor(-4.9688, device='cuda:0', dtype=torch.bfloat16);tensor(-11.7500, device='cuda:0', dtype=torch.bfloat16);tensor(-6.5625, device='cuda:0', dtype=torch.bfloat16)",blimp
principle_A_case_2,The girls think about themselves dropping by a grocery store.,The girls think about themselves drop by a grocery store.,521,-5.65625,-5.875,-62.0,-65.0,"tensor(-3.5625, device='cuda:0', dtype=torch.bfloat16);tensor(-9.3125, device='cuda:0', dtype=torch.bfloat16);tensor(-8.7500, device='cuda:0', dtype=torch.bfloat16);tensor(-5., device='cuda:0', dtype=torch.bfloat16);tensor(-4.9375, device='cuda:0', dtype=torch.bfloat16);tensor(-13.0625, device='cuda:0', dtype=torch.bfloat16);tensor(-4.1250, device='cuda:0', dtype=torch.bfloat16);tensor(-3.1875, device='cuda:0', dtype=torch.bfloat16);tensor(-5.4375, device='cuda:0', dtype=torch.bfloat16);tensor(-0.5000, device='cuda:0', dtype=torch.bfloat16);tensor(-4.1875, device='cuda:0', dtype=torch.bfloat16)","tensor(-3.5625, device='cuda:0', dtype=torch.bfloat16);tensor(-9.3125, device='cuda:0', dtype=torch.bfloat16);tensor(-8.7500, device='cuda:0', dtype=torch.bfloat16);tensor(-5., device='cuda:0', dtype=torch.bfloat16);tensor(-4.9375, device='cuda:0', dtype=torch.bfloat16);tensor(-14.1250, device='cuda:0', dtype=torch.bfloat16);tensor(-2.6250, device='cuda:0', dtype=torch.bfloat16);tensor(-4.8438, device='cuda:0', dtype=torch.bfloat16);tensor(-7.5938, device='cuda:0', dtype=torch.bfloat16);tensor(-0.5625, device='cuda:0', dtype=torch.bfloat16);tensor(-3.4375, device='cuda:0', dtype=torch.bfloat16)",blimp
principle_A_case_2,Dan will forget about himself wearing every sock.,Dan will forget about himself wears every sock.,737,-7.53125,-8.125,-68.0,-73.5,"tensor(-8.4375, device='cuda:0', dtype=torch.bfloat16);tensor(-8.2500, device='cuda:0', dtype=torch.bfloat16);tensor(-12., device='cuda:0', dtype=torch.bfloat16);tensor(-2., device='cuda:0', dtype=torch.bfloat16);tensor(-4.7500, device='cuda:0', dtype=torch.bfloat16);tensor(-12.1250, device='cuda:0', dtype=torch.bfloat16);tensor(-8.2500, device='cuda:0', dtype=torch.bfloat16);tensor(-8.2500, device='cuda:0', dtype=torch.bfloat16);tensor(-3.6875, device='cuda:0', dtype=torch.bfloat16)","tensor(-8.4375, device='cuda:0', dtype=torch.bfloat16);tensor(-8.2500, device='cuda:0', dtype=torch.bfloat16);tensor(-12., device='cuda:0', dtype=torch.bfloat16);tensor(-2., device='cuda:0', dtype=torch.bfloat16);tensor(-4.7500, device='cuda:0', dtype=torch.bfloat16);tensor(-17.1250, device='cuda:0', dtype=torch.bfloat16);tensor(-8.2500, device='cuda:0', dtype=torch.bfloat16);tensor(-8.6875, device='cuda:0', dtype=torch.bfloat16);tensor(-3.8125, device='cuda:0', dtype=torch.bfloat16)",blimp
principle_A_case_2,A museum forgets about itself listening to this senator.,A museum forgets about itself listens to this senator.,740,-6.8125,-7.21875,-75.0,-79.5,"tensor(-5.5625, device='cuda:0', dtype=torch.bfloat16);tensor(-9.4375, device='cuda:0', dtype=torch.bfloat16);tensor(-14.6250, device='cuda:0', dtype=torch.bfloat16);tensor(-0.1250, device='cuda:0', dtype=torch.bfloat16);tensor(-2.8750, device='cuda:0', dtype=torch.bfloat16);tensor(-3.5000, device='cuda:0', dtype=torch.bfloat16);tensor(-15.1250, device='cuda:0', dtype=torch.bfloat16);tensor(-0.2500, device='cuda:0', dtype=torch.bfloat16);tensor(-6.7500, device='cuda:0', dtype=torch.bfloat16);tensor(-12.8750, device='cuda:0', dtype=torch.bfloat16);tensor(-3.7500, device='cuda:0', dtype=torch.bfloat16)","tensor(-5.5625, device='cuda:0', dtype=torch.bfloat16);tensor(-9.4375, device='cuda:0', dtype=torch.bfloat16);tensor(-14.6250, device='cuda:0', dtype=torch.bfloat16);tensor(-0.1250, device='cuda:0', dtype=torch.bfloat16);tensor(-2.8750, device='cuda:0', dtype=torch.bfloat16);tensor(-3.5000, device='cuda:0', dtype=torch.bfloat16);tensor(-18.2500, device='cuda:0', dtype=torch.bfloat16);tensor(-0.6250, device='cuda:0', dtype=torch.bfloat16);tensor(-6.0312, device='cuda:0', dtype=torch.bfloat16);tensor(-14.3750, device='cuda:0', dtype=torch.bfloat16);tensor(-4.1250, device='cuda:0', dtype=torch.bfloat16)",blimp
principle_A_case_2,Debra forgets about herself finding Tiffany.,Debra forgets about herself finds Tiffany.,660,-7.09375,-7.3125,-63.75,-66.0,"tensor(-7.5938, device='cuda:0', dtype=torch.bfloat16);tensor(-5.5625, device='cuda:0', dtype=torch.bfloat16);tensor(-14.5000, device='cuda:0', dtype=torch.bfloat16);tensor(-0.1875, device='cuda:0', dtype=torch.bfloat16);tensor(-3.3750, device='cuda:0', dtype=torch.bfloat16);tensor(-5.2812, device='cuda:0', dtype=torch.bfloat16);tensor(-11.1875, device='cuda:0', dtype=torch.bfloat16);tensor(-11.3125, device='cuda:0', dtype=torch.bfloat16);tensor(-4.7500, device='cuda:0', dtype=torch.bfloat16)","tensor(-7.5938, device='cuda:0', dtype=torch.bfloat16);tensor(-5.5625, device='cuda:0', dtype=torch.bfloat16);tensor(-14.5000, device='cuda:0', dtype=torch.bfloat16);tensor(-0.1875, device='cuda:0', dtype=torch.bfloat16);tensor(-3.3750, device='cuda:0', dtype=torch.bfloat16);tensor(-5.2812, device='cuda:0', dtype=torch.bfloat16);tensor(-12., device='cuda:0', dtype=torch.bfloat16);tensor(-11.8125, device='cuda:0', dtype=torch.bfloat16);tensor(-5.4688, device='cuda:0', dtype=torch.bfloat16)",blimp
principle_A_case_2,The associations forget about themselves firing Carol.,The associations forget about themselves fire Carol.,411,-8.4375,-8.375,-67.5,-67.0,"tensor(-3.5625, device='cuda:0', dtype=torch.bfloat16);tensor(-10.8750, device='cuda:0', dtype=torch.bfloat16);tensor(-13.9375, device='cuda:0', dtype=torch.bfloat16);tensor(-2.3125, device='cuda:0', dtype=torch.bfloat16);tensor(-4.2188, device='cuda:0', dtype=torch.bfloat16);tensor(-14.6250, device='cuda:0', dtype=torch.bfloat16);tensor(-12.3125, device='cuda:0', dtype=torch.bfloat16);tensor(-5.4375, device='cuda:0', dtype=torch.bfloat16)","tensor(-3.5625, device='cuda:0', dtype=torch.bfloat16);tensor(-10.8750, device='cuda:0', dtype=torch.bfloat16);tensor(-13.9375, device='cuda:0', dtype=torch.bfloat16);tensor(-2.3125, device='cuda:0', dtype=torch.bfloat16);tensor(-4.2188, device='cuda:0', dtype=torch.bfloat16);tensor(-13.5000, device='cuda:0', dtype=torch.bfloat16);tensor(-13.5000, device='cuda:0', dtype=torch.bfloat16);tensor(-5.0625, device='cuda:0', dtype=torch.bfloat16)",blimp
principle_A_case_2,Boys think about themselves running around the Great Lakes.,Boys think about themselves ran around the Great Lakes.,678,-5.59375,-6.21875,-61.5,-68.5,"tensor(-8.8750, device='cuda:0', dtype=torch.bfloat16);tensor(-3.0625, device='cuda:0', dtype=torch.bfloat16);tensor(-11.1875, device='cuda:0', dtype=torch.bfloat16);tensor(-3.0625, device='cuda:0', dtype=torch.bfloat16);tensor(-4.5625, device='cuda:0', dtype=torch.bfloat16);tensor(-11., device='cuda:0', dtype=torch.bfloat16);tensor(-2.0625, device='cuda:0', dtype=torch.bfloat16);tensor(-1.5625, device='cuda:0', dtype=torch.bfloat16);tensor(-9.5000, device='cuda:0', dtype=torch.bfloat16);tensor(-2.8125, device='cuda:0', dtype=torch.bfloat16);tensor(-3.9375, device='cuda:0', dtype=torch.bfloat16)","tensor(-8.8750, device='cuda:0', dtype=torch.bfloat16);tensor(-3.0625, device='cuda:0', dtype=torch.bfloat16);tensor(-11.1875, device='cuda:0', dtype=torch.bfloat16);tensor(-3.0625, device='cuda:0', dtype=torch.bfloat16);tensor(-4.5625, device='cuda:0', dtype=torch.bfloat16);tensor(-15.4375, device='cuda:0', dtype=torch.bfloat16);tensor(-4.3125, device='cuda:0', dtype=torch.bfloat16);tensor(-1.3750, device='cuda:0', dtype=torch.bfloat16);tensor(-10., device='cuda:0', dtype=torch.bfloat16);tensor(-2.4375, device='cuda:0', dtype=torch.bfloat16);tensor(-4., device='cuda:0', dtype=torch.bfloat16)",blimp
principle_A_case_2,Karla didn't imagine herself praising Pamela.,Karla didn't imagine herself praises Pamela.,626,-6.9375,-7.9375,-62.5,-71.5,"tensor(-9.5000, device='cuda:0', dtype=torch.bfloat16);tensor(-3.8125, device='cuda:0', dtype=torch.bfloat16);tensor(-10.0625, device='cuda:0', dtype=torch.bfloat16);tensor(-0.6250, device='cuda:0', dtype=torch.bfloat16);tensor(-8.0625, device='cuda:0', dtype=torch.bfloat16);tensor(-4.6875, device='cuda:0', dtype=torch.bfloat16);tensor(-12.6250, device='cuda:0', dtype=torch.bfloat16);tensor(-10.3125, device='cuda:0', dtype=torch.bfloat16);tensor(-2.6875, device='cuda:0', dtype=torch.bfloat16)","tensor(-9.5000, device='cuda:0', dtype=torch.bfloat16);tensor(-3.8125, device='cuda:0', dtype=torch.bfloat16);tensor(-10.0625, device='cuda:0', dtype=torch.bfloat16);tensor(-0.6250, device='cuda:0', dtype=torch.bfloat16);tensor(-8.0625, device='cuda:0', dtype=torch.bfloat16);tensor(-4.6875, device='cuda:0', dtype=torch.bfloat16);tensor(-17.7500, device='cuda:0', dtype=torch.bfloat16);tensor(-12.6250, device='cuda:0', dtype=torch.bfloat16);tensor(-4.3125, device='cuda:0', dtype=torch.bfloat16)",blimp
principle_A_case_2,Irene has imagined herself cleaning many reports.,Irene has imagined herself cleaned many reports.,513,-6.90625,-7.3125,-62.25,-65.5,"tensor(-5.6250, device='cuda:0', dtype=torch.bfloat16);tensor(-6.5000, device='cuda:0', dtype=torch.bfloat16);tensor(-5.8125, device='cuda:0', dtype=torch.bfloat16);tensor(-10.3750, device='cuda:0', dtype=torch.bfloat16);tensor(-1.5625, device='cuda:0', dtype=torch.bfloat16);tensor(-8.8750, device='cuda:0', dtype=torch.bfloat16);tensor(-6.6250, device='cuda:0', dtype=torch.bfloat16);tensor(-13.1875, device='cuda:0', dtype=torch.bfloat16);tensor(-3.6875, device='cuda:0', dtype=torch.bfloat16)","tensor(-5.6250, device='cuda:0', dtype=torch.bfloat16);tensor(-6.5000, device='cuda:0', dtype=torch.bfloat16);tensor(-5.8125, device='cuda:0', dtype=torch.bfloat16);tensor(-10.3750, device='cuda:0', dtype=torch.bfloat16);tensor(-1.5625, device='cuda:0', dtype=torch.bfloat16);tensor(-12.6250, device='cuda:0', dtype=torch.bfloat16);tensor(-8.7500, device='cuda:0', dtype=torch.bfloat16);tensor(-11.3750, device='cuda:0', dtype=torch.bfloat16);tensor(-3.0625, device='cuda:0', dtype=torch.bfloat16)",blimp
principle_A_case_2,Victoria isn't imagining herself questioning Karen.,Victoria isn't imagining herself questions Karen.,859,-7.71875,-8.625,-61.75,-69.0,"tensor(-9.9375, device='cuda:0', dtype=torch.bfloat16);tensor(-9.9375, device='cuda:0', dtype=torch.bfloat16);tensor(-0.8750, device='cuda:0', dtype=torch.bfloat16);tensor(-11.5625, device='cuda:0', dtype=torch.bfloat16);tensor(-6., device='cuda:0', dtype=torch.bfloat16);tensor(-10.6250, device='cuda:0', dtype=torch.bfloat16);tensor(-9.1250, device='cuda:0', dtype=torch.bfloat16);tensor(-3.6250, device='cuda:0', dtype=torch.bfloat16)","tensor(-9.9375, device='cuda:0', dtype=torch.bfloat16);tensor(-9.9375, device='cuda:0', dtype=torch.bfloat16);tensor(-0.8750, device='cuda:0', dtype=torch.bfloat16);tensor(-11.5625, device='cuda:0', dtype=torch.bfloat16);tensor(-6., device='cuda:0', dtype=torch.bfloat16);tensor(-14.2500, device='cuda:0', dtype=torch.bfloat16);tensor(-12.8750, device='cuda:0', dtype=torch.bfloat16);tensor(-3.7500, device='cuda:0', dtype=torch.bfloat16)",blimp
principle_A_case_2,Katherine is imagining herself helping most adults.,Katherine is imagining herself helps most adults.,136,-7.03125,-7.0625,-63.25,-63.5,"tensor(-6.6875, device='cuda:0', dtype=torch.bfloat16);tensor(-4.8125, device='cuda:0', dtype=torch.bfloat16);tensor(-5.6875, device='cuda:0', dtype=torch.bfloat16);tensor(-12.9375, device='cuda:0', dtype=torch.bfloat16);tensor(-2.4375, device='cuda:0', dtype=torch.bfloat16);tensor(-7.6875, device='cuda:0', dtype=torch.bfloat16);tensor(-11.7500, device='cuda:0', dtype=torch.bfloat16);tensor(-6.5000, device='cuda:0', dtype=torch.bfloat16);tensor(-4.7500, device='cuda:0', dtype=torch.bfloat16)","tensor(-6.6875, device='cuda:0', dtype=torch.bfloat16);tensor(-4.8125, device='cuda:0', dtype=torch.bfloat16);tensor(-5.6875, device='cuda:0', dtype=torch.bfloat16);tensor(-12.9375, device='cuda:0', dtype=torch.bfloat16);tensor(-2.4375, device='cuda:0', dtype=torch.bfloat16);tensor(-13.5000, device='cuda:0', dtype=torch.bfloat16);tensor(-8.2500, device='cuda:0', dtype=torch.bfloat16);tensor(-5.2500, device='cuda:0', dtype=torch.bfloat16);tensor(-4.0625, device='cuda:0', dtype=torch.bfloat16)",blimp
principle_A_domain_1,Sally says that Curtis talks about her.,Sally says that Curtis talks about herself.,521,-5.84375,-6.125,-52.75,-55.0,"tensor(-6.3125, device='cuda:0', dtype=torch.bfloat16);tensor(-5.3750, device='cuda:0', dtype=torch.bfloat16);tensor(-7.9375, device='cuda:0', dtype=torch.bfloat16);tensor(-2.5625, device='cuda:0', dtype=torch.bfloat16);tensor(-11.4375, device='cuda:0', dtype=torch.bfloat16);tensor(-7.3438, device='cuda:0', dtype=torch.bfloat16);tensor(-1.8125, device='cuda:0', dtype=torch.bfloat16);tensor(-2.8125, device='cuda:0', dtype=torch.bfloat16);tensor(-7.0625, device='cuda:0', dtype=torch.bfloat16)","tensor(-6.3125, device='cuda:0', dtype=torch.bfloat16);tensor(-5.3750, device='cuda:0', dtype=torch.bfloat16);tensor(-7.9375, device='cuda:0', dtype=torch.bfloat16);tensor(-2.5625, device='cuda:0', dtype=torch.bfloat16);tensor(-11.4375, device='cuda:0', dtype=torch.bfloat16);tensor(-7.3438, device='cuda:0', dtype=torch.bfloat16);tensor(-1.8125, device='cuda:0', dtype=torch.bfloat16);tensor(-7.8125, device='cuda:0', dtype=torch.bfloat16);tensor(-4.5000, device='cuda:0', dtype=torch.bfloat16)",blimp
principle_A_domain_1,Stephanie had imagined that Richard thought about her.,Stephanie had imagined that Richard thought about herself.,737,-5.125,-5.65625,-56.5,-62.25,"tensor(-9.2500, device='cuda:0', dtype=torch.bfloat16);tensor(-2.5625, device='cuda:0', dtype=torch.bfloat16);tensor(-0.3750, device='cuda:0', dtype=torch.bfloat16);tensor(-7.4062, device='cuda:0', dtype=torch.bfloat16);tensor(-8.8750, device='cuda:0', dtype=torch.bfloat16);tensor(-2.1250, device='cuda:0', dtype=torch.bfloat16);tensor(-7.6562, device='cuda:0', dtype=torch.bfloat16);tensor(-9.4375, device='cuda:0', dtype=torch.bfloat16);tensor(-2.8125, device='cuda:0', dtype=torch.bfloat16);tensor(-0.6250, device='cuda:0', dtype=torch.bfloat16);tensor(-5.3750, device='cuda:0', dtype=torch.bfloat16)","tensor(-9.2500, device='cuda:0', dtype=torch.bfloat16);tensor(-2.5625, device='cuda:0', dtype=torch.bfloat16);tensor(-0.3750, device='cuda:0', dtype=torch.bfloat16);tensor(-7.4062, device='cuda:0', dtype=torch.bfloat16);tensor(-8.8750, device='cuda:0', dtype=torch.bfloat16);tensor(-2.1250, device='cuda:0', dtype=torch.bfloat16);tensor(-7.6562, device='cuda:0', dtype=torch.bfloat16);tensor(-9.4375, device='cuda:0', dtype=torch.bfloat16);tensor(-2.8125, device='cuda:0', dtype=torch.bfloat16);tensor(-7.0312, device='cuda:0', dtype=torch.bfloat16);tensor(-4.8125, device='cuda:0', dtype=torch.bfloat16)",blimp
principle_A_domain_1,All cashiers explain that Bruce did sound like them.,All cashiers explain that Bruce did sound like themselves.,740,-7.03125,-7.3125,-77.5,-80.5,"tensor(-6.9375, device='cuda:0', dtype=torch.bfloat16);tensor(-9.1875, device='cuda:0', dtype=torch.bfloat16);tensor(-5.8750, device='cuda:0', dtype=torch.bfloat16);tensor(-12.3125, device='cuda:0', dtype=torch.bfloat16);tensor(-2.7500, device='cuda:0', dtype=torch.bfloat16);tensor(-12.1875, device='cuda:0', dtype=torch.bfloat16);tensor(-6.2500, device='cuda:0', dtype=torch.bfloat16);tensor(-9.1875, device='cuda:0', dtype=torch.bfloat16);tensor(-2.5000, device='cuda:0', dtype=torch.bfloat16);tensor(-7.5625, device='cuda:0', dtype=torch.bfloat16);tensor(-2.6875, device='cuda:0', dtype=torch.bfloat16)","tensor(-6.9375, device='cuda:0', dtype=torch.bfloat16);tensor(-9.1875, device='cuda:0', dtype=torch.bfloat16);tensor(-5.8750, device='cuda:0', dtype=torch.bfloat16);tensor(-12.3125, device='cuda:0', dtype=torch.bfloat16);tensor(-2.7500, device='cuda:0', dtype=torch.bfloat16);tensor(-12.1875, device='cuda:0', dtype=torch.bfloat16);tensor(-6.2500, device='cuda:0', dtype=torch.bfloat16);tensor(-9.1875, device='cuda:0', dtype=torch.bfloat16);tensor(-2.5000, device='cuda:0', dtype=torch.bfloat16);tensor(-10.5000, device='cuda:0', dtype=torch.bfloat16);tensor(-2.7500, device='cuda:0', dtype=torch.bfloat16)",blimp
principle_A_domain_1,Jill is thinking that Stephen shouldn't admire her.,Jill is thinking that Stephen shouldn't admire herself.,660,-6.03125,-6.125,-66.0,-67.5,"tensor(-6.8125, device='cuda:0', dtype=torch.bfloat16);tensor(-4.5000, device='cuda:0', dtype=torch.bfloat16);tensor(-4.3125, device='cuda:0', dtype=torch.bfloat16);tensor(-8.1250, device='cuda:0', dtype=torch.bfloat16);tensor(-5.1875, device='cuda:0', dtype=torch.bfloat16);tensor(-9.7500, device='cuda:0', dtype=torch.bfloat16);tensor(-8.3750, device='cuda:0', dtype=torch.bfloat16);tensor(-0.3750, device='cuda:0', dtype=torch.bfloat16);tensor(-10.8125, device='cuda:0', dtype=torch.bfloat16);tensor(-3.8125, device='cuda:0', dtype=torch.bfloat16);tensor(-4.1250, device='cuda:0', dtype=torch.bfloat16)","tensor(-6.8125, device='cuda:0', dtype=torch.bfloat16);tensor(-4.5000, device='cuda:0', dtype=torch.bfloat16);tensor(-4.3125, device='cuda:0', dtype=torch.bfloat16);tensor(-8.1250, device='cuda:0', dtype=torch.bfloat16);tensor(-5.1875, device='cuda:0', dtype=torch.bfloat16);tensor(-9.7500, device='cuda:0', dtype=torch.bfloat16);tensor(-8.3750, device='cuda:0', dtype=torch.bfloat16);tensor(-0.3750, device='cuda:0', dtype=torch.bfloat16);tensor(-10.8125, device='cuda:0', dtype=torch.bfloat16);tensor(-5.5625, device='cuda:0', dtype=torch.bfloat16);tensor(-3.6250, device='cuda:0', dtype=torch.bfloat16)",blimp
principle_A_domain_1,Vincent explained that Sabrina was embarrassing him.,Vincent explained that Sabrina was embarrassing himself.,411,-5.4375,-5.8125,-54.5,-58.25,"tensor(-9.5000, device='cuda:0', dtype=torch.bfloat16);tensor(-1.4375, device='cuda:0', dtype=torch.bfloat16);tensor(-11.5000, device='cuda:0', dtype=torch.bfloat16);tensor(-1.4375, device='cuda:0', dtype=torch.bfloat16);tensor(-10.1250, device='cuda:0', dtype=torch.bfloat16);tensor(-2.1875, device='cuda:0', dtype=torch.bfloat16);tensor(-2.1250, device='cuda:0', dtype=torch.bfloat16);tensor(-12., device='cuda:0', dtype=torch.bfloat16);tensor(-1.1875, device='cuda:0', dtype=torch.bfloat16);tensor(-3., device='cuda:0', dtype=torch.bfloat16)","tensor(-9.5000, device='cuda:0', dtype=torch.bfloat16);tensor(-1.4375, device='cuda:0', dtype=torch.bfloat16);tensor(-11.5000, device='cuda:0', dtype=torch.bfloat16);tensor(-1.4375, device='cuda:0', dtype=torch.bfloat16);tensor(-10.1250, device='cuda:0', dtype=torch.bfloat16);tensor(-2.1875, device='cuda:0', dtype=torch.bfloat16);tensor(-2.1250, device='cuda:0', dtype=torch.bfloat16);tensor(-12., device='cuda:0', dtype=torch.bfloat16);tensor(-4.8125, device='cuda:0', dtype=torch.bfloat16);tensor(-3.1250, device='cuda:0', dtype=torch.bfloat16)",blimp
principle_A_domain_1,Keith imagines that Sonia had loved him.,Keith imagines that Sonia had loved himself.,678,-5.875,-6.6875,-52.75,-60.25,"tensor(-9.3750, device='cuda:0', dtype=torch.bfloat16);tensor(-13.8750, device='cuda:0', dtype=torch.bfloat16);tensor(0., device='cuda:0', dtype=torch.bfloat16);tensor(-2.6250, device='cuda:0', dtype=torch.bfloat16);tensor(-10.7500, device='cuda:0', dtype=torch.bfloat16);tensor(-4.8750, device='cuda:0', dtype=torch.bfloat16);tensor(-6.3750, device='cuda:0', dtype=torch.bfloat16);tensor(-1., device='cuda:0', dtype=torch.bfloat16);tensor(-3.9375, device='cuda:0', dtype=torch.bfloat16)","tensor(-9.3750, device='cuda:0', dtype=torch.bfloat16);tensor(-13.8750, device='cuda:0', dtype=torch.bfloat16);tensor(0., device='cuda:0', dtype=torch.bfloat16);tensor(-2.6250, device='cuda:0', dtype=torch.bfloat16);tensor(-10.7500, device='cuda:0', dtype=torch.bfloat16);tensor(-4.8750, device='cuda:0', dtype=torch.bfloat16);tensor(-6.3750, device='cuda:0', dtype=torch.bfloat16);tensor(-8.2500, device='cuda:0', dtype=torch.bfloat16);tensor(-4.0625, device='cuda:0', dtype=torch.bfloat16)",blimp
principle_A_domain_1,Joseph would say that Elaine hasn't concealed him.,Joseph would say that Elaine hasn't concealed himself.,626,-6.84375,-6.96875,-68.5,-70.0,"tensor(-9.3750, device='cuda:0', dtype=torch.bfloat16);tensor(-11.4375, device='cuda:0', dtype=torch.bfloat16);tensor(-4.6250, device='cuda:0', dtype=torch.bfloat16);tensor(-1.8750, device='cuda:0', dtype=torch.bfloat16);tensor(-13.2500, device='cuda:0', dtype=torch.bfloat16);tensor(-8.0625, device='cuda:0', dtype=torch.bfloat16);tensor(-0.2500, device='cuda:0', dtype=torch.bfloat16);tensor(-10.8750, device='cuda:0', dtype=torch.bfloat16);tensor(-6.1875, device='cuda:0', dtype=torch.bfloat16);tensor(-2.5000, device='cuda:0', dtype=torch.bfloat16)","tensor(-9.3750, device='cuda:0', dtype=torch.bfloat16);tensor(-11.4375, device='cuda:0', dtype=torch.bfloat16);tensor(-4.6250, device='cuda:0', dtype=torch.bfloat16);tensor(-1.8750, device='cuda:0', dtype=torch.bfloat16);tensor(-13.2500, device='cuda:0', dtype=torch.bfloat16);tensor(-8.0625, device='cuda:0', dtype=torch.bfloat16);tensor(-0.2500, device='cuda:0', dtype=torch.bfloat16);tensor(-10.8750, device='cuda:0', dtype=torch.bfloat16);tensor(-7.2500, device='cuda:0', dtype=torch.bfloat16);tensor(-2.8125, device='cuda:0', dtype=torch.bfloat16)",blimp
principle_A_domain_1,Beth was saying that Alan wasn't noticing her.,Beth was saying that Alan wasn't noticing herself.,513,-6.0,-6.78125,-60.0,-68.0,"tensor(-9.5625, device='cuda:0', dtype=torch.bfloat16);tensor(-6.4375, device='cuda:0', dtype=torch.bfloat16);tensor(-9.8750, device='cuda:0', dtype=torch.bfloat16);tensor(-1.6250, device='cuda:0', dtype=torch.bfloat16);tensor(-8.8750, device='cuda:0', dtype=torch.bfloat16);tensor(-6.8125, device='cuda:0', dtype=torch.bfloat16);tensor(-0.3750, device='cuda:0', dtype=torch.bfloat16);tensor(-12.2500, device='cuda:0', dtype=torch.bfloat16);tensor(-1.1250, device='cuda:0', dtype=torch.bfloat16);tensor(-3.1875, device='cuda:0', dtype=torch.bfloat16)","tensor(-9.5625, device='cuda:0', dtype=torch.bfloat16);tensor(-6.4375, device='cuda:0', dtype=torch.bfloat16);tensor(-9.8750, device='cuda:0', dtype=torch.bfloat16);tensor(-1.6250, device='cuda:0', dtype=torch.bfloat16);tensor(-8.8750, device='cuda:0', dtype=torch.bfloat16);tensor(-6.8125, device='cuda:0', dtype=torch.bfloat16);tensor(-0.3750, device='cuda:0', dtype=torch.bfloat16);tensor(-12.2500, device='cuda:0', dtype=torch.bfloat16);tensor(-9.6250, device='cuda:0', dtype=torch.bfloat16);tensor(-2.5000, device='cuda:0', dtype=torch.bfloat16)",blimp
principle_A_domain_1,Melissa says that Patrick leaves her.,Melissa says that Patrick leaves herself.,859,-5.96875,-6.875,-47.75,-55.0,"tensor(-9.2500, device='cuda:0', dtype=torch.bfloat16);tensor(-0.8750, device='cuda:0', dtype=torch.bfloat16);tensor(-7.9375, device='cuda:0', dtype=torch.bfloat16);tensor(-2.3750, device='cuda:0', dtype=torch.bfloat16);tensor(-9.8750, device='cuda:0', dtype=torch.bfloat16);tensor(-8.4375, device='cuda:0', dtype=torch.bfloat16);tensor(-2., device='cuda:0', dtype=torch.bfloat16);tensor(-7.0938, device='cuda:0', dtype=torch.bfloat16)","tensor(-9.2500, device='cuda:0', dtype=torch.bfloat16);tensor(-0.8750, device='cuda:0', dtype=torch.bfloat16);tensor(-7.9375, device='cuda:0', dtype=torch.bfloat16);tensor(-2.3750, device='cuda:0', dtype=torch.bfloat16);tensor(-9.8750, device='cuda:0', dtype=torch.bfloat16);tensor(-8.4375, device='cuda:0', dtype=torch.bfloat16);tensor(-10.6875, device='cuda:0', dtype=torch.bfloat16);tensor(-5.5625, device='cuda:0', dtype=torch.bfloat16)",blimp
principle_A_domain_1,Erin imagines that Robert appreciated her.,Erin imagines that Robert appreciated herself.,136,-5.9375,-6.3125,-53.5,-56.75,"tensor(-9.1250, device='cuda:0', dtype=torch.bfloat16);tensor(-1.2500, device='cuda:0', dtype=torch.bfloat16);tensor(-11.8125, device='cuda:0', dtype=torch.bfloat16);tensor(0., device='cuda:0', dtype=torch.bfloat16);tensor(-2.5000, device='cuda:0', dtype=torch.bfloat16);tensor(-8.1250, device='cuda:0', dtype=torch.bfloat16);tensor(-12.5625, device='cuda:0', dtype=torch.bfloat16);tensor(-1.3750, device='cuda:0', dtype=torch.bfloat16);tensor(-6.8125, device='cuda:0', dtype=torch.bfloat16)","tensor(-9.1250, device='cuda:0', dtype=torch.bfloat16);tensor(-1.2500, device='cuda:0', dtype=torch.bfloat16);tensor(-11.8125, device='cuda:0', dtype=torch.bfloat16);tensor(0., device='cuda:0', dtype=torch.bfloat16);tensor(-2.5000, device='cuda:0', dtype=torch.bfloat16);tensor(-8.1250, device='cuda:0', dtype=torch.bfloat16);tensor(-12.5625, device='cuda:0', dtype=torch.bfloat16);tensor(-7.9062, device='cuda:0', dtype=torch.bfloat16);tensor(-3.5625, device='cuda:0', dtype=torch.bfloat16)",blimp
principle_A_domain_2,Lissa imagined the Lutherans would admire themselves.,Lissa imagined the Lutherans would admire herself.,521,-6.9375,-6.9375,-69.5,-69.5,"tensor(-6.8438, device='cuda:0', dtype=torch.bfloat16);tensor(-8.8125, device='cuda:0', dtype=torch.bfloat16);tensor(-13.1875, device='cuda:0', dtype=torch.bfloat16);tensor(-2.2500, device='cuda:0', dtype=torch.bfloat16);tensor(-12.9375, device='cuda:0', dtype=torch.bfloat16);tensor(-1.8750, device='cuda:0', dtype=torch.bfloat16);tensor(-2.5625, device='cuda:0', dtype=torch.bfloat16);tensor(-8.9375, device='cuda:0', dtype=torch.bfloat16);tensor(-8.3750, device='cuda:0', dtype=torch.bfloat16);tensor(-3.5000, device='cuda:0', dtype=torch.bfloat16)","tensor(-6.8438, device='cuda:0', dtype=torch.bfloat16);tensor(-8.8125, device='cuda:0', dtype=torch.bfloat16);tensor(-13.1875, device='cuda:0', dtype=torch.bfloat16);tensor(-2.2500, device='cuda:0', dtype=torch.bfloat16);tensor(-12.9375, device='cuda:0', dtype=torch.bfloat16);tensor(-1.8750, device='cuda:0', dtype=torch.bfloat16);tensor(-2.5625, device='cuda:0', dtype=torch.bfloat16);tensor(-8.9375, device='cuda:0', dtype=torch.bfloat16);tensor(-8.7500, device='cuda:0', dtype=torch.bfloat16);tensor(-3.3125, device='cuda:0', dtype=torch.bfloat16)",blimp
principle_A_domain_2,Matt is thinking most dancers hadn't researched themselves.,Matt is thinking most dancers hadn't researched himself.,737,-7.75,-8.125,-77.5,-81.0,"tensor(-8.9375, device='cuda:0', dtype=torch.bfloat16);tensor(-5.3750, device='cuda:0', dtype=torch.bfloat16);tensor(-8.6250, device='cuda:0', dtype=torch.bfloat16);tensor(-11.8750, device='cuda:0', dtype=torch.bfloat16);tensor(-11.4375, device='cuda:0', dtype=torch.bfloat16);tensor(-12.1875, device='cuda:0', dtype=torch.bfloat16);tensor(-0.7500, device='cuda:0', dtype=torch.bfloat16);tensor(-9.2500, device='cuda:0', dtype=torch.bfloat16);tensor(-5.6875, device='cuda:0', dtype=torch.bfloat16);tensor(-3.3125, device='cuda:0', dtype=torch.bfloat16)","tensor(-8.9375, device='cuda:0', dtype=torch.bfloat16);tensor(-5.3750, device='cuda:0', dtype=torch.bfloat16);tensor(-8.6250, device='cuda:0', dtype=torch.bfloat16);tensor(-11.8750, device='cuda:0', dtype=torch.bfloat16);tensor(-11.4375, device='cuda:0', dtype=torch.bfloat16);tensor(-12.1875, device='cuda:0', dtype=torch.bfloat16);tensor(-0.7500, device='cuda:0', dtype=torch.bfloat16);tensor(-9.2500, device='cuda:0', dtype=torch.bfloat16);tensor(-9.3125, device='cuda:0', dtype=torch.bfloat16);tensor(-3.3750, device='cuda:0', dtype=torch.bfloat16)",blimp
principle_A_domain_2,Martin was explaining some university can't listen to itself.,Martin was explaining some university can't listen to himself.,740,-6.65625,-6.625,-73.0,-73.0,"tensor(-9.2500, device='cuda:0', dtype=torch.bfloat16);tensor(-6.6250, device='cuda:0', dtype=torch.bfloat16);tensor(-10.3125, device='cuda:0', dtype=torch.bfloat16);tensor(-3.6250, device='cuda:0', dtype=torch.bfloat16);tensor(-9.5000, device='cuda:0', dtype=torch.bfloat16);tensor(-11.3750, device='cuda:0', dtype=torch.bfloat16);tensor(-3.4375, device='cuda:0', dtype=torch.bfloat16);tensor(-8.3750, device='cuda:0', dtype=torch.bfloat16);tensor(-0.8125, device='cuda:0', dtype=torch.bfloat16);tensor(-7.2188, device='cuda:0', dtype=torch.bfloat16);tensor(-2.5625, device='cuda:0', dtype=torch.bfloat16)","tensor(-9.2500, device='cuda:0', dtype=torch.bfloat16);tensor(-6.6250, device='cuda:0', dtype=torch.bfloat16);tensor(-10.3125, device='cuda:0', dtype=torch.bfloat16);tensor(-3.6250, device='cuda:0', dtype=torch.bfloat16);tensor(-9.5000, device='cuda:0', dtype=torch.bfloat16);tensor(-11.3750, device='cuda:0', dtype=torch.bfloat16);tensor(-3.4375, device='cuda:0', dtype=torch.bfloat16);tensor(-8.3750, device='cuda:0', dtype=torch.bfloat16);tensor(-0.8125, device='cuda:0', dtype=torch.bfloat16);tensor(-7.0625, device='cuda:0', dtype=torch.bfloat16);tensor(-2.5625, device='cuda:0', dtype=torch.bfloat16)",blimp
principle_A_domain_2,Becky wasn't imagining that snake is bothering itself.,Becky wasn't imagining that snake is bothering herself.,660,-6.75,-6.65625,-74.0,-73.0,"tensor(-7.8750, device='cuda:0', dtype=torch.bfloat16);tensor(-3.3750, device='cuda:0', dtype=torch.bfloat16);tensor(-10.3750, device='cuda:0', dtype=torch.bfloat16);tensor(-0.7500, device='cuda:0', dtype=torch.bfloat16);tensor(-10.3750, device='cuda:0', dtype=torch.bfloat16);tensor(-3.6875, device='cuda:0', dtype=torch.bfloat16);tensor(-8.6875, device='cuda:0', dtype=torch.bfloat16);tensor(-7.5625, device='cuda:0', dtype=torch.bfloat16);tensor(-10.8125, device='cuda:0', dtype=torch.bfloat16);tensor(-7.9375, device='cuda:0', dtype=torch.bfloat16);tensor(-2.8125, device='cuda:0', dtype=torch.bfloat16)","tensor(-7.8750, device='cuda:0', dtype=torch.bfloat16);tensor(-3.3750, device='cuda:0', dtype=torch.bfloat16);tensor(-10.3750, device='cuda:0', dtype=torch.bfloat16);tensor(-0.7500, device='cuda:0', dtype=torch.bfloat16);tensor(-10.3750, device='cuda:0', dtype=torch.bfloat16);tensor(-3.6875, device='cuda:0', dtype=torch.bfloat16);tensor(-8.6875, device='cuda:0', dtype=torch.bfloat16);tensor(-7.5625, device='cuda:0', dtype=torch.bfloat16);tensor(-10.8125, device='cuda:0', dtype=torch.bfloat16);tensor(-7.4688, device='cuda:0', dtype=torch.bfloat16);tensor(-2.1250, device='cuda:0', dtype=torch.bfloat16)",blimp
principle_A_domain_2,Deanna explains Donald boasts about himself.,Deanna explains Donald boasts about herself.,411,-6.875,-7.5,-55.0,-60.0,"tensor(-7.5938, device='cuda:0', dtype=torch.bfloat16);tensor(-4.6875, device='cuda:0', dtype=torch.bfloat16);tensor(-8.3750, device='cuda:0', dtype=torch.bfloat16);tensor(-10., device='cuda:0', dtype=torch.bfloat16);tensor(-14.1250, device='cuda:0', dtype=torch.bfloat16);tensor(-1.9375, device='cuda:0', dtype=torch.bfloat16);tensor(-4.3125, device='cuda:0', dtype=torch.bfloat16);tensor(-3.8750, device='cuda:0', dtype=torch.bfloat16)","tensor(-7.5938, device='cuda:0', dtype=torch.bfloat16);tensor(-4.6875, device='cuda:0', dtype=torch.bfloat16);tensor(-8.3750, device='cuda:0', dtype=torch.bfloat16);tensor(-10., device='cuda:0', dtype=torch.bfloat16);tensor(-14.1250, device='cuda:0', dtype=torch.bfloat16);tensor(-1.9375, device='cuda:0', dtype=torch.bfloat16);tensor(-9.3750, device='cuda:0', dtype=torch.bfloat16);tensor(-3.8125, device='cuda:0', dtype=torch.bfloat16)",blimp
principle_A_domain_2,Travis has imagined Elaine noticed herself.,Travis has imagined Elaine noticed himself.,678,-8.125,-8.125,-65.0,-65.0,"tensor(-8.3750, device='cuda:0', dtype=torch.bfloat16);tensor(-3.6875, device='cuda:0', dtype=torch.bfloat16);tensor(-5.7500, device='cuda:0', dtype=torch.bfloat16);tensor(-10.5000, device='cuda:0', dtype=torch.bfloat16);tensor(-12.2500, device='cuda:0', dtype=torch.bfloat16);tensor(-14.1250, device='cuda:0', dtype=torch.bfloat16);tensor(-5.4375, device='cuda:0', dtype=torch.bfloat16);tensor(-5., device='cuda:0', dtype=torch.bfloat16)","tensor(-8.3750, device='cuda:0', dtype=torch.bfloat16);tensor(-3.6875, device='cuda:0', dtype=torch.bfloat16);tensor(-5.7500, device='cuda:0', dtype=torch.bfloat16);tensor(-10.5000, device='cuda:0', dtype=torch.bfloat16);tensor(-12.2500, device='cuda:0', dtype=torch.bfloat16);tensor(-14.1250, device='cuda:0', dtype=torch.bfloat16);tensor(-5.9375, device='cuda:0', dtype=torch.bfloat16);tensor(-4.3750, device='cuda:0', dtype=torch.bfloat16)",blimp
principle_A_domain_2,Those women say Connie returns to herself.,Those women say Connie returns to themselves.,626,-7.46875,-7.6875,-59.75,-61.5,"tensor(-8.6875, device='cuda:0', dtype=torch.bfloat16);tensor(-7.1875, device='cuda:0', dtype=torch.bfloat16);tensor(-7.1562, device='cuda:0', dtype=torch.bfloat16);tensor(-13.2500, device='cuda:0', dtype=torch.bfloat16);tensor(-9.7500, device='cuda:0', dtype=torch.bfloat16);tensor(-1.3125, device='cuda:0', dtype=torch.bfloat16);tensor(-7.7500, device='cuda:0', dtype=torch.bfloat16);tensor(-4.6875, device='cuda:0', dtype=torch.bfloat16)","tensor(-8.6875, device='cuda:0', dtype=torch.bfloat16);tensor(-7.1875, device='cuda:0', dtype=torch.bfloat16);tensor(-7.1562, device='cuda:0', dtype=torch.bfloat16);tensor(-13.2500, device='cuda:0', dtype=torch.bfloat16);tensor(-9.7500, device='cuda:0', dtype=torch.bfloat16);tensor(-1.3125, device='cuda:0', dtype=torch.bfloat16);tensor(-10.1250, device='cuda:0', dtype=torch.bfloat16);tensor(-4., device='cuda:0', dtype=torch.bfloat16)",blimp
principle_A_domain_2,Most waiters haven't explained Mark should stun himself.,Most waiters haven't explained Mark should stun themselves.,513,-7.9375,-8.0,-87.5,-88.5,"tensor(-7.6250, device='cuda:0', dtype=torch.bfloat16);tensor(-12., device='cuda:0', dtype=torch.bfloat16);tensor(-0.6250, device='cuda:0', dtype=torch.bfloat16);tensor(-8.9375, device='cuda:0', dtype=torch.bfloat16);tensor(-0.7500, device='cuda:0', dtype=torch.bfloat16);tensor(-11.1250, device='cuda:0', dtype=torch.bfloat16);tensor(-11.1250, device='cuda:0', dtype=torch.bfloat16);tensor(-14.1875, device='cuda:0', dtype=torch.bfloat16);tensor(-11.7500, device='cuda:0', dtype=torch.bfloat16);tensor(-6.7812, device='cuda:0', dtype=torch.bfloat16);tensor(-2.4375, device='cuda:0', dtype=torch.bfloat16)","tensor(-7.6250, device='cuda:0', dtype=torch.bfloat16);tensor(-12., device='cuda:0', dtype=torch.bfloat16);tensor(-0.6250, device='cuda:0', dtype=torch.bfloat16);tensor(-8.9375, device='cuda:0', dtype=torch.bfloat16);tensor(-0.7500, device='cuda:0', dtype=torch.bfloat16);tensor(-11.1250, device='cuda:0', dtype=torch.bfloat16);tensor(-11.1250, device='cuda:0', dtype=torch.bfloat16);tensor(-14.1875, device='cuda:0', dtype=torch.bfloat16);tensor(-11.7500, device='cuda:0', dtype=torch.bfloat16);tensor(-7.9062, device='cuda:0', dtype=torch.bfloat16);tensor(-2.3125, device='cuda:0', dtype=torch.bfloat16)",blimp
principle_A_domain_2,People hadn't explained Sherry hasn't questioned herself.,People hadn't explained Sherry hasn't questioned themselves.,859,-6.71875,-6.8125,-74.0,-75.0,"tensor(-8.3750, device='cuda:0', dtype=torch.bfloat16);tensor(-12., device='cuda:0', dtype=torch.bfloat16);tensor(-0.7500, device='cuda:0', dtype=torch.bfloat16);tensor(-9.2500, device='cuda:0', dtype=torch.bfloat16);tensor(-9.1250, device='cuda:0', dtype=torch.bfloat16);tensor(-4.5625, device='cuda:0', dtype=torch.bfloat16);tensor(-11.3750, device='cuda:0', dtype=torch.bfloat16);tensor(0., device='cuda:0', dtype=torch.bfloat16);tensor(-10.1250, device='cuda:0', dtype=torch.bfloat16);tensor(-5.5625, device='cuda:0', dtype=torch.bfloat16);tensor(-2.9375, device='cuda:0', dtype=torch.bfloat16)","tensor(-8.3750, device='cuda:0', dtype=torch.bfloat16);tensor(-12., device='cuda:0', dtype=torch.bfloat16);tensor(-0.7500, device='cuda:0', dtype=torch.bfloat16);tensor(-9.2500, device='cuda:0', dtype=torch.bfloat16);tensor(-9.1250, device='cuda:0', dtype=torch.bfloat16);tensor(-4.5625, device='cuda:0', dtype=torch.bfloat16);tensor(-11.3750, device='cuda:0', dtype=torch.bfloat16);tensor(0., device='cuda:0', dtype=torch.bfloat16);tensor(-10.1250, device='cuda:0', dtype=torch.bfloat16);tensor(-6.8125, device='cuda:0', dtype=torch.bfloat16);tensor(-2.5000, device='cuda:0', dtype=torch.bfloat16)",blimp
principle_A_domain_2,Laurie will say bananas haven't annoyed themselves.,Laurie will say bananas haven't annoyed herself.,136,-6.59375,-6.84375,-72.5,-75.5,"tensor(-6.8438, device='cuda:0', dtype=torch.bfloat16);tensor(-5.4375, device='cuda:0', dtype=torch.bfloat16);tensor(-0.6250, device='cuda:0', dtype=torch.bfloat16);tensor(-7.5000, device='cuda:0', dtype=torch.bfloat16);tensor(-7.8750, device='cuda:0', dtype=torch.bfloat16);tensor(-12.5625, device='cuda:0', dtype=torch.bfloat16);tensor(-10.4375, device='cuda:0', dtype=torch.bfloat16);tensor(-0.6250, device='cuda:0', dtype=torch.bfloat16);tensor(-11.6250, device='cuda:0', dtype=torch.bfloat16);tensor(-6.6875, device='cuda:0', dtype=torch.bfloat16);tensor(-2.3750, device='cuda:0', dtype=torch.bfloat16)","tensor(-6.8438, device='cuda:0', dtype=torch.bfloat16);tensor(-5.4375, device='cuda:0', dtype=torch.bfloat16);tensor(-0.6250, device='cuda:0', dtype=torch.bfloat16);tensor(-7.5000, device='cuda:0', dtype=torch.bfloat16);tensor(-7.8750, device='cuda:0', dtype=torch.bfloat16);tensor(-12.5625, device='cuda:0', dtype=torch.bfloat16);tensor(-10.4375, device='cuda:0', dtype=torch.bfloat16);tensor(-0.6250, device='cuda:0', dtype=torch.bfloat16);tensor(-11.6250, device='cuda:0', dtype=torch.bfloat16);tensor(-8.1250, device='cuda:0', dtype=torch.bfloat16);tensor(-3.6875, device='cuda:0', dtype=torch.bfloat16)",blimp
principle_A_domain_3,Kirsten says Christopher praises himself.,Christopher says Kirsten praises himself.,521,-6.71875,-7.40625,-53.75,-52.0,"tensor(-6.6875, device='cuda:0', dtype=torch.bfloat16);tensor(-6.6875, device='cuda:0', dtype=torch.bfloat16);tensor(-0.8750, device='cuda:0', dtype=torch.bfloat16);tensor(-8.1250, device='cuda:0', dtype=torch.bfloat16);tensor(-11.0625, device='cuda:0', dtype=torch.bfloat16);tensor(-12.4375, device='cuda:0', dtype=torch.bfloat16);tensor(-3.5625, device='cuda:0', dtype=torch.bfloat16);tensor(-4.2500, device='cuda:0', dtype=torch.bfloat16)","tensor(-9.7500, device='cuda:0', dtype=torch.bfloat16);tensor(-10.2500, device='cuda:0', dtype=torch.bfloat16);tensor(-10.3750, device='cuda:0', dtype=torch.bfloat16);tensor(-1.5000, device='cuda:0', dtype=torch.bfloat16);tensor(-10.4375, device='cuda:0', dtype=torch.bfloat16);tensor(-5.5000, device='cuda:0', dtype=torch.bfloat16);tensor(-4.0625, device='cuda:0', dtype=torch.bfloat16)",blimp
principle_A_domain_3,Emily thinks Robert references himself.,Robert thinks Emily references himself.,737,-9.0625,-9.3125,-54.5,-56.0,"tensor(-10., device='cuda:0', dtype=torch.bfloat16);tensor(-10.1250, device='cuda:0', dtype=torch.bfloat16);tensor(-8.8125, device='cuda:0', dtype=torch.bfloat16);tensor(-14.9375, device='cuda:0', dtype=torch.bfloat16);tensor(-4.7500, device='cuda:0', dtype=torch.bfloat16);tensor(-5.7500, device='cuda:0', dtype=torch.bfloat16)","tensor(-8.3125, device='cuda:0', dtype=torch.bfloat16);tensor(-12.6250, device='cuda:0', dtype=torch.bfloat16);tensor(-9.1250, device='cuda:0', dtype=torch.bfloat16);tensor(-14.1250, device='cuda:0', dtype=torch.bfloat16);tensor(-6.7188, device='cuda:0', dtype=torch.bfloat16);tensor(-5., device='cuda:0', dtype=torch.bfloat16)",blimp
principle_A_domain_3,Marie explains Richard can't annoy himself.,Richard explains Marie can't annoy himself.,740,-7.3125,-8.1875,-66.0,-65.5,"tensor(-7.8125, device='cuda:0', dtype=torch.bfloat16);tensor(-5.5625, device='cuda:0', dtype=torch.bfloat16);tensor(-11.5000, device='cuda:0', dtype=torch.bfloat16);tensor(-11., device='cuda:0', dtype=torch.bfloat16);tensor(-10.7500, device='cuda:0', dtype=torch.bfloat16);tensor(-1.8750, device='cuda:0', dtype=torch.bfloat16);tensor(-10.3750, device='cuda:0', dtype=torch.bfloat16);tensor(-5.1875, device='cuda:0', dtype=torch.bfloat16);tensor(-1.7500, device='cuda:0', dtype=torch.bfloat16)","tensor(-8.8125, device='cuda:0', dtype=torch.bfloat16);tensor(-10.7500, device='cuda:0', dtype=torch.bfloat16);tensor(-12.4375, device='cuda:0', dtype=torch.bfloat16);tensor(-11.3750, device='cuda:0', dtype=torch.bfloat16);tensor(-2.0625, device='cuda:0', dtype=torch.bfloat16);tensor(-11.3750, device='cuda:0', dtype=torch.bfloat16);tensor(-6.0312, device='cuda:0', dtype=torch.bfloat16);tensor(-2.5625, device='cuda:0', dtype=torch.bfloat16)",blimp
principle_A_domain_3,Lori might explain Timothy might dislike himself.,Timothy might explain Lori might dislike himself.,660,-8.125,-7.9375,-73.0,-71.5,"tensor(-6.8438, device='cuda:0', dtype=torch.bfloat16);tensor(-5.5000, device='cuda:0', dtype=torch.bfloat16);tensor(-11.5625, device='cuda:0', dtype=torch.bfloat16);tensor(-8.2500, device='cuda:0', dtype=torch.bfloat16);tensor(-12.7500, device='cuda:0', dtype=torch.bfloat16);tensor(-10.1875, device='cuda:0', dtype=torch.bfloat16);tensor(-7.7500, device='cuda:0', dtype=torch.bfloat16);tensor(-7.6250, device='cuda:0', dtype=torch.bfloat16);tensor(-2.6250, device='cuda:0', dtype=torch.bfloat16)","tensor(-9.2500, device='cuda:0', dtype=torch.bfloat16);tensor(-2.6250, device='cuda:0', dtype=torch.bfloat16);tensor(-11.8125, device='cuda:0', dtype=torch.bfloat16);tensor(-8.2500, device='cuda:0', dtype=torch.bfloat16);tensor(-13., device='cuda:0', dtype=torch.bfloat16);tensor(-8.3125, device='cuda:0', dtype=torch.bfloat16);tensor(-7.8125, device='cuda:0', dtype=torch.bfloat16);tensor(-7.9062, device='cuda:0', dtype=torch.bfloat16);tensor(-2.3750, device='cuda:0', dtype=torch.bfloat16)",blimp
principle_A_domain_3,Gary imagines Cheryl should see herself.,Cheryl imagines Gary should see herself.,411,-7.34375,-6.65625,-58.75,-60.0,"tensor(-9.7500, device='cuda:0', dtype=torch.bfloat16);tensor(-12.7500, device='cuda:0', dtype=torch.bfloat16);tensor(-0.1250, device='cuda:0', dtype=torch.bfloat16);tensor(-9.8750, device='cuda:0', dtype=torch.bfloat16);tensor(-9.2500, device='cuda:0', dtype=torch.bfloat16);tensor(-4.6875, device='cuda:0', dtype=torch.bfloat16);tensor(-4.5000, device='cuda:0', dtype=torch.bfloat16);tensor(-7.8750, device='cuda:0', dtype=torch.bfloat16)","tensor(-6.8125, device='cuda:0', dtype=torch.bfloat16);tensor(-4.6250, device='cuda:0', dtype=torch.bfloat16);tensor(-14.1250, device='cuda:0', dtype=torch.bfloat16);tensor(0., device='cuda:0', dtype=torch.bfloat16);tensor(-8.6250, device='cuda:0', dtype=torch.bfloat16);tensor(-7.6875, device='cuda:0', dtype=torch.bfloat16);tensor(-4.8750, device='cuda:0', dtype=torch.bfloat16);tensor(-6.6875, device='cuda:0', dtype=torch.bfloat16);tensor(-6.5938, device='cuda:0', dtype=torch.bfloat16)",blimp
principle_A_domain_3,Some actress explains Gregory did question himself.,Gregory explains some actress did question himself.,678,-9.5625,-7.96875,-76.5,-72.0,"tensor(-7.7500, device='cuda:0', dtype=torch.bfloat16);tensor(-12.1250, device='cuda:0', dtype=torch.bfloat16);tensor(-10.3750, device='cuda:0', dtype=torch.bfloat16);tensor(-15.1250, device='cuda:0', dtype=torch.bfloat16);tensor(-10.1250, device='cuda:0', dtype=torch.bfloat16);tensor(-11.2500, device='cuda:0', dtype=torch.bfloat16);tensor(-5.9375, device='cuda:0', dtype=torch.bfloat16);tensor(-3.8750, device='cuda:0', dtype=torch.bfloat16)","tensor(-10., device='cuda:0', dtype=torch.bfloat16);tensor(-2.1875, device='cuda:0', dtype=torch.bfloat16);tensor(-10.3125, device='cuda:0', dtype=torch.bfloat16);tensor(-5.1250, device='cuda:0', dtype=torch.bfloat16);tensor(-15., device='cuda:0', dtype=torch.bfloat16);tensor(-7.0312, device='cuda:0', dtype=torch.bfloat16);tensor(-9.8125, device='cuda:0', dtype=torch.bfloat16);tensor(-8.4375, device='cuda:0', dtype=torch.bfloat16);tensor(-3.9375, device='cuda:0', dtype=torch.bfloat16)",blimp
principle_A_domain_3,Timothy didn't say Grace doesn't know herself.,Grace didn't say Timothy doesn't know herself.,626,-5.5625,-6.15625,-61.25,-61.5,"tensor(-9.2500, device='cuda:0', dtype=torch.bfloat16);tensor(-2.6250, device='cuda:0', dtype=torch.bfloat16);tensor(-11.5625, device='cuda:0', dtype=torch.bfloat16);tensor(-0.6250, device='cuda:0', dtype=torch.bfloat16);tensor(-2.8750, device='cuda:0', dtype=torch.bfloat16);tensor(-12.5000, device='cuda:0', dtype=torch.bfloat16);tensor(-7.6250, device='cuda:0', dtype=torch.bfloat16);tensor(0., device='cuda:0', dtype=torch.bfloat16);tensor(-1.5000, device='cuda:0', dtype=torch.bfloat16);tensor(-8.2500, device='cuda:0', dtype=torch.bfloat16);tensor(-4.5000, device='cuda:0', dtype=torch.bfloat16)","tensor(-9.3750, device='cuda:0', dtype=torch.bfloat16);tensor(-10.1250, device='cuda:0', dtype=torch.bfloat16);tensor(-0.6250, device='cuda:0', dtype=torch.bfloat16);tensor(-4.9375, device='cuda:0', dtype=torch.bfloat16);tensor(-13.3750, device='cuda:0', dtype=torch.bfloat16);tensor(-9.5625, device='cuda:0', dtype=torch.bfloat16);tensor(0., device='cuda:0', dtype=torch.bfloat16);tensor(-1.6250, device='cuda:0', dtype=torch.bfloat16);tensor(-9.8750, device='cuda:0', dtype=torch.bfloat16);tensor(-2., device='cuda:0', dtype=torch.bfloat16)",blimp
principle_A_domain_3,Christine would explain Steven did worry himself.,Steven would explain Christine did worry himself.,513,-7.78125,-8.5,-70.0,-68.0,"tensor(-8.6875, device='cuda:0', dtype=torch.bfloat16);tensor(-2.9375, device='cuda:0', dtype=torch.bfloat16);tensor(-10.2500, device='cuda:0', dtype=torch.bfloat16);tensor(-7.3750, device='cuda:0', dtype=torch.bfloat16);tensor(-12.8125, device='cuda:0', dtype=torch.bfloat16);tensor(-9.6875, device='cuda:0', dtype=torch.bfloat16);tensor(-8.5625, device='cuda:0', dtype=torch.bfloat16);tensor(-5.2812, device='cuda:0', dtype=torch.bfloat16);tensor(-4.3125, device='cuda:0', dtype=torch.bfloat16)","tensor(-10., device='cuda:0', dtype=torch.bfloat16);tensor(-10.7500, device='cuda:0', dtype=torch.bfloat16);tensor(-6.8125, device='cuda:0', dtype=torch.bfloat16);tensor(-13.2500, device='cuda:0', dtype=torch.bfloat16);tensor(-8.2500, device='cuda:0', dtype=torch.bfloat16);tensor(-7.9375, device='cuda:0', dtype=torch.bfloat16);tensor(-7.8750, device='cuda:0', dtype=torch.bfloat16);tensor(-3., device='cuda:0', dtype=torch.bfloat16)",blimp
principle_A_domain_3,Irene thinks Liam shouldn't embarrass himself.,Liam thinks Irene shouldn't embarrass himself.,859,-6.125,-6.59375,-55.25,-59.5,"tensor(-5.6250, device='cuda:0', dtype=torch.bfloat16);tensor(-6.5000, device='cuda:0', dtype=torch.bfloat16);tensor(-10.1250, device='cuda:0', dtype=torch.bfloat16);tensor(-9., device='cuda:0', dtype=torch.bfloat16);tensor(-8.6250, device='cuda:0', dtype=torch.bfloat16);tensor(-0.5000, device='cuda:0', dtype=torch.bfloat16);tensor(-9.6250, device='cuda:0', dtype=torch.bfloat16);tensor(-0.6250, device='cuda:0', dtype=torch.bfloat16);tensor(-4.6250, device='cuda:0', dtype=torch.bfloat16)","tensor(-6.8438, device='cuda:0', dtype=torch.bfloat16);tensor(-5.6875, device='cuda:0', dtype=torch.bfloat16);tensor(-9.8125, device='cuda:0', dtype=torch.bfloat16);tensor(-11.7500, device='cuda:0', dtype=torch.bfloat16);tensor(-8.7500, device='cuda:0', dtype=torch.bfloat16);tensor(-0.5000, device='cuda:0', dtype=torch.bfloat16);tensor(-8.9375, device='cuda:0', dtype=torch.bfloat16);tensor(-4.6250, device='cuda:0', dtype=torch.bfloat16);tensor(-2.5625, device='cuda:0', dtype=torch.bfloat16)",blimp
principle_A_domain_3,Noah says Nina kisses herself.,Nina says Noah kisses herself.,136,-7.5,-7.21875,-52.5,-50.5,"tensor(-7.5625, device='cuda:0', dtype=torch.bfloat16);tensor(-3.5000, device='cuda:0', dtype=torch.bfloat16);tensor(-9.1875, device='cuda:0', dtype=torch.bfloat16);tensor(-11.6875, device='cuda:0', dtype=torch.bfloat16);tensor(-10.6250, device='cuda:0', dtype=torch.bfloat16);tensor(-6.1250, device='cuda:0', dtype=torch.bfloat16);tensor(-3.7500, device='cuda:0', dtype=torch.bfloat16)","tensor(-6.5625, device='cuda:0', dtype=torch.bfloat16);tensor(-6.0625, device='cuda:0', dtype=torch.bfloat16);tensor(-9.2500, device='cuda:0', dtype=torch.bfloat16);tensor(-9.6250, device='cuda:0', dtype=torch.bfloat16);tensor(-6.3125, device='cuda:0', dtype=torch.bfloat16);tensor(-9.1875, device='cuda:0', dtype=torch.bfloat16);tensor(-3.4375, device='cuda:0', dtype=torch.bfloat16)",blimp
principle_A_reconstruction,It's himself that Brad won't listen to.,It's himself that won't listen to Brad.,521,-5.3125,-5.40625,-53.0,-54.0,"tensor(-6.2500, device='cuda:0', dtype=torch.bfloat16);tensor(-2., device='cuda:0', dtype=torch.bfloat16);tensor(-15.6875, device='cuda:0', dtype=torch.bfloat16);tensor(-3.0625, device='cuda:0', dtype=torch.bfloat16);tensor(-9.8125, device='cuda:0', dtype=torch.bfloat16);tensor(-7.9375, device='cuda:0', dtype=torch.bfloat16);tensor(-0.2500, device='cuda:0', dtype=torch.bfloat16);tensor(-5.7500, device='cuda:0', dtype=torch.bfloat16);tensor(0., device='cuda:0', dtype=torch.bfloat16);tensor(-2.3750, device='cuda:0', dtype=torch.bfloat16)","tensor(-6.2500, device='cuda:0', dtype=torch.bfloat16);tensor(-2., device='cuda:0', dtype=torch.bfloat16);tensor(-15.6875, device='cuda:0', dtype=torch.bfloat16);tensor(-3.0625, device='cuda:0', dtype=torch.bfloat16);tensor(-5.6250, device='cuda:0', dtype=torch.bfloat16);tensor(-0.2500, device='cuda:0', dtype=torch.bfloat16);tensor(-4.2500, device='cuda:0', dtype=torch.bfloat16);tensor(-0.6250, device='cuda:0', dtype=torch.bfloat16);tensor(-11.5000, device='cuda:0', dtype=torch.bfloat16);tensor(-4.6875, device='cuda:0', dtype=torch.bfloat16)",blimp
principle_A_reconstruction,It's himself who Theodore wouldn't talk about.,It's himself who wouldn't talk about Theodore.,737,-6.53125,-5.96875,-65.0,-59.5,"tensor(-6.2500, device='cuda:0', dtype=torch.bfloat16);tensor(-2., device='cuda:0', dtype=torch.bfloat16);tensor(-15.6875, device='cuda:0', dtype=torch.bfloat16);tensor(-4., device='cuda:0', dtype=torch.bfloat16);tensor(-16.8750, device='cuda:0', dtype=torch.bfloat16);tensor(-9.7500, device='cuda:0', dtype=torch.bfloat16);tensor(0., device='cuda:0', dtype=torch.bfloat16);tensor(-6.0625, device='cuda:0', dtype=torch.bfloat16);tensor(-2.4375, device='cuda:0', dtype=torch.bfloat16);tensor(-2.1250, device='cuda:0', dtype=torch.bfloat16)","tensor(-6.2500, device='cuda:0', dtype=torch.bfloat16);tensor(-2., device='cuda:0', dtype=torch.bfloat16);tensor(-15.6875, device='cuda:0', dtype=torch.bfloat16);tensor(-4., device='cuda:0', dtype=torch.bfloat16);tensor(-7.7500, device='cuda:0', dtype=torch.bfloat16);tensor(0., device='cuda:0', dtype=torch.bfloat16);tensor(-5.6250, device='cuda:0', dtype=torch.bfloat16);tensor(-1.5000, device='cuda:0', dtype=torch.bfloat16);tensor(-12.8125, device='cuda:0', dtype=torch.bfloat16);tensor(-4., device='cuda:0', dtype=torch.bfloat16)",blimp
principle_A_reconstruction,It's himself who Derek finds.,It's himself who finds Derek.,740,-8.1875,-7.3125,-57.25,-51.0,"tensor(-6.2500, device='cuda:0', dtype=torch.bfloat16);tensor(-1.9375, device='cuda:0', dtype=torch.bfloat16);tensor(-15.6875, device='cuda:0', dtype=torch.bfloat16);tensor(-4.0312, device='cuda:0', dtype=torch.bfloat16);tensor(-16.1250, device='cuda:0', dtype=torch.bfloat16);tensor(-6.1250, device='cuda:0', dtype=torch.bfloat16);tensor(-7.0625, device='cuda:0', dtype=torch.bfloat16)","tensor(-6.2500, device='cuda:0', dtype=torch.bfloat16);tensor(-1.9375, device='cuda:0', dtype=torch.bfloat16);tensor(-15.6875, device='cuda:0', dtype=torch.bfloat16);tensor(-4.0312, device='cuda:0', dtype=torch.bfloat16);tensor(-6.0625, device='cuda:0', dtype=torch.bfloat16);tensor(-11.9375, device='cuda:0', dtype=torch.bfloat16);tensor(-5.1875, device='cuda:0', dtype=torch.bfloat16)",blimp
principle_A_reconstruction,It's herself that Samantha sounds like.,It's herself that sounds like Samantha.,660,-6.3125,-6.59375,-50.5,-52.75,"tensor(-6.2500, device='cuda:0', dtype=torch.bfloat16);tensor(-2., device='cuda:0', dtype=torch.bfloat16);tensor(-16.3750, device='cuda:0', dtype=torch.bfloat16);tensor(-2.6875, device='cuda:0', dtype=torch.bfloat16);tensor(-9.1250, device='cuda:0', dtype=torch.bfloat16);tensor(-9.2500, device='cuda:0', dtype=torch.bfloat16);tensor(-1.1250, device='cuda:0', dtype=torch.bfloat16);tensor(-3.7500, device='cuda:0', dtype=torch.bfloat16)","tensor(-6.2500, device='cuda:0', dtype=torch.bfloat16);tensor(-2., device='cuda:0', dtype=torch.bfloat16);tensor(-16.3750, device='cuda:0', dtype=torch.bfloat16);tensor(-2.6875, device='cuda:0', dtype=torch.bfloat16);tensor(-8.8125, device='cuda:0', dtype=torch.bfloat16);tensor(-2., device='cuda:0', dtype=torch.bfloat16);tensor(-11.0625, device='cuda:0', dtype=torch.bfloat16);tensor(-3.5625, device='cuda:0', dtype=torch.bfloat16)",blimp
principle_A_reconstruction,It's herself who Victoria wouldn't admire.,It's herself who wouldn't admire Victoria.,411,-6.90625,-6.5625,-62.0,-59.25,"tensor(-6.2500, device='cuda:0', dtype=torch.bfloat16);tensor(-2., device='cuda:0', dtype=torch.bfloat16);tensor(-16.3750, device='cuda:0', dtype=torch.bfloat16);tensor(-3.8125, device='cuda:0', dtype=torch.bfloat16);tensor(-14.3750, device='cuda:0', dtype=torch.bfloat16);tensor(-8.5000, device='cuda:0', dtype=torch.bfloat16);tensor(0., device='cuda:0', dtype=torch.bfloat16);tensor(-8.5625, device='cuda:0', dtype=torch.bfloat16);tensor(-2.2500, device='cuda:0', dtype=torch.bfloat16)","tensor(-6.2500, device='cuda:0', dtype=torch.bfloat16);tensor(-2., device='cuda:0', dtype=torch.bfloat16);tensor(-16.3750, device='cuda:0', dtype=torch.bfloat16);tensor(-3.8125, device='cuda:0', dtype=torch.bfloat16);tensor(-7.9688, device='cuda:0', dtype=torch.bfloat16);tensor(0., device='cuda:0', dtype=torch.bfloat16);tensor(-9.3750, device='cuda:0', dtype=torch.bfloat16);tensor(-9.6875, device='cuda:0', dtype=torch.bfloat16);tensor(-3.6875, device='cuda:0', dtype=torch.bfloat16)",blimp
principle_A_reconstruction,It's herself that an adult hasn't thought about.,It's herself that hasn't thought about an adult.,678,-5.53125,-5.59375,-60.75,-61.5,"tensor(-6.2500, device='cuda:0', dtype=torch.bfloat16);tensor(-2., device='cuda:0', dtype=torch.bfloat16);tensor(-16.3750, device='cuda:0', dtype=torch.bfloat16);tensor(-2.6875, device='cuda:0', dtype=torch.bfloat16);tensor(-7.0938, device='cuda:0', dtype=torch.bfloat16);tensor(-6.3125, device='cuda:0', dtype=torch.bfloat16);tensor(-8.8750, device='cuda:0', dtype=torch.bfloat16);tensor(0., device='cuda:0', dtype=torch.bfloat16);tensor(-6.2500, device='cuda:0', dtype=torch.bfloat16);tensor(-1.1250, device='cuda:0', dtype=torch.bfloat16);tensor(-3.8750, device='cuda:0', dtype=torch.bfloat16)","tensor(-6.2500, device='cuda:0', dtype=torch.bfloat16);tensor(-2., device='cuda:0', dtype=torch.bfloat16);tensor(-16.3750, device='cuda:0', dtype=torch.bfloat16);tensor(-2.6875, device='cuda:0', dtype=torch.bfloat16);tensor(-7.8750, device='cuda:0', dtype=torch.bfloat16);tensor(0., device='cuda:0', dtype=torch.bfloat16);tensor(-7.7188, device='cuda:0', dtype=torch.bfloat16);tensor(-1.5000, device='cuda:0', dtype=torch.bfloat16);tensor(-6.3750, device='cuda:0', dtype=torch.bfloat16);tensor(-5.8438, device='cuda:0', dtype=torch.bfloat16);tensor(-4.7812, device='cuda:0', dtype=torch.bfloat16)",blimp
principle_A_reconstruction,It's herself that Kristin observed.,It's herself that observed Kristin.,626,-6.90625,-7.3125,-55.25,-58.5,"tensor(-6.2500, device='cuda:0', dtype=torch.bfloat16);tensor(-2., device='cuda:0', dtype=torch.bfloat16);tensor(-16.3750, device='cuda:0', dtype=torch.bfloat16);tensor(-2.6875, device='cuda:0', dtype=torch.bfloat16);tensor(-8.6250, device='cuda:0', dtype=torch.bfloat16);tensor(-1.6250, device='cuda:0', dtype=torch.bfloat16);tensor(-13.1875, device='cuda:0', dtype=torch.bfloat16);tensor(-4.5625, device='cuda:0', dtype=torch.bfloat16)","tensor(-6.2500, device='cuda:0', dtype=torch.bfloat16);tensor(-2., device='cuda:0', dtype=torch.bfloat16);tensor(-16.3750, device='cuda:0', dtype=torch.bfloat16);tensor(-2.6875, device='cuda:0', dtype=torch.bfloat16);tensor(-13.6875, device='cuda:0', dtype=torch.bfloat16);tensor(-11.0625, device='cuda:0', dtype=torch.bfloat16);tensor(-1.5000, device='cuda:0', dtype=torch.bfloat16);tensor(-4.9375, device='cuda:0', dtype=torch.bfloat16)",blimp
principle_A_reconstruction,It's himself who Craig insulted.,It's himself who insulted Craig.,513,-7.3125,-6.46875,-58.5,-51.75,"tensor(-6.2500, device='cuda:0', dtype=torch.bfloat16);tensor(-2., device='cuda:0', dtype=torch.bfloat16);tensor(-15.6875, device='cuda:0', dtype=torch.bfloat16);tensor(-4., device='cuda:0', dtype=torch.bfloat16);tensor(-14.6875, device='cuda:0', dtype=torch.bfloat16);tensor(-13., device='cuda:0', dtype=torch.bfloat16);tensor(-0.1250, device='cuda:0', dtype=torch.bfloat16);tensor(-2.6250, device='cuda:0', dtype=torch.bfloat16)","tensor(-6.2500, device='cuda:0', dtype=torch.bfloat16);tensor(-2., device='cuda:0', dtype=torch.bfloat16);tensor(-15.6875, device='cuda:0', dtype=torch.bfloat16);tensor(-4., device='cuda:0', dtype=torch.bfloat16);tensor(-9.7500, device='cuda:0', dtype=torch.bfloat16);tensor(-0.1875, device='cuda:0', dtype=torch.bfloat16);tensor(-10.3125, device='cuda:0', dtype=torch.bfloat16);tensor(-3.5000, device='cuda:0', dtype=torch.bfloat16)",blimp
principle_A_reconstruction,It's himself who every boy was thinking about.,It's himself who was thinking about every boy.,859,-6.1875,-6.0625,-61.75,-60.75,"tensor(-6.2500, device='cuda:0', dtype=torch.bfloat16);tensor(-2., device='cuda:0', dtype=torch.bfloat16);tensor(-15.6875, device='cuda:0', dtype=torch.bfloat16);tensor(-4., device='cuda:0', dtype=torch.bfloat16);tensor(-11.1250, device='cuda:0', dtype=torch.bfloat16);tensor(-6.4375, device='cuda:0', dtype=torch.bfloat16);tensor(-6.1250, device='cuda:0', dtype=torch.bfloat16);tensor(-6.1250, device='cuda:0', dtype=torch.bfloat16);tensor(-1.2500, device='cuda:0', dtype=torch.bfloat16);tensor(-2.7500, device='cuda:0', dtype=torch.bfloat16)","tensor(-6.2500, device='cuda:0', dtype=torch.bfloat16);tensor(-2., device='cuda:0', dtype=torch.bfloat16);tensor(-15.6875, device='cuda:0', dtype=torch.bfloat16);tensor(-4., device='cuda:0', dtype=torch.bfloat16);tensor(-4.9375, device='cuda:0', dtype=torch.bfloat16);tensor(-6.5312, device='cuda:0', dtype=torch.bfloat16);tensor(-1.6875, device='cuda:0', dtype=torch.bfloat16);tensor(-8.4375, device='cuda:0', dtype=torch.bfloat16);tensor(-6.3125, device='cuda:0', dtype=torch.bfloat16);tensor(-4.8750, device='cuda:0', dtype=torch.bfloat16)",blimp
principle_A_reconstruction,It's herself who Tamara isn't returning to.,It's herself who isn't returning to Tamara.,136,-5.78125,-5.4375,-63.5,-60.0,"tensor(-6.2500, device='cuda:0', dtype=torch.bfloat16);tensor(-2., device='cuda:0', dtype=torch.bfloat16);tensor(-16.3750, device='cuda:0', dtype=torch.bfloat16);tensor(-3.8125, device='cuda:0', dtype=torch.bfloat16);tensor(-13.6250, device='cuda:0', dtype=torch.bfloat16);tensor(-0.6250, device='cuda:0', dtype=torch.bfloat16);tensor(-7.3750, device='cuda:0', dtype=torch.bfloat16);tensor(0., device='cuda:0', dtype=torch.bfloat16);tensor(-8.3750, device='cuda:0', dtype=torch.bfloat16);tensor(-2.3750, device='cuda:0', dtype=torch.bfloat16);tensor(-2.8125, device='cuda:0', dtype=torch.bfloat16)","tensor(-6.2500, device='cuda:0', dtype=torch.bfloat16);tensor(-2., device='cuda:0', dtype=torch.bfloat16);tensor(-16.3750, device='cuda:0', dtype=torch.bfloat16);tensor(-3.8125, device='cuda:0', dtype=torch.bfloat16);tensor(-6.4375, device='cuda:0', dtype=torch.bfloat16);tensor(0., device='cuda:0', dtype=torch.bfloat16);tensor(-7.9688, device='cuda:0', dtype=torch.bfloat16);tensor(-2.6875, device='cuda:0', dtype=torch.bfloat16);tensor(-9.7500, device='cuda:0', dtype=torch.bfloat16);tensor(-0.7500, device='cuda:0', dtype=torch.bfloat16);tensor(-3.8750, device='cuda:0', dtype=torch.bfloat16)",blimp
regular_plural_subject_verb_agreement_1,Kristin leaves Monica.,Kristin leave Monica.,521,-8.25,-8.75,-41.25,-44.0,"tensor(-9.7500, device='cuda:0', dtype=torch.bfloat16);tensor(-1.6250, device='cuda:0', dtype=torch.bfloat16);tensor(-9.6250, device='cuda:0', dtype=torch.bfloat16);tensor(-12.2500, device='cuda:0', dtype=torch.bfloat16);tensor(-8., device='cuda:0', dtype=torch.bfloat16)","tensor(-9.7500, device='cuda:0', dtype=torch.bfloat16);tensor(-1.6250, device='cuda:0', dtype=torch.bfloat16);tensor(-14.0625, device='cuda:0', dtype=torch.bfloat16);tensor(-12.1250, device='cuda:0', dtype=torch.bfloat16);tensor(-6.3125, device='cuda:0', dtype=torch.bfloat16)",blimp
regular_plural_subject_verb_agreement_1,All waiters weren't arguing about Dana.,All waiters wasn't arguing about Dana.,737,-6.875,-7.53125,-61.75,-67.5,"tensor(-6.9375, device='cuda:0', dtype=torch.bfloat16);tensor(-11.3125, device='cuda:0', dtype=torch.bfloat16);tensor(-1.0625, device='cuda:0', dtype=torch.bfloat16);tensor(-10.3750, device='cuda:0', dtype=torch.bfloat16);tensor(-0.5000, device='cuda:0', dtype=torch.bfloat16);tensor(-12., device='cuda:0', dtype=torch.bfloat16);tensor(-2.5625, device='cuda:0', dtype=torch.bfloat16);tensor(-13.1250, device='cuda:0', dtype=torch.bfloat16);tensor(-3.9375, device='cuda:0', dtype=torch.bfloat16)","tensor(-6.9375, device='cuda:0', dtype=torch.bfloat16);tensor(-11.3125, device='cuda:0', dtype=torch.bfloat16);tensor(-1.0625, device='cuda:0', dtype=torch.bfloat16);tensor(-15.0625, device='cuda:0', dtype=torch.bfloat16);tensor(-0.6250, device='cuda:0', dtype=torch.bfloat16);tensor(-12.8125, device='cuda:0', dtype=torch.bfloat16);tensor(-2.8125, device='cuda:0', dtype=torch.bfloat16);tensor(-13.2500, device='cuda:0', dtype=torch.bfloat16);tensor(-3.8125, device='cuda:0', dtype=torch.bfloat16)",blimp
regular_plural_subject_verb_agreement_1,That guy wasn't noticing Samuel.,That guy aren't noticing Samuel.,740,-7.15625,-7.90625,-50.25,-55.5,"tensor(-7.7500, device='cuda:0', dtype=torch.bfloat16);tensor(-6.5625, device='cuda:0', dtype=torch.bfloat16);tensor(-6.6875, device='cuda:0', dtype=torch.bfloat16);tensor(-0.3750, device='cuda:0', dtype=torch.bfloat16);tensor(-12.9375, device='cuda:0', dtype=torch.bfloat16);tensor(-12.3750, device='cuda:0', dtype=torch.bfloat16);tensor(-3.5000, device='cuda:0', dtype=torch.bfloat16)","tensor(-7.7500, device='cuda:0', dtype=torch.bfloat16);tensor(-6.5625, device='cuda:0', dtype=torch.bfloat16);tensor(-11.9375, device='cuda:0', dtype=torch.bfloat16);tensor(-0.3750, device='cuda:0', dtype=torch.bfloat16);tensor(-11.3750, device='cuda:0', dtype=torch.bfloat16);tensor(-12.3125, device='cuda:0', dtype=torch.bfloat16);tensor(-5.0625, device='cuda:0', dtype=torch.bfloat16)",blimp
regular_plural_subject_verb_agreement_1,Victoria is wearing all scarves.,Victoria were wearing all scarves.,660,-5.96875,-6.875,-41.75,-48.0,"tensor(-9.9375, device='cuda:0', dtype=torch.bfloat16);tensor(-4.5000, device='cuda:0', dtype=torch.bfloat16);tensor(-8.7500, device='cuda:0', dtype=torch.bfloat16);tensor(-6.1875, device='cuda:0', dtype=torch.bfloat16);tensor(-8.5000, device='cuda:0', dtype=torch.bfloat16);tensor(-0.2500, device='cuda:0', dtype=torch.bfloat16);tensor(-3.6250, device='cuda:0', dtype=torch.bfloat16)","tensor(-9.9375, device='cuda:0', dtype=torch.bfloat16);tensor(-11.2500, device='cuda:0', dtype=torch.bfloat16);tensor(-7.9375, device='cuda:0', dtype=torch.bfloat16);tensor(-5.2500, device='cuda:0', dtype=torch.bfloat16);tensor(-8.2500, device='cuda:0', dtype=torch.bfloat16);tensor(-1.1250, device='cuda:0', dtype=torch.bfloat16);tensor(-4.3750, device='cuda:0', dtype=torch.bfloat16)",blimp
regular_plural_subject_verb_agreement_1,Those banks describe Eric.,Those banks describes Eric.,411,-10.0,-10.5625,-50.0,-52.75,"tensor(-8.6875, device='cuda:0', dtype=torch.bfloat16);tensor(-9.2500, device='cuda:0', dtype=torch.bfloat16);tensor(-11.4375, device='cuda:0', dtype=torch.bfloat16);tensor(-11.8750, device='cuda:0', dtype=torch.bfloat16);tensor(-8.7500, device='cuda:0', dtype=torch.bfloat16)","tensor(-8.6875, device='cuda:0', dtype=torch.bfloat16);tensor(-9.2500, device='cuda:0', dtype=torch.bfloat16);tensor(-14.3125, device='cuda:0', dtype=torch.bfloat16);tensor(-13.0625, device='cuda:0', dtype=torch.bfloat16);tensor(-7.5312, device='cuda:0', dtype=torch.bfloat16)",blimp
regular_plural_subject_verb_agreement_1,All customers conceal most students.,All customers conceals most students.,678,-8.3125,-7.34375,-50.0,-51.5,"tensor(-6.9375, device='cuda:0', dtype=torch.bfloat16);tensor(-7.1875, device='cuda:0', dtype=torch.bfloat16);tensor(-15.8750, device='cuda:0', dtype=torch.bfloat16);tensor(-7., device='cuda:0', dtype=torch.bfloat16);tensor(-9.1250, device='cuda:0', dtype=torch.bfloat16);tensor(-3.8750, device='cuda:0', dtype=torch.bfloat16)","tensor(-6.9375, device='cuda:0', dtype=torch.bfloat16);tensor(-7.1875, device='cuda:0', dtype=torch.bfloat16);tensor(-14.7500, device='cuda:0', dtype=torch.bfloat16);tensor(-3.6875, device='cuda:0', dtype=torch.bfloat16);tensor(-7.1250, device='cuda:0', dtype=torch.bfloat16);tensor(-8.1250, device='cuda:0', dtype=torch.bfloat16);tensor(-3.6875, device='cuda:0', dtype=torch.bfloat16)",blimp
regular_plural_subject_verb_agreement_1,Christine praises every movie.,Christine praise every movie.,626,-8.125,-8.1875,-48.75,-49.25,"tensor(-8.6875, device='cuda:0', dtype=torch.bfloat16);tensor(-2.9375, device='cuda:0', dtype=torch.bfloat16);tensor(-12.2500, device='cuda:0', dtype=torch.bfloat16);tensor(-9.6250, device='cuda:0', dtype=torch.bfloat16);tensor(-9.3750, device='cuda:0', dtype=torch.bfloat16);tensor(-5.8750, device='cuda:0', dtype=torch.bfloat16)","tensor(-8.6875, device='cuda:0', dtype=torch.bfloat16);tensor(-2.9375, device='cuda:0', dtype=torch.bfloat16);tensor(-15.6875, device='cuda:0', dtype=torch.bfloat16);tensor(-9.5625, device='cuda:0', dtype=torch.bfloat16);tensor(-7.5938, device='cuda:0', dtype=torch.bfloat16);tensor(-4.7500, device='cuda:0', dtype=torch.bfloat16)",blimp
regular_plural_subject_verb_agreement_1,Elizabeth explores all restaurants.,Elizabeth explore all restaurants.,513,-8.875,-9.0,-44.5,-45.0,"tensor(-9.1875, device='cuda:0', dtype=torch.bfloat16);tensor(-12.6875, device='cuda:0', dtype=torch.bfloat16);tensor(-5.9062, device='cuda:0', dtype=torch.bfloat16);tensor(-10.3750, device='cuda:0', dtype=torch.bfloat16);tensor(-6.3750, device='cuda:0', dtype=torch.bfloat16)","tensor(-9.1875, device='cuda:0', dtype=torch.bfloat16);tensor(-17.2500, device='cuda:0', dtype=torch.bfloat16);tensor(-5.6562, device='cuda:0', dtype=torch.bfloat16);tensor(-8.8750, device='cuda:0', dtype=torch.bfloat16);tensor(-4., device='cuda:0', dtype=torch.bfloat16)",blimp
regular_plural_subject_verb_agreement_1,Stacy isn't boasting about Russell.,Stacy aren't boasting about Russell.,859,-6.6875,-7.5,-53.5,-60.0,"tensor(-7.1875, device='cuda:0', dtype=torch.bfloat16);tensor(-5.1875, device='cuda:0', dtype=torch.bfloat16);tensor(-11.1250, device='cuda:0', dtype=torch.bfloat16);tensor(-0.5000, device='cuda:0', dtype=torch.bfloat16);tensor(-10.1250, device='cuda:0', dtype=torch.bfloat16);tensor(-1.2500, device='cuda:0', dtype=torch.bfloat16);tensor(-14.3750, device='cuda:0', dtype=torch.bfloat16);tensor(-3.8125, device='cuda:0', dtype=torch.bfloat16)","tensor(-7.1875, device='cuda:0', dtype=torch.bfloat16);tensor(-5.1875, device='cuda:0', dtype=torch.bfloat16);tensor(-15.3750, device='cuda:0', dtype=torch.bfloat16);tensor(-1.0625, device='cuda:0', dtype=torch.bfloat16);tensor(-12.1250, device='cuda:0', dtype=torch.bfloat16);tensor(-1.8125, device='cuda:0', dtype=torch.bfloat16);tensor(-12.1875, device='cuda:0', dtype=torch.bfloat16);tensor(-5.1875, device='cuda:0', dtype=torch.bfloat16)",blimp
regular_plural_subject_verb_agreement_1,Sara hasn't impressed the Lutherans.,Sara haven't impressed the Lutherans.,136,-6.25,-6.78125,-56.25,-61.0,"tensor(-6.3125, device='cuda:0', dtype=torch.bfloat16);tensor(-5.0625, device='cuda:0', dtype=torch.bfloat16);tensor(-10.6250, device='cuda:0', dtype=torch.bfloat16);tensor(-0.6250, device='cuda:0', dtype=torch.bfloat16);tensor(-14.5000, device='cuda:0', dtype=torch.bfloat16);tensor(-2.6250, device='cuda:0', dtype=torch.bfloat16);tensor(-11.5000, device='cuda:0', dtype=torch.bfloat16);tensor(-1.4375, device='cuda:0', dtype=torch.bfloat16);tensor(-3.5625, device='cuda:0', dtype=torch.bfloat16)","tensor(-6.3125, device='cuda:0', dtype=torch.bfloat16);tensor(-5.0625, device='cuda:0', dtype=torch.bfloat16);tensor(-14.6250, device='cuda:0', dtype=torch.bfloat16);tensor(-1., device='cuda:0', dtype=torch.bfloat16);tensor(-12.8750, device='cuda:0', dtype=torch.bfloat16);tensor(-3.1875, device='cuda:0', dtype=torch.bfloat16);tensor(-12.0625, device='cuda:0', dtype=torch.bfloat16);tensor(-2., device='cuda:0', dtype=torch.bfloat16);tensor(-3.8125, device='cuda:0', dtype=torch.bfloat16)",blimp
regular_plural_subject_verb_agreement_2,The governments haven't interacted.,The government haven't interacted.,521,-6.09375,-6.125,-42.75,-42.75,"tensor(-3.5625, device='cuda:0', dtype=torch.bfloat16);tensor(-10.4375, device='cuda:0', dtype=torch.bfloat16);tensor(-10.7500, device='cuda:0', dtype=torch.bfloat16);tensor(-0.7500, device='cuda:0', dtype=torch.bfloat16);tensor(-11.8750, device='cuda:0', dtype=torch.bfloat16);tensor(0., device='cuda:0', dtype=torch.bfloat16);tensor(-5.3750, device='cuda:0', dtype=torch.bfloat16)","tensor(-3.5625, device='cuda:0', dtype=torch.bfloat16);tensor(-7.0938, device='cuda:0', dtype=torch.bfloat16);tensor(-11.6250, device='cuda:0', dtype=torch.bfloat16);tensor(-0.7500, device='cuda:0', dtype=torch.bfloat16);tensor(-12.3750, device='cuda:0', dtype=torch.bfloat16);tensor(-0.1250, device='cuda:0', dtype=torch.bfloat16);tensor(-7.3125, device='cuda:0', dtype=torch.bfloat16)",blimp
regular_plural_subject_verb_agreement_2,The patients haven't explored the lakes.,The patient haven't explored the lakes.,737,-6.5,-6.78125,-52.0,-54.25,"tensor(-3.5625, device='cuda:0', dtype=torch.bfloat16);tensor(-9.8125, device='cuda:0', dtype=torch.bfloat16);tensor(-11.4375, device='cuda:0', dtype=torch.bfloat16);tensor(-0.7500, device='cuda:0', dtype=torch.bfloat16);tensor(-10.5625, device='cuda:0', dtype=torch.bfloat16);tensor(-1.6250, device='cuda:0', dtype=torch.bfloat16);tensor(-9.5000, device='cuda:0', dtype=torch.bfloat16);tensor(-4.7500, device='cuda:0', dtype=torch.bfloat16)","tensor(-3.5625, device='cuda:0', dtype=torch.bfloat16);tensor(-8.4375, device='cuda:0', dtype=torch.bfloat16);tensor(-15.3125, device='cuda:0', dtype=torch.bfloat16);tensor(-0.7500, device='cuda:0', dtype=torch.bfloat16);tensor(-9.7500, device='cuda:0', dtype=torch.bfloat16);tensor(-1.5625, device='cuda:0', dtype=torch.bfloat16);tensor(-9.8125, device='cuda:0', dtype=torch.bfloat16);tensor(-5., device='cuda:0', dtype=torch.bfloat16)",blimp
regular_plural_subject_verb_agreement_2,The essay disagrees with most pedestrians.,The essays disagrees with most pedestrians.,740,-7.03125,-7.40625,-49.25,-51.75,"tensor(-3.5625, device='cuda:0', dtype=torch.bfloat16);tensor(-9.8750, device='cuda:0', dtype=torch.bfloat16);tensor(-11.2500, device='cuda:0', dtype=torch.bfloat16);tensor(-0.1250, device='cuda:0', dtype=torch.bfloat16);tensor(-6.8750, device='cuda:0', dtype=torch.bfloat16);tensor(-12.7500, device='cuda:0', dtype=torch.bfloat16);tensor(-4.8125, device='cuda:0', dtype=torch.bfloat16)","tensor(-3.5625, device='cuda:0', dtype=torch.bfloat16);tensor(-10.3750, device='cuda:0', dtype=torch.bfloat16);tensor(-14.3125, device='cuda:0', dtype=torch.bfloat16);tensor(-0.4375, device='cuda:0', dtype=torch.bfloat16);tensor(-6.0625, device='cuda:0', dtype=torch.bfloat16);tensor(-12.8750, device='cuda:0', dtype=torch.bfloat16);tensor(-4.1875, device='cuda:0', dtype=torch.bfloat16)",blimp
regular_plural_subject_verb_agreement_2,The guys stand up.,The guy stand up.,660,-6.40625,-6.65625,-32.0,-33.25,"tensor(-3.5625, device='cuda:0', dtype=torch.bfloat16);tensor(-9.6875, device='cuda:0', dtype=torch.bfloat16);tensor(-10.2500, device='cuda:0', dtype=torch.bfloat16);tensor(-2.8125, device='cuda:0', dtype=torch.bfloat16);tensor(-5.7812, device='cuda:0', dtype=torch.bfloat16)","tensor(-3.5625, device='cuda:0', dtype=torch.bfloat16);tensor(-10.3750, device='cuda:0', dtype=torch.bfloat16);tensor(-11.5000, device='cuda:0', dtype=torch.bfloat16);tensor(-2., device='cuda:0', dtype=torch.bfloat16);tensor(-5.8125, device='cuda:0', dtype=torch.bfloat16)",blimp
regular_plural_subject_verb_agreement_2,The teacher has seen most boys.,The teachers has seen most boys.,411,-6.40625,-7.25,-44.75,-50.75,"tensor(-3.5625, device='cuda:0', dtype=torch.bfloat16);tensor(-9.8750, device='cuda:0', dtype=torch.bfloat16);tensor(-4.6875, device='cuda:0', dtype=torch.bfloat16);tensor(-5.1875, device='cuda:0', dtype=torch.bfloat16);tensor(-7.1250, device='cuda:0', dtype=torch.bfloat16);tensor(-6.8125, device='cuda:0', dtype=torch.bfloat16);tensor(-7.5625, device='cuda:0', dtype=torch.bfloat16)","tensor(-3.5625, device='cuda:0', dtype=torch.bfloat16);tensor(-10.1250, device='cuda:0', dtype=torch.bfloat16);tensor(-9.6250, device='cuda:0', dtype=torch.bfloat16);tensor(-6.1250, device='cuda:0', dtype=torch.bfloat16);tensor(-7.3438, device='cuda:0', dtype=torch.bfloat16);tensor(-6.8438, device='cuda:0', dtype=torch.bfloat16);tensor(-7.2188, device='cuda:0', dtype=torch.bfloat16)",blimp
regular_plural_subject_verb_agreement_2,The teacher responds.,The teachers responds.,678,-7.125,-8.5625,-28.5,-34.25,"tensor(-3.5625, device='cuda:0', dtype=torch.bfloat16);tensor(-9.8750, device='cuda:0', dtype=torch.bfloat16);tensor(-8.5625, device='cuda:0', dtype=torch.bfloat16);tensor(-6.5625, device='cuda:0', dtype=torch.bfloat16)","tensor(-3.5625, device='cuda:0', dtype=torch.bfloat16);tensor(-10.1250, device='cuda:0', dtype=torch.bfloat16);tensor(-13.6875, device='cuda:0', dtype=torch.bfloat16);tensor(-6.8750, device='cuda:0', dtype=torch.bfloat16)",blimp
regular_plural_subject_verb_agreement_2,The schools weren't disturbing a lot of actors.,The school weren't disturbing a lot of actors.,626,-6.03125,-6.25,-60.5,-62.5,"tensor(-3.5625, device='cuda:0', dtype=torch.bfloat16);tensor(-9.9375, device='cuda:0', dtype=torch.bfloat16);tensor(-10.3750, device='cuda:0', dtype=torch.bfloat16);tensor(-0.7500, device='cuda:0', dtype=torch.bfloat16);tensor(-13.2500, device='cuda:0', dtype=torch.bfloat16);tensor(-4.6250, device='cuda:0', dtype=torch.bfloat16);tensor(-3.9375, device='cuda:0', dtype=torch.bfloat16);tensor(-0.3750, device='cuda:0', dtype=torch.bfloat16);tensor(-10.4375, device='cuda:0', dtype=torch.bfloat16);tensor(-3.1875, device='cuda:0', dtype=torch.bfloat16)","tensor(-3.5625, device='cuda:0', dtype=torch.bfloat16);tensor(-7.5000, device='cuda:0', dtype=torch.bfloat16);tensor(-16.3750, device='cuda:0', dtype=torch.bfloat16);tensor(-0.7500, device='cuda:0', dtype=torch.bfloat16);tensor(-12.2500, device='cuda:0', dtype=torch.bfloat16);tensor(-3.9375, device='cuda:0', dtype=torch.bfloat16);tensor(-4.3125, device='cuda:0', dtype=torch.bfloat16);tensor(-0.5625, device='cuda:0', dtype=torch.bfloat16);tensor(-9.8750, device='cuda:0', dtype=torch.bfloat16);tensor(-3.4375, device='cuda:0', dtype=torch.bfloat16)",blimp
regular_plural_subject_verb_agreement_2,The ladies negotiate.,The lady negotiate.,513,-8.875,-9.25,-35.5,-37.0,"tensor(-3.5625, device='cuda:0', dtype=torch.bfloat16);tensor(-10.2500, device='cuda:0', dtype=torch.bfloat16);tensor(-14.3125, device='cuda:0', dtype=torch.bfloat16);tensor(-7.2812, device='cuda:0', dtype=torch.bfloat16)","tensor(-3.5625, device='cuda:0', dtype=torch.bfloat16);tensor(-11.1250, device='cuda:0', dtype=torch.bfloat16);tensor(-16.3750, device='cuda:0', dtype=torch.bfloat16);tensor(-5.8750, device='cuda:0', dtype=torch.bfloat16)",blimp
regular_plural_subject_verb_agreement_2,The hamsters stun Renee.,The hamster stun Renee.,859,-7.34375,-7.5625,-51.25,-53.0,"tensor(-3.5625, device='cuda:0', dtype=torch.bfloat16);tensor(-10.5625, device='cuda:0', dtype=torch.bfloat16);tensor(-3.1875, device='cuda:0', dtype=torch.bfloat16);tensor(-14.4375, device='cuda:0', dtype=torch.bfloat16);tensor(-14.5625, device='cuda:0', dtype=torch.bfloat16);tensor(-0.7500, device='cuda:0', dtype=torch.bfloat16);tensor(-4.2500, device='cuda:0', dtype=torch.bfloat16)","tensor(-3.5625, device='cuda:0', dtype=torch.bfloat16);tensor(-10.5625, device='cuda:0', dtype=torch.bfloat16);tensor(-1.5000, device='cuda:0', dtype=torch.bfloat16);tensor(-15., device='cuda:0', dtype=torch.bfloat16);tensor(-15.8125, device='cuda:0', dtype=torch.bfloat16);tensor(-1.1250, device='cuda:0', dtype=torch.bfloat16);tensor(-5.4062, device='cuda:0', dtype=torch.bfloat16)",blimp
regular_plural_subject_verb_agreement_2,The gloves were impressing Diana.,The glove were impressing Diana.,136,-7.65625,-8.0625,-53.5,-56.5,"tensor(-3.5625, device='cuda:0', dtype=torch.bfloat16);tensor(-11.8125, device='cuda:0', dtype=torch.bfloat16);tensor(-3.1875, device='cuda:0', dtype=torch.bfloat16);tensor(-13.9375, device='cuda:0', dtype=torch.bfloat16);tensor(-4.7500, device='cuda:0', dtype=torch.bfloat16);tensor(-13.5000, device='cuda:0', dtype=torch.bfloat16);tensor(-2.7500, device='cuda:0', dtype=torch.bfloat16)","tensor(-3.5625, device='cuda:0', dtype=torch.bfloat16);tensor(-13.1250, device='cuda:0', dtype=torch.bfloat16);tensor(-8.5000, device='cuda:0', dtype=torch.bfloat16);tensor(-10.6250, device='cuda:0', dtype=torch.bfloat16);tensor(-4.4375, device='cuda:0', dtype=torch.bfloat16);tensor(-13.3750, device='cuda:0', dtype=torch.bfloat16);tensor(-2.8750, device='cuda:0', dtype=torch.bfloat16)",blimp
sentential_negation_npi_licensor_present,Those actors have not ever competed.,Those actors have really ever competed.,521,-6.65625,-7.4375,-46.5,-52.0,"tensor(-8.6875, device='cuda:0', dtype=torch.bfloat16);tensor(-9.2500, device='cuda:0', dtype=torch.bfloat16);tensor(-4.1875, device='cuda:0', dtype=torch.bfloat16);tensor(-5., device='cuda:0', dtype=torch.bfloat16);tensor(-6.4375, device='cuda:0', dtype=torch.bfloat16);tensor(-7.6875, device='cuda:0', dtype=torch.bfloat16);tensor(-5.2500, device='cuda:0', dtype=torch.bfloat16)","tensor(-8.6875, device='cuda:0', dtype=torch.bfloat16);tensor(-9.2500, device='cuda:0', dtype=torch.bfloat16);tensor(-4.1875, device='cuda:0', dtype=torch.bfloat16);tensor(-5.3750, device='cuda:0', dtype=torch.bfloat16);tensor(-11.1250, device='cuda:0', dtype=torch.bfloat16);tensor(-8.7500, device='cuda:0', dtype=torch.bfloat16);tensor(-4.7500, device='cuda:0', dtype=torch.bfloat16)",blimp
sentential_negation_npi_licensor_present,Tracy does not ever whisper.,Tracy does really ever whisper.,737,-6.5,-7.75,-45.5,-54.25,"tensor(-8.3750, device='cuda:0', dtype=torch.bfloat16);tensor(-3.4375, device='cuda:0', dtype=torch.bfloat16);tensor(-9.5000, device='cuda:0', dtype=torch.bfloat16);tensor(-1.8750, device='cuda:0', dtype=torch.bfloat16);tensor(-7.6562, device='cuda:0', dtype=torch.bfloat16);tensor(-12., device='cuda:0', dtype=torch.bfloat16);tensor(-2.6250, device='cuda:0', dtype=torch.bfloat16)","tensor(-8.3750, device='cuda:0', dtype=torch.bfloat16);tensor(-3.4375, device='cuda:0', dtype=torch.bfloat16);tensor(-9.5000, device='cuda:0', dtype=torch.bfloat16);tensor(-7.5312, device='cuda:0', dtype=torch.bfloat16);tensor(-9.6875, device='cuda:0', dtype=torch.bfloat16);tensor(-12.2500, device='cuda:0', dtype=torch.bfloat16);tensor(-3.4375, device='cuda:0', dtype=torch.bfloat16)",blimp
sentential_negation_npi_licensor_present,Christine has not ever commanded Carlos's ex-husbands to assemble.,Christine has probably ever commanded Carlos's ex-husbands to assemble.,740,-6.15625,-6.25,-92.5,-93.5,"tensor(-8.6875, device='cuda:0', dtype=torch.bfloat16);tensor(-2.9375, device='cuda:0', dtype=torch.bfloat16);tensor(-5.6250, device='cuda:0', dtype=torch.bfloat16);tensor(-5.6875, device='cuda:0', dtype=torch.bfloat16);tensor(-9.0625, device='cuda:0', dtype=torch.bfloat16);tensor(-10.6250, device='cuda:0', dtype=torch.bfloat16);tensor(-13.1250, device='cuda:0', dtype=torch.bfloat16);tensor(-3.2500, device='cuda:0', dtype=torch.bfloat16);tensor(-8.3125, device='cuda:0', dtype=torch.bfloat16);tensor(-5.6250, device='cuda:0', dtype=torch.bfloat16);tensor(-4., device='cuda:0', dtype=torch.bfloat16);tensor(-0.2500, device='cuda:0', dtype=torch.bfloat16);tensor(-2.0625, device='cuda:0', dtype=torch.bfloat16);tensor(-8.3750, device='cuda:0', dtype=torch.bfloat16);tensor(-4.8125, device='cuda:0', dtype=torch.bfloat16)","tensor(-8.6875, device='cuda:0', dtype=torch.bfloat16);tensor(-2.9375, device='cuda:0', dtype=torch.bfloat16);tensor(-5.6250, device='cuda:0', dtype=torch.bfloat16);tensor(-10.3125, device='cuda:0', dtype=torch.bfloat16);tensor(-10.4375, device='cuda:0', dtype=torch.bfloat16);tensor(-9.8750, device='cuda:0', dtype=torch.bfloat16);tensor(-12.7500, device='cuda:0', dtype=torch.bfloat16);tensor(-4.2500, device='cuda:0', dtype=torch.bfloat16);tensor(-7.0938, device='cuda:0', dtype=torch.bfloat16);tensor(-4.6875, device='cuda:0', dtype=torch.bfloat16);tensor(-3.4375, device='cuda:0', dtype=torch.bfloat16);tensor(-0.1250, device='cuda:0', dtype=torch.bfloat16);tensor(-2.1250, device='cuda:0', dtype=torch.bfloat16);tensor(-7.3750, device='cuda:0', dtype=torch.bfloat16);tensor(-4., device='cuda:0', dtype=torch.bfloat16)",blimp
sentential_negation_npi_licensor_present,Debra can not ever joke around.,Debra can really ever joke around.,660,-6.21875,-6.5625,-49.75,-52.5,"tensor(-7.5938, device='cuda:0', dtype=torch.bfloat16);tensor(-5.5625, device='cuda:0', dtype=torch.bfloat16);tensor(-7.7188, device='cuda:0', dtype=torch.bfloat16);tensor(-4.1250, device='cuda:0', dtype=torch.bfloat16);tensor(-7.9375, device='cuda:0', dtype=torch.bfloat16);tensor(-11.8750, device='cuda:0', dtype=torch.bfloat16);tensor(-1.8750, device='cuda:0', dtype=torch.bfloat16);tensor(-3., device='cuda:0', dtype=torch.bfloat16)","tensor(-7.5938, device='cuda:0', dtype=torch.bfloat16);tensor(-5.5625, device='cuda:0', dtype=torch.bfloat16);tensor(-7.7188, device='cuda:0', dtype=torch.bfloat16);tensor(-7.2500, device='cuda:0', dtype=torch.bfloat16);tensor(-9.2500, device='cuda:0', dtype=torch.bfloat16);tensor(-10.7500, device='cuda:0', dtype=torch.bfloat16);tensor(-1.6875, device='cuda:0', dtype=torch.bfloat16);tensor(-2.6875, device='cuda:0', dtype=torch.bfloat16)",blimp
sentential_negation_npi_licensor_present,Jodi had not ever climbed down that mountain.,Jodi had really ever climbed down that mountain.,411,-5.78125,-6.625,-57.75,-66.5,"tensor(-6.8125, device='cuda:0', dtype=torch.bfloat16);tensor(-5.7500, device='cuda:0', dtype=torch.bfloat16);tensor(-8.1875, device='cuda:0', dtype=torch.bfloat16);tensor(-5.6250, device='cuda:0', dtype=torch.bfloat16);tensor(-6.1250, device='cuda:0', dtype=torch.bfloat16);tensor(-7.7500, device='cuda:0', dtype=torch.bfloat16);tensor(-6.7500, device='cuda:0', dtype=torch.bfloat16);tensor(-4.1875, device='cuda:0', dtype=torch.bfloat16);tensor(-3.6875, device='cuda:0', dtype=torch.bfloat16);tensor(-2.8750, device='cuda:0', dtype=torch.bfloat16)","tensor(-6.8125, device='cuda:0', dtype=torch.bfloat16);tensor(-5.7500, device='cuda:0', dtype=torch.bfloat16);tensor(-8.1875, device='cuda:0', dtype=torch.bfloat16);tensor(-7.2812, device='cuda:0', dtype=torch.bfloat16);tensor(-11., device='cuda:0', dtype=torch.bfloat16);tensor(-9.6250, device='cuda:0', dtype=torch.bfloat16);tensor(-5.8125, device='cuda:0', dtype=torch.bfloat16);tensor(-4.5625, device='cuda:0', dtype=torch.bfloat16);tensor(-4.3125, device='cuda:0', dtype=torch.bfloat16);tensor(-2.9375, device='cuda:0', dtype=torch.bfloat16)",blimp
sentential_negation_npi_licensor_present,Beth does not ever return to some mountains.,Beth does really ever return to some mountains.,678,-6.6875,-7.5,-60.25,-67.5,"tensor(-9.5625, device='cuda:0', dtype=torch.bfloat16);tensor(-10.1875, device='cuda:0', dtype=torch.bfloat16);tensor(-1.9375, device='cuda:0', dtype=torch.bfloat16);tensor(-7.7500, device='cuda:0', dtype=torch.bfloat16);tensor(-6., device='cuda:0', dtype=torch.bfloat16);tensor(-1.1250, device='cuda:0', dtype=torch.bfloat16);tensor(-9.8750, device='cuda:0', dtype=torch.bfloat16);tensor(-11., device='cuda:0', dtype=torch.bfloat16);tensor(-2.8125, device='cuda:0', dtype=torch.bfloat16)","tensor(-9.5625, device='cuda:0', dtype=torch.bfloat16);tensor(-10.1875, device='cuda:0', dtype=torch.bfloat16);tensor(-7.5938, device='cuda:0', dtype=torch.bfloat16);tensor(-9.5625, device='cuda:0', dtype=torch.bfloat16);tensor(-7.1562, device='cuda:0', dtype=torch.bfloat16);tensor(-1.3750, device='cuda:0', dtype=torch.bfloat16);tensor(-8., device='cuda:0', dtype=torch.bfloat16);tensor(-10.6250, device='cuda:0', dtype=torch.bfloat16);tensor(-3.3125, device='cuda:0', dtype=torch.bfloat16)",blimp
sentential_negation_npi_licensor_present,Martin would not ever remember Irene.,Martin would really ever remember Irene.,626,-7.28125,-8.1875,-51.0,-57.25,"tensor(-9.2500, device='cuda:0', dtype=torch.bfloat16);tensor(-10.0625, device='cuda:0', dtype=torch.bfloat16);tensor(-3.6250, device='cuda:0', dtype=torch.bfloat16);tensor(-7.1250, device='cuda:0', dtype=torch.bfloat16);tensor(-6.5625, device='cuda:0', dtype=torch.bfloat16);tensor(-11.8125, device='cuda:0', dtype=torch.bfloat16);tensor(-2.4375, device='cuda:0', dtype=torch.bfloat16)","tensor(-9.2500, device='cuda:0', dtype=torch.bfloat16);tensor(-10.0625, device='cuda:0', dtype=torch.bfloat16);tensor(-6.2500, device='cuda:0', dtype=torch.bfloat16);tensor(-11.8125, device='cuda:0', dtype=torch.bfloat16);tensor(-5.7812, device='cuda:0', dtype=torch.bfloat16);tensor(-11.9375, device='cuda:0', dtype=torch.bfloat16);tensor(-2.1875, device='cuda:0', dtype=torch.bfloat16)",blimp
sentential_negation_npi_licensor_present,Angela has not ever concealed Rachelle.,Angela has probably ever concealed Rachelle.,513,-7.21875,-7.625,-65.0,-68.5,"tensor(-9.0625, device='cuda:0', dtype=torch.bfloat16);tensor(-1.9375, device='cuda:0', dtype=torch.bfloat16);tensor(-5.6875, device='cuda:0', dtype=torch.bfloat16);tensor(-6.1250, device='cuda:0', dtype=torch.bfloat16);tensor(-8.5625, device='cuda:0', dtype=torch.bfloat16);tensor(-10.1250, device='cuda:0', dtype=torch.bfloat16);tensor(-16.6250, device='cuda:0', dtype=torch.bfloat16);tensor(-3.1250, device='cuda:0', dtype=torch.bfloat16);tensor(-3.6875, device='cuda:0', dtype=torch.bfloat16)","tensor(-9.0625, device='cuda:0', dtype=torch.bfloat16);tensor(-1.9375, device='cuda:0', dtype=torch.bfloat16);tensor(-5.6875, device='cuda:0', dtype=torch.bfloat16);tensor(-10.0625, device='cuda:0', dtype=torch.bfloat16);tensor(-10.3750, device='cuda:0', dtype=torch.bfloat16);tensor(-11.8125, device='cuda:0', dtype=torch.bfloat16);tensor(-14.2500, device='cuda:0', dtype=torch.bfloat16);tensor(-2.5000, device='cuda:0', dtype=torch.bfloat16);tensor(-2.8125, device='cuda:0', dtype=torch.bfloat16)",blimp
sentential_negation_npi_licensor_present,Kimberley can not ever describe a lot of documentaries.,Kimberley can probably ever describe a lot of documentaries.,859,-5.875,-5.84375,-70.5,-70.5,"tensor(-9.1250, device='cuda:0', dtype=torch.bfloat16);tensor(-1.6250, device='cuda:0', dtype=torch.bfloat16);tensor(-1.1875, device='cuda:0', dtype=torch.bfloat16);tensor(-8.6875, device='cuda:0', dtype=torch.bfloat16);tensor(-5.5625, device='cuda:0', dtype=torch.bfloat16);tensor(-7.5625, device='cuda:0', dtype=torch.bfloat16);tensor(-6.9375, device='cuda:0', dtype=torch.bfloat16);tensor(-4.4375, device='cuda:0', dtype=torch.bfloat16);tensor(-7., device='cuda:0', dtype=torch.bfloat16);tensor(-0.5000, device='cuda:0', dtype=torch.bfloat16);tensor(-13.6250, device='cuda:0', dtype=torch.bfloat16);tensor(-4.3125, device='cuda:0', dtype=torch.bfloat16)","tensor(-9.1250, device='cuda:0', dtype=torch.bfloat16);tensor(-1.6250, device='cuda:0', dtype=torch.bfloat16);tensor(-1.1875, device='cuda:0', dtype=torch.bfloat16);tensor(-8.6875, device='cuda:0', dtype=torch.bfloat16);tensor(-7.8125, device='cuda:0', dtype=torch.bfloat16);tensor(-10.2500, device='cuda:0', dtype=torch.bfloat16);tensor(-6.7812, device='cuda:0', dtype=torch.bfloat16);tensor(-3.4375, device='cuda:0', dtype=torch.bfloat16);tensor(-5.3125, device='cuda:0', dtype=torch.bfloat16);tensor(-0.6250, device='cuda:0', dtype=torch.bfloat16);tensor(-11.2500, device='cuda:0', dtype=torch.bfloat16);tensor(-4.1875, device='cuda:0', dtype=torch.bfloat16)",blimp
sentential_negation_npi_licensor_present,Jacqueline has not ever suffered.,Jacqueline has probably ever suffered.,136,-5.875,-6.53125,-47.0,-52.25,"tensor(-10.1250, device='cuda:0', dtype=torch.bfloat16);tensor(-1.5000, device='cuda:0', dtype=torch.bfloat16);tensor(-0.2500, device='cuda:0', dtype=torch.bfloat16);tensor(-6., device='cuda:0', dtype=torch.bfloat16);tensor(-5.5625, device='cuda:0', dtype=torch.bfloat16);tensor(-9.3125, device='cuda:0', dtype=torch.bfloat16);tensor(-6.3125, device='cuda:0', dtype=torch.bfloat16);tensor(-7.9375, device='cuda:0', dtype=torch.bfloat16)","tensor(-10.1250, device='cuda:0', dtype=torch.bfloat16);tensor(-1.5000, device='cuda:0', dtype=torch.bfloat16);tensor(-0.2500, device='cuda:0', dtype=torch.bfloat16);tensor(-6., device='cuda:0', dtype=torch.bfloat16);tensor(-10.2500, device='cuda:0', dtype=torch.bfloat16);tensor(-10.1250, device='cuda:0', dtype=torch.bfloat16);tensor(-6.8750, device='cuda:0', dtype=torch.bfloat16);tensor(-7.0625, device='cuda:0', dtype=torch.bfloat16)",blimp
sentential_negation_npi_scope,Carrie's ex-girlfriend who is discovering the book has not ever hoped to scream.,Carrie's ex-girlfriend who is not discovering the book has ever hoped to scream.,521,-5.53125,-5.46875,-99.5,-98.5,"tensor(-7.8125, device='cuda:0', dtype=torch.bfloat16);tensor(-2.6875, device='cuda:0', dtype=torch.bfloat16);tensor(-4.0625, device='cuda:0', dtype=torch.bfloat16);tensor(-7.3750, device='cuda:0', dtype=torch.bfloat16);tensor(-4.5000, device='cuda:0', dtype=torch.bfloat16);tensor(0., device='cuda:0', dtype=torch.bfloat16);tensor(-6.2500, device='cuda:0', dtype=torch.bfloat16);tensor(-2.1250, device='cuda:0', dtype=torch.bfloat16);tensor(-11.3750, device='cuda:0', dtype=torch.bfloat16);tensor(-2.5000, device='cuda:0', dtype=torch.bfloat16);tensor(-7.9375, device='cuda:0', dtype=torch.bfloat16);tensor(-4.6875, device='cuda:0', dtype=torch.bfloat16);tensor(-4.8125, device='cuda:0', dtype=torch.bfloat16);tensor(-7.4375, device='cuda:0', dtype=torch.bfloat16);tensor(-9.5625, device='cuda:0', dtype=torch.bfloat16);tensor(-1.0625, device='cuda:0', dtype=torch.bfloat16);tensor(-12.1250, device='cuda:0', dtype=torch.bfloat16);tensor(-3.3125, device='cuda:0', dtype=torch.bfloat16)","tensor(-7.8125, device='cuda:0', dtype=torch.bfloat16);tensor(-2.6875, device='cuda:0', dtype=torch.bfloat16);tensor(-4.0625, device='cuda:0', dtype=torch.bfloat16);tensor(-7.3750, device='cuda:0', dtype=torch.bfloat16);tensor(-4.5000, device='cuda:0', dtype=torch.bfloat16);tensor(0., device='cuda:0', dtype=torch.bfloat16);tensor(-6.2500, device='cuda:0', dtype=torch.bfloat16);tensor(-2.1250, device='cuda:0', dtype=torch.bfloat16);tensor(-5.2500, device='cuda:0', dtype=torch.bfloat16);tensor(-13.1875, device='cuda:0', dtype=torch.bfloat16);tensor(-1.9375, device='cuda:0', dtype=torch.bfloat16);tensor(-7.0938, device='cuda:0', dtype=torch.bfloat16);tensor(-5.4062, device='cuda:0', dtype=torch.bfloat16);tensor(-6.8438, device='cuda:0', dtype=torch.bfloat16);tensor(-7.9375, device='cuda:0', dtype=torch.bfloat16);tensor(-1.5000, device='cuda:0', dtype=torch.bfloat16);tensor(-11.6875, device='cuda:0', dtype=torch.bfloat16);tensor(-2.6250, device='cuda:0', dtype=torch.bfloat16)",blimp
sentential_negation_npi_scope,Timothy's dermatologist that is concealing Frank might not ever think about jackets.,Timothy's dermatologist that is not concealing Frank might ever think about jackets.,737,-6.4375,-6.75,-109.5,-114.5,"tensor(-9.2500, device='cuda:0', dtype=torch.bfloat16);tensor(-2.6250, device='cuda:0', dtype=torch.bfloat16);tensor(-5.9375, device='cuda:0', dtype=torch.bfloat16);tensor(-14.4375, device='cuda:0', dtype=torch.bfloat16);tensor(-1.7500, device='cuda:0', dtype=torch.bfloat16);tensor(-9.2500, device='cuda:0', dtype=torch.bfloat16);tensor(-3.8750, device='cuda:0', dtype=torch.bfloat16);tensor(-11.2500, device='cuda:0', dtype=torch.bfloat16);tensor(-0.8750, device='cuda:0', dtype=torch.bfloat16);tensor(-11.0625, device='cuda:0', dtype=torch.bfloat16);tensor(-9.3750, device='cuda:0', dtype=torch.bfloat16);tensor(-3.4375, device='cuda:0', dtype=torch.bfloat16);tensor(-4.5000, device='cuda:0', dtype=torch.bfloat16);tensor(-5.7188, device='cuda:0', dtype=torch.bfloat16);tensor(-1.2500, device='cuda:0', dtype=torch.bfloat16);tensor(-12.1875, device='cuda:0', dtype=torch.bfloat16);tensor(-2.6875, device='cuda:0', dtype=torch.bfloat16)","tensor(-9.2500, device='cuda:0', dtype=torch.bfloat16);tensor(-2.6250, device='cuda:0', dtype=torch.bfloat16);tensor(-5.9375, device='cuda:0', dtype=torch.bfloat16);tensor(-14.4375, device='cuda:0', dtype=torch.bfloat16);tensor(-1.7500, device='cuda:0', dtype=torch.bfloat16);tensor(-9.2500, device='cuda:0', dtype=torch.bfloat16);tensor(-3.8750, device='cuda:0', dtype=torch.bfloat16);tensor(-4.5000, device='cuda:0', dtype=torch.bfloat16);tensor(-10., device='cuda:0', dtype=torch.bfloat16);tensor(-0.2500, device='cuda:0', dtype=torch.bfloat16);tensor(-12.3125, device='cuda:0', dtype=torch.bfloat16);tensor(-8.9375, device='cuda:0', dtype=torch.bfloat16);tensor(-7.4375, device='cuda:0', dtype=torch.bfloat16);tensor(-7.8125, device='cuda:0', dtype=torch.bfloat16);tensor(-2.2500, device='cuda:0', dtype=torch.bfloat16);tensor(-11.1250, device='cuda:0', dtype=torch.bfloat16);tensor(-2.9375, device='cuda:0', dtype=torch.bfloat16)",blimp
sentential_negation_npi_scope,Sonia's daughters that have hurt Renee had not ever coped.,Sonia's daughters that have not hurt Renee had ever coped.,740,-6.46875,-6.34375,-97.0,-95.0,"tensor(-6.3125, device='cuda:0', dtype=torch.bfloat16);tensor(-7., device='cuda:0', dtype=torch.bfloat16);tensor(-4.7500, device='cuda:0', dtype=torch.bfloat16);tensor(-9.1875, device='cuda:0', dtype=torch.bfloat16);tensor(-9.2500, device='cuda:0', dtype=torch.bfloat16);tensor(-3.4375, device='cuda:0', dtype=torch.bfloat16);tensor(-8.5000, device='cuda:0', dtype=torch.bfloat16);tensor(-14.9375, device='cuda:0', dtype=torch.bfloat16);tensor(-0.3750, device='cuda:0', dtype=torch.bfloat16);tensor(-7.4688, device='cuda:0', dtype=torch.bfloat16);tensor(-5., device='cuda:0', dtype=torch.bfloat16);tensor(-5.6250, device='cuda:0', dtype=torch.bfloat16);tensor(-10.3750, device='cuda:0', dtype=torch.bfloat16);tensor(-0.5000, device='cuda:0', dtype=torch.bfloat16);tensor(-4.3125, device='cuda:0', dtype=torch.bfloat16)","tensor(-6.3125, device='cuda:0', dtype=torch.bfloat16);tensor(-7., device='cuda:0', dtype=torch.bfloat16);tensor(-4.7500, device='cuda:0', dtype=torch.bfloat16);tensor(-9.1875, device='cuda:0', dtype=torch.bfloat16);tensor(-9.2500, device='cuda:0', dtype=torch.bfloat16);tensor(-3.4375, device='cuda:0', dtype=torch.bfloat16);tensor(-3.6875, device='cuda:0', dtype=torch.bfloat16);tensor(-8.2500, device='cuda:0', dtype=torch.bfloat16);tensor(-13.4375, device='cuda:0', dtype=torch.bfloat16);tensor(-0.6250, device='cuda:0', dtype=torch.bfloat16);tensor(-6.8438, device='cuda:0', dtype=torch.bfloat16);tensor(-7.4688, device='cuda:0', dtype=torch.bfloat16);tensor(-10.8125, device='cuda:0', dtype=torch.bfloat16);tensor(-1.3750, device='cuda:0', dtype=torch.bfloat16);tensor(-2.7500, device='cuda:0', dtype=torch.bfloat16)",blimp
sentential_negation_npi_scope,Many trucks that might bother Meredith might not ever crash.,Many trucks that might not bother Meredith might ever crash.,660,-7.5625,-7.84375,-83.0,-86.0,"tensor(-7.5000, device='cuda:0', dtype=torch.bfloat16);tensor(-9.5000, device='cuda:0', dtype=torch.bfloat16);tensor(-3.7500, device='cuda:0', dtype=torch.bfloat16);tensor(-7.5625, device='cuda:0', dtype=torch.bfloat16);tensor(-11.7500, device='cuda:0', dtype=torch.bfloat16);tensor(-15.4375, device='cuda:0', dtype=torch.bfloat16);tensor(-7.1562, device='cuda:0', dtype=torch.bfloat16);tensor(-1.6250, device='cuda:0', dtype=torch.bfloat16);tensor(-6.7500, device='cuda:0', dtype=torch.bfloat16);tensor(-9.5625, device='cuda:0', dtype=torch.bfloat16);tensor(-2.5625, device='cuda:0', dtype=torch.bfloat16)","tensor(-7.5000, device='cuda:0', dtype=torch.bfloat16);tensor(-9.5000, device='cuda:0', dtype=torch.bfloat16);tensor(-3.7500, device='cuda:0', dtype=torch.bfloat16);tensor(-7.5625, device='cuda:0', dtype=torch.bfloat16);tensor(-3.5625, device='cuda:0', dtype=torch.bfloat16);tensor(-9.1875, device='cuda:0', dtype=torch.bfloat16);tensor(-15.8125, device='cuda:0', dtype=torch.bfloat16);tensor(-8.1250, device='cuda:0', dtype=torch.bfloat16);tensor(-9.8750, device='cuda:0', dtype=torch.bfloat16);tensor(-8.3750, device='cuda:0', dtype=torch.bfloat16);tensor(-2.8750, device='cuda:0', dtype=torch.bfloat16)",blimp
sentential_negation_npi_scope,The ladies that had shocked Elaine have not ever fled from Andrea.,The ladies that had not shocked Elaine have ever fled from Andrea.,411,-7.03125,-7.1875,-91.5,-93.5,"tensor(-3.5625, device='cuda:0', dtype=torch.bfloat16);tensor(-10.2500, device='cuda:0', dtype=torch.bfloat16);tensor(-5.5625, device='cuda:0', dtype=torch.bfloat16);tensor(-4.8125, device='cuda:0', dtype=torch.bfloat16);tensor(-11.8750, device='cuda:0', dtype=torch.bfloat16);tensor(-12.3750, device='cuda:0', dtype=torch.bfloat16);tensor(-6.5000, device='cuda:0', dtype=torch.bfloat16);tensor(-4.8750, device='cuda:0', dtype=torch.bfloat16);tensor(-7.1250, device='cuda:0', dtype=torch.bfloat16);tensor(-9.3750, device='cuda:0', dtype=torch.bfloat16);tensor(-1.9375, device='cuda:0', dtype=torch.bfloat16);tensor(-11., device='cuda:0', dtype=torch.bfloat16);tensor(-2.1250, device='cuda:0', dtype=torch.bfloat16)","tensor(-3.5625, device='cuda:0', dtype=torch.bfloat16);tensor(-10.2500, device='cuda:0', dtype=torch.bfloat16);tensor(-5.5625, device='cuda:0', dtype=torch.bfloat16);tensor(-4.8125, device='cuda:0', dtype=torch.bfloat16);tensor(-5.5000, device='cuda:0', dtype=torch.bfloat16);tensor(-12.6250, device='cuda:0', dtype=torch.bfloat16);tensor(-12.3125, device='cuda:0', dtype=torch.bfloat16);tensor(-6.8438, device='cuda:0', dtype=torch.bfloat16);tensor(-8.3750, device='cuda:0', dtype=torch.bfloat16);tensor(-8.6250, device='cuda:0', dtype=torch.bfloat16);tensor(-2.3750, device='cuda:0', dtype=torch.bfloat16);tensor(-10.5625, device='cuda:0', dtype=torch.bfloat16);tensor(-2.1875, device='cuda:0', dtype=torch.bfloat16)",blimp
sentential_negation_npi_scope,Some shawls that had impressed Amy have not ever frayed.,Some shawls that had not impressed Amy have ever frayed.,678,-6.40625,-6.71875,-89.5,-94.0,"tensor(-7.7500, device='cuda:0', dtype=torch.bfloat16);tensor(-9.4375, device='cuda:0', dtype=torch.bfloat16);tensor(-4.0625, device='cuda:0', dtype=torch.bfloat16);tensor(-0.7500, device='cuda:0', dtype=torch.bfloat16);tensor(-4.7500, device='cuda:0', dtype=torch.bfloat16);tensor(-6.5312, device='cuda:0', dtype=torch.bfloat16);tensor(-10.2500, device='cuda:0', dtype=torch.bfloat16);tensor(-10.2500, device='cuda:0', dtype=torch.bfloat16);tensor(-8.3125, device='cuda:0', dtype=torch.bfloat16);tensor(-6.2500, device='cuda:0', dtype=torch.bfloat16);tensor(-7.8125, device='cuda:0', dtype=torch.bfloat16);tensor(-11.1250, device='cuda:0', dtype=torch.bfloat16);tensor(-0.1250, device='cuda:0', dtype=torch.bfloat16);tensor(-2.0625, device='cuda:0', dtype=torch.bfloat16)","tensor(-7.7500, device='cuda:0', dtype=torch.bfloat16);tensor(-9.4375, device='cuda:0', dtype=torch.bfloat16);tensor(-4.0625, device='cuda:0', dtype=torch.bfloat16);tensor(-0.7500, device='cuda:0', dtype=torch.bfloat16);tensor(-4.7500, device='cuda:0', dtype=torch.bfloat16);tensor(-6.5312, device='cuda:0', dtype=torch.bfloat16);tensor(-4.6250, device='cuda:0', dtype=torch.bfloat16);tensor(-10.1250, device='cuda:0', dtype=torch.bfloat16);tensor(-10.6250, device='cuda:0', dtype=torch.bfloat16);tensor(-9.1250, device='cuda:0', dtype=torch.bfloat16);tensor(-8.5625, device='cuda:0', dtype=torch.bfloat16);tensor(-13.5625, device='cuda:0', dtype=torch.bfloat16);tensor(-1.0625, device='cuda:0', dtype=torch.bfloat16);tensor(-2.9375, device='cuda:0', dtype=torch.bfloat16)",blimp
sentential_negation_npi_scope,That bank that had shocked some teacher would not ever cope.,That bank that had not shocked some teacher would ever cope.,626,-7.34375,-7.3125,-88.0,-88.0,"tensor(-7.7500, device='cuda:0', dtype=torch.bfloat16);tensor(-10.9375, device='cuda:0', dtype=torch.bfloat16);tensor(-4.9375, device='cuda:0', dtype=torch.bfloat16);tensor(-4.8750, device='cuda:0', dtype=torch.bfloat16);tensor(-11.4375, device='cuda:0', dtype=torch.bfloat16);tensor(-5.6875, device='cuda:0', dtype=torch.bfloat16);tensor(-11.6250, device='cuda:0', dtype=torch.bfloat16);tensor(-8.2500, device='cuda:0', dtype=torch.bfloat16);tensor(-3.5000, device='cuda:0', dtype=torch.bfloat16);tensor(-6.1250, device='cuda:0', dtype=torch.bfloat16);tensor(-7.9375, device='cuda:0', dtype=torch.bfloat16);tensor(-5.1250, device='cuda:0', dtype=torch.bfloat16)","tensor(-7.7500, device='cuda:0', dtype=torch.bfloat16);tensor(-10.9375, device='cuda:0', dtype=torch.bfloat16);tensor(-4.9375, device='cuda:0', dtype=torch.bfloat16);tensor(-4.8750, device='cuda:0', dtype=torch.bfloat16);tensor(-5.3750, device='cuda:0', dtype=torch.bfloat16);tensor(-12.8125, device='cuda:0', dtype=torch.bfloat16);tensor(-7.0938, device='cuda:0', dtype=torch.bfloat16);tensor(-10.5000, device='cuda:0', dtype=torch.bfloat16);tensor(-6.0938, device='cuda:0', dtype=torch.bfloat16);tensor(-5.7812, device='cuda:0', dtype=torch.bfloat16);tensor(-8.7500, device='cuda:0', dtype=torch.bfloat16);tensor(-2.8750, device='cuda:0', dtype=torch.bfloat16)",blimp
sentential_negation_npi_scope,Danielle's plumber that had ascended some hill could not ever attack Amelia.,Danielle's plumber that had not ascended some hill could ever attack Amelia.,513,-7.09375,-7.03125,-113.5,-112.5,"tensor(-10.5000, device='cuda:0', dtype=torch.bfloat16);tensor(-0.6250, device='cuda:0', dtype=torch.bfloat16);tensor(-4.8125, device='cuda:0', dtype=torch.bfloat16);tensor(-15.7500, device='cuda:0', dtype=torch.bfloat16);tensor(-8.8125, device='cuda:0', dtype=torch.bfloat16);tensor(-5.0625, device='cuda:0', dtype=torch.bfloat16);tensor(-12.1250, device='cuda:0', dtype=torch.bfloat16);tensor(-0.2500, device='cuda:0', dtype=torch.bfloat16);tensor(-6.9062, device='cuda:0', dtype=torch.bfloat16);tensor(-8., device='cuda:0', dtype=torch.bfloat16);tensor(-6.4375, device='cuda:0', dtype=torch.bfloat16);tensor(-1.8125, device='cuda:0', dtype=torch.bfloat16);tensor(-7.5938, device='cuda:0', dtype=torch.bfloat16);tensor(-10.1250, device='cuda:0', dtype=torch.bfloat16);tensor(-11.2500, device='cuda:0', dtype=torch.bfloat16);tensor(-3.3125, device='cuda:0', dtype=torch.bfloat16)","tensor(-10.5000, device='cuda:0', dtype=torch.bfloat16);tensor(-0.6250, device='cuda:0', dtype=torch.bfloat16);tensor(-4.8125, device='cuda:0', dtype=torch.bfloat16);tensor(-15.7500, device='cuda:0', dtype=torch.bfloat16);tensor(-8.8125, device='cuda:0', dtype=torch.bfloat16);tensor(-5.0625, device='cuda:0', dtype=torch.bfloat16);tensor(-5.1875, device='cuda:0', dtype=torch.bfloat16);tensor(-11.3750, device='cuda:0', dtype=torch.bfloat16);tensor(-0.1250, device='cuda:0', dtype=torch.bfloat16);tensor(-7.6875, device='cuda:0', dtype=torch.bfloat16);tensor(-7.7500, device='cuda:0', dtype=torch.bfloat16);tensor(-6.3438, device='cuda:0', dtype=torch.bfloat16);tensor(-5.6875, device='cuda:0', dtype=torch.bfloat16);tensor(-8.8750, device='cuda:0', dtype=torch.bfloat16);tensor(-11.3750, device='cuda:0', dtype=torch.bfloat16);tensor(-2.6250, device='cuda:0', dtype=torch.bfloat16)",blimp
sentential_negation_npi_scope,A cashier who is concealing Andrea has not ever played.,A cashier who is not concealing Andrea has ever played.,859,-7.09375,-6.84375,-85.0,-82.5,"tensor(-5.5625, device='cuda:0', dtype=torch.bfloat16);tensor(-11.7500, device='cuda:0', dtype=torch.bfloat16);tensor(-4.3125, device='cuda:0', dtype=torch.bfloat16);tensor(-3.3750, device='cuda:0', dtype=torch.bfloat16);tensor(-10.1250, device='cuda:0', dtype=torch.bfloat16);tensor(-0.1250, device='cuda:0', dtype=torch.bfloat16);tensor(-18.8750, device='cuda:0', dtype=torch.bfloat16);tensor(-8., device='cuda:0', dtype=torch.bfloat16);tensor(-4.4375, device='cuda:0', dtype=torch.bfloat16);tensor(-6.9062, device='cuda:0', dtype=torch.bfloat16);tensor(-6.4375, device='cuda:0', dtype=torch.bfloat16);tensor(-5.1250, device='cuda:0', dtype=torch.bfloat16)","tensor(-5.5625, device='cuda:0', dtype=torch.bfloat16);tensor(-11.7500, device='cuda:0', dtype=torch.bfloat16);tensor(-4.3125, device='cuda:0', dtype=torch.bfloat16);tensor(-3.3750, device='cuda:0', dtype=torch.bfloat16);tensor(-4.6875, device='cuda:0', dtype=torch.bfloat16);tensor(-9.8750, device='cuda:0', dtype=torch.bfloat16);tensor(-0.1250, device='cuda:0', dtype=torch.bfloat16);tensor(-18.2500, device='cuda:0', dtype=torch.bfloat16);tensor(-7.3125, device='cuda:0', dtype=torch.bfloat16);tensor(-7.7188, device='cuda:0', dtype=torch.bfloat16);tensor(-5.5625, device='cuda:0', dtype=torch.bfloat16);tensor(-3.7500, device='cuda:0', dtype=torch.bfloat16)",blimp
sentential_negation_npi_scope,An actor that is complaining about Joseph did not ever prefer this bread to burn.,An actor that is not complaining about Joseph did ever prefer this bread to burn.,136,-6.59375,-6.9375,-105.5,-111.0,"tensor(-6.3125, device='cuda:0', dtype=torch.bfloat16);tensor(-7.9375, device='cuda:0', dtype=torch.bfloat16);tensor(-5.5625, device='cuda:0', dtype=torch.bfloat16);tensor(-2.3750, device='cuda:0', dtype=torch.bfloat16);tensor(-11.1250, device='cuda:0', dtype=torch.bfloat16);tensor(-0.6250, device='cuda:0', dtype=torch.bfloat16);tensor(-12., device='cuda:0', dtype=torch.bfloat16);tensor(-11.7500, device='cuda:0', dtype=torch.bfloat16);tensor(-1.0625, device='cuda:0', dtype=torch.bfloat16);tensor(-7.9062, device='cuda:0', dtype=torch.bfloat16);tensor(-10.5000, device='cuda:0', dtype=torch.bfloat16);tensor(-5.3125, device='cuda:0', dtype=torch.bfloat16);tensor(-9.3125, device='cuda:0', dtype=torch.bfloat16);tensor(-2.0625, device='cuda:0', dtype=torch.bfloat16);tensor(-9.6250, device='cuda:0', dtype=torch.bfloat16);tensor(-2., device='cuda:0', dtype=torch.bfloat16)","tensor(-6.3125, device='cuda:0', dtype=torch.bfloat16);tensor(-7.9375, device='cuda:0', dtype=torch.bfloat16);tensor(-5.5625, device='cuda:0', dtype=torch.bfloat16);tensor(-2.3750, device='cuda:0', dtype=torch.bfloat16);tensor(-4., device='cuda:0', dtype=torch.bfloat16);tensor(-11.2500, device='cuda:0', dtype=torch.bfloat16);tensor(-0.6250, device='cuda:0', dtype=torch.bfloat16);tensor(-12.5000, device='cuda:0', dtype=torch.bfloat16);tensor(-11.3750, device='cuda:0', dtype=torch.bfloat16);tensor(-9.2500, device='cuda:0', dtype=torch.bfloat16);tensor(-10.6875, device='cuda:0', dtype=torch.bfloat16);tensor(-4.8750, device='cuda:0', dtype=torch.bfloat16);tensor(-8.9375, device='cuda:0', dtype=torch.bfloat16);tensor(-1.9375, device='cuda:0', dtype=torch.bfloat16);tensor(-10.1250, device='cuda:0', dtype=torch.bfloat16);tensor(-3.1250, device='cuda:0', dtype=torch.bfloat16)",blimp
sentential_subject_island,Who have those teachers' curing Richard upset.,Who have those teachers' curing upset Richard.,521,-9.5,-9.3125,-85.5,-84.0,"tensor(-7.1250, device='cuda:0', dtype=torch.bfloat16);tensor(-7.3750, device='cuda:0', dtype=torch.bfloat16);tensor(-8.0625, device='cuda:0', dtype=torch.bfloat16);tensor(-9., device='cuda:0', dtype=torch.bfloat16);tensor(-6.0625, device='cuda:0', dtype=torch.bfloat16);tensor(-16.3750, device='cuda:0', dtype=torch.bfloat16);tensor(-14.1250, device='cuda:0', dtype=torch.bfloat16);tensor(-13.3750, device='cuda:0', dtype=torch.bfloat16);tensor(-4., device='cuda:0', dtype=torch.bfloat16)","tensor(-7.1250, device='cuda:0', dtype=torch.bfloat16);tensor(-7.3750, device='cuda:0', dtype=torch.bfloat16);tensor(-8.0625, device='cuda:0', dtype=torch.bfloat16);tensor(-9., device='cuda:0', dtype=torch.bfloat16);tensor(-6.0625, device='cuda:0', dtype=torch.bfloat16);tensor(-16.3750, device='cuda:0', dtype=torch.bfloat16);tensor(-11.8125, device='cuda:0', dtype=torch.bfloat16);tensor(-12.8125, device='cuda:0', dtype=torch.bfloat16);tensor(-5.2500, device='cuda:0', dtype=torch.bfloat16)",blimp
sentential_subject_island,Who should that screen's worrying Ella shock.,Who should that screen's worrying shock Ella.,737,-9.375,-9.4375,-84.5,-85.0,"tensor(-7.1250, device='cuda:0', dtype=torch.bfloat16);tensor(-4.6250, device='cuda:0', dtype=torch.bfloat16);tensor(-9.8125, device='cuda:0', dtype=torch.bfloat16);tensor(-8.6250, device='cuda:0', dtype=torch.bfloat16);tensor(-7.8750, device='cuda:0', dtype=torch.bfloat16);tensor(-11.8125, device='cuda:0', dtype=torch.bfloat16);tensor(-13.1250, device='cuda:0', dtype=torch.bfloat16);tensor(-14.3750, device='cuda:0', dtype=torch.bfloat16);tensor(-7.0625, device='cuda:0', dtype=torch.bfloat16)","tensor(-7.1250, device='cuda:0', dtype=torch.bfloat16);tensor(-4.6250, device='cuda:0', dtype=torch.bfloat16);tensor(-9.8125, device='cuda:0', dtype=torch.bfloat16);tensor(-8.6250, device='cuda:0', dtype=torch.bfloat16);tensor(-7.8750, device='cuda:0', dtype=torch.bfloat16);tensor(-11.8125, device='cuda:0', dtype=torch.bfloat16);tensor(-12.3750, device='cuda:0', dtype=torch.bfloat16);tensor(-16.5000, device='cuda:0', dtype=torch.bfloat16);tensor(-6., device='cuda:0', dtype=torch.bfloat16)",blimp
sentential_subject_island,Who have most teachers' passing a lot of banks upset.,Who have most teachers' passing upset a lot of banks.,740,-7.0625,-6.78125,-85.0,-81.0,"tensor(-7.1250, device='cuda:0', dtype=torch.bfloat16);tensor(-7.3750, device='cuda:0', dtype=torch.bfloat16);tensor(-6.4688, device='cuda:0', dtype=torch.bfloat16);tensor(-10.1250, device='cuda:0', dtype=torch.bfloat16);tensor(-6.7188, device='cuda:0', dtype=torch.bfloat16);tensor(-10.2500, device='cuda:0', dtype=torch.bfloat16);tensor(-4.4375, device='cuda:0', dtype=torch.bfloat16);tensor(-6.0625, device='cuda:0', dtype=torch.bfloat16);tensor(-0.3125, device='cuda:0', dtype=torch.bfloat16);tensor(-10.3750, device='cuda:0', dtype=torch.bfloat16);tensor(-10.7500, device='cuda:0', dtype=torch.bfloat16);tensor(-4.8438, device='cuda:0', dtype=torch.bfloat16)","tensor(-7.1250, device='cuda:0', dtype=torch.bfloat16);tensor(-7.3750, device='cuda:0', dtype=torch.bfloat16);tensor(-6.4688, device='cuda:0', dtype=torch.bfloat16);tensor(-10.1250, device='cuda:0', dtype=torch.bfloat16);tensor(-6.7188, device='cuda:0', dtype=torch.bfloat16);tensor(-10.2500, device='cuda:0', dtype=torch.bfloat16);tensor(-11.5000, device='cuda:0', dtype=torch.bfloat16);tensor(-5.5000, device='cuda:0', dtype=torch.bfloat16);tensor(-2.8125, device='cuda:0', dtype=torch.bfloat16);tensor(-0.3125, device='cuda:0', dtype=torch.bfloat16);tensor(-9.5625, device='cuda:0', dtype=torch.bfloat16);tensor(-3.5000, device='cuda:0', dtype=torch.bfloat16)",blimp
sentential_subject_island,Who might this dancer's exploring this bank distract.,Who might this dancer's exploring distract this bank.,660,-8.75,-9.0,-87.5,-90.0,"tensor(-7.1250, device='cuda:0', dtype=torch.bfloat16);tensor(-8.2500, device='cuda:0', dtype=torch.bfloat16);tensor(-5.2500, device='cuda:0', dtype=torch.bfloat16);tensor(-11.9375, device='cuda:0', dtype=torch.bfloat16);tensor(-5.3125, device='cuda:0', dtype=torch.bfloat16);tensor(-13.1875, device='cuda:0', dtype=torch.bfloat16);tensor(-5.5000, device='cuda:0', dtype=torch.bfloat16);tensor(-10.3750, device='cuda:0', dtype=torch.bfloat16);tensor(-15., device='cuda:0', dtype=torch.bfloat16);tensor(-5.5000, device='cuda:0', dtype=torch.bfloat16)","tensor(-7.1250, device='cuda:0', dtype=torch.bfloat16);tensor(-8.2500, device='cuda:0', dtype=torch.bfloat16);tensor(-5.2500, device='cuda:0', dtype=torch.bfloat16);tensor(-11.9375, device='cuda:0', dtype=torch.bfloat16);tensor(-5.3125, device='cuda:0', dtype=torch.bfloat16);tensor(-13.1875, device='cuda:0', dtype=torch.bfloat16);tensor(-13.3125, device='cuda:0', dtype=torch.bfloat16);tensor(-7.7500, device='cuda:0', dtype=torch.bfloat16);tensor(-9.5625, device='cuda:0', dtype=torch.bfloat16);tensor(-8.4375, device='cuda:0', dtype=torch.bfloat16)",blimp
sentential_subject_island,Who had the cucumber's distracting Larry stunned.,Who had the cucumber's distracting stunned Larry.,411,-9.375,-9.4375,-84.5,-85.0,"tensor(-7.1250, device='cuda:0', dtype=torch.bfloat16);tensor(-6.8750, device='cuda:0', dtype=torch.bfloat16);tensor(-1.1250, device='cuda:0', dtype=torch.bfloat16);tensor(-13.6250, device='cuda:0', dtype=torch.bfloat16);tensor(-7.8750, device='cuda:0', dtype=torch.bfloat16);tensor(-14.3125, device='cuda:0', dtype=torch.bfloat16);tensor(-14.2500, device='cuda:0', dtype=torch.bfloat16);tensor(-15.1250, device='cuda:0', dtype=torch.bfloat16);tensor(-4.0312, device='cuda:0', dtype=torch.bfloat16)","tensor(-7.1250, device='cuda:0', dtype=torch.bfloat16);tensor(-6.8750, device='cuda:0', dtype=torch.bfloat16);tensor(-1.1250, device='cuda:0', dtype=torch.bfloat16);tensor(-13.6250, device='cuda:0', dtype=torch.bfloat16);tensor(-7.8750, device='cuda:0', dtype=torch.bfloat16);tensor(-14.3125, device='cuda:0', dtype=torch.bfloat16);tensor(-15.1250, device='cuda:0', dtype=torch.bfloat16);tensor(-13.3750, device='cuda:0', dtype=torch.bfloat16);tensor(-5.6250, device='cuda:0', dtype=torch.bfloat16)",blimp
sentential_subject_island,Who is some glass's annoying Harvard University annoying.,Who is some glass's annoying annoying Harvard University.,678,-8.3125,-8.0625,-83.5,-81.0,"tensor(-7.1250, device='cuda:0', dtype=torch.bfloat16);tensor(-2.1875, device='cuda:0', dtype=torch.bfloat16);tensor(-10.6250, device='cuda:0', dtype=torch.bfloat16);tensor(-11.6250, device='cuda:0', dtype=torch.bfloat16);tensor(-8., device='cuda:0', dtype=torch.bfloat16);tensor(-11.4375, device='cuda:0', dtype=torch.bfloat16);tensor(-13.3125, device='cuda:0', dtype=torch.bfloat16);tensor(-4.3750, device='cuda:0', dtype=torch.bfloat16);tensor(-7.8438, device='cuda:0', dtype=torch.bfloat16);tensor(-6.7812, device='cuda:0', dtype=torch.bfloat16)","tensor(-7.1250, device='cuda:0', dtype=torch.bfloat16);tensor(-2.1875, device='cuda:0', dtype=torch.bfloat16);tensor(-10.6250, device='cuda:0', dtype=torch.bfloat16);tensor(-11.6250, device='cuda:0', dtype=torch.bfloat16);tensor(-8., device='cuda:0', dtype=torch.bfloat16);tensor(-11.4375, device='cuda:0', dtype=torch.bfloat16);tensor(-7.2188, device='cuda:0', dtype=torch.bfloat16);tensor(-14.0625, device='cuda:0', dtype=torch.bfloat16);tensor(-3.3750, device='cuda:0', dtype=torch.bfloat16);tensor(-5.2188, device='cuda:0', dtype=torch.bfloat16)",blimp
sentential_subject_island,Who was the horse's shocking Nancy alarming.,Who was the horse's shocking alarming Nancy.,626,-8.25,-8.0625,-74.5,-73.0,"tensor(-7.1250, device='cuda:0', dtype=torch.bfloat16);tensor(-3.6875, device='cuda:0', dtype=torch.bfloat16);tensor(-1.6250, device='cuda:0', dtype=torch.bfloat16);tensor(-8.7500, device='cuda:0', dtype=torch.bfloat16);tensor(-4.4375, device='cuda:0', dtype=torch.bfloat16);tensor(-14.3125, device='cuda:0', dtype=torch.bfloat16);tensor(-13.9375, device='cuda:0', dtype=torch.bfloat16);tensor(-15.5000, device='cuda:0', dtype=torch.bfloat16);tensor(-5.0312, device='cuda:0', dtype=torch.bfloat16)","tensor(-7.1250, device='cuda:0', dtype=torch.bfloat16);tensor(-3.6875, device='cuda:0', dtype=torch.bfloat16);tensor(-1.6250, device='cuda:0', dtype=torch.bfloat16);tensor(-8.7500, device='cuda:0', dtype=torch.bfloat16);tensor(-4.4375, device='cuda:0', dtype=torch.bfloat16);tensor(-14.3125, device='cuda:0', dtype=torch.bfloat16);tensor(-14.2500, device='cuda:0', dtype=torch.bfloat16);tensor(-12.6875, device='cuda:0', dtype=torch.bfloat16);tensor(-5.9375, device='cuda:0', dtype=torch.bfloat16)",blimp
sentential_subject_island,Who did the waiters' healing Lucille aggravate.,Who did the waiters' healing aggravate Lucille.,513,-7.40625,-7.3125,-89.0,-88.0,"tensor(-7.1250, device='cuda:0', dtype=torch.bfloat16);tensor(-6.6875, device='cuda:0', dtype=torch.bfloat16);tensor(-2., device='cuda:0', dtype=torch.bfloat16);tensor(-11.5000, device='cuda:0', dtype=torch.bfloat16);tensor(-1.3750, device='cuda:0', dtype=torch.bfloat16);tensor(-4.7500, device='cuda:0', dtype=torch.bfloat16);tensor(-11.5625, device='cuda:0', dtype=torch.bfloat16);tensor(-16.7500, device='cuda:0', dtype=torch.bfloat16);tensor(-5.7500, device='cuda:0', dtype=torch.bfloat16);tensor(-15.6875, device='cuda:0', dtype=torch.bfloat16);tensor(0., device='cuda:0', dtype=torch.bfloat16);tensor(-5.7812, device='cuda:0', dtype=torch.bfloat16)","tensor(-7.1250, device='cuda:0', dtype=torch.bfloat16);tensor(-6.6875, device='cuda:0', dtype=torch.bfloat16);tensor(-2., device='cuda:0', dtype=torch.bfloat16);tensor(-11.5000, device='cuda:0', dtype=torch.bfloat16);tensor(-1.3750, device='cuda:0', dtype=torch.bfloat16);tensor(-4.7500, device='cuda:0', dtype=torch.bfloat16);tensor(-11.5625, device='cuda:0', dtype=torch.bfloat16);tensor(-13.6875, device='cuda:0', dtype=torch.bfloat16);tensor(0., device='cuda:0', dtype=torch.bfloat16);tensor(-14.8750, device='cuda:0', dtype=torch.bfloat16);tensor(-5.9375, device='cuda:0', dtype=torch.bfloat16);tensor(-8.3750, device='cuda:0', dtype=torch.bfloat16)",blimp
sentential_subject_island,Who is every apple's disturbing Tammy upsetting.,Who is every apple's disturbing upsetting Tammy.,859,-8.6875,-8.5,-86.5,-84.5,"tensor(-7.1250, device='cuda:0', dtype=torch.bfloat16);tensor(-2.1875, device='cuda:0', dtype=torch.bfloat16);tensor(-11.2500, device='cuda:0', dtype=torch.bfloat16);tensor(-10.0625, device='cuda:0', dtype=torch.bfloat16);tensor(-5.6250, device='cuda:0', dtype=torch.bfloat16);tensor(-14.5000, device='cuda:0', dtype=torch.bfloat16);tensor(-14., device='cuda:0', dtype=torch.bfloat16);tensor(-2.2500, device='cuda:0', dtype=torch.bfloat16);tensor(-13.9375, device='cuda:0', dtype=torch.bfloat16);tensor(-5.7500, device='cuda:0', dtype=torch.bfloat16)","tensor(-7.1250, device='cuda:0', dtype=torch.bfloat16);tensor(-2.1875, device='cuda:0', dtype=torch.bfloat16);tensor(-11.2500, device='cuda:0', dtype=torch.bfloat16);tensor(-10.0625, device='cuda:0', dtype=torch.bfloat16);tensor(-5.6250, device='cuda:0', dtype=torch.bfloat16);tensor(-14.5000, device='cuda:0', dtype=torch.bfloat16);tensor(-14., device='cuda:0', dtype=torch.bfloat16);tensor(-13.6875, device='cuda:0', dtype=torch.bfloat16);tensor(-1.6875, device='cuda:0', dtype=torch.bfloat16);tensor(-4.5625, device='cuda:0', dtype=torch.bfloat16)",blimp
sentential_subject_island,Who will the guy's leaving those guys embarrass.,Who will the guy's leaving embarrass those guys.,136,-7.46875,-7.625,-74.5,-76.5,"tensor(-7.1250, device='cuda:0', dtype=torch.bfloat16);tensor(-4.3750, device='cuda:0', dtype=torch.bfloat16);tensor(-3.8125, device='cuda:0', dtype=torch.bfloat16);tensor(-9.5000, device='cuda:0', dtype=torch.bfloat16);tensor(-5.5000, device='cuda:0', dtype=torch.bfloat16);tensor(-11.1250, device='cuda:0', dtype=torch.bfloat16);tensor(-8.6250, device='cuda:0', dtype=torch.bfloat16);tensor(-5.4375, device='cuda:0', dtype=torch.bfloat16);tensor(-13., device='cuda:0', dtype=torch.bfloat16);tensor(-6.0625, device='cuda:0', dtype=torch.bfloat16)","tensor(-7.1250, device='cuda:0', dtype=torch.bfloat16);tensor(-4.3750, device='cuda:0', dtype=torch.bfloat16);tensor(-3.8125, device='cuda:0', dtype=torch.bfloat16);tensor(-9.5000, device='cuda:0', dtype=torch.bfloat16);tensor(-5.5000, device='cuda:0', dtype=torch.bfloat16);tensor(-11.1250, device='cuda:0', dtype=torch.bfloat16);tensor(-15.3125, device='cuda:0', dtype=torch.bfloat16);tensor(-10.1250, device='cuda:0', dtype=torch.bfloat16);tensor(-4.4375, device='cuda:0', dtype=torch.bfloat16);tensor(-5., device='cuda:0', dtype=torch.bfloat16)",blimp
superlative_quantifiers_1,No woman did cure fewer than seven horses.,No woman did cure at most seven horses.,521,-7.46875,-7.84375,-67.0,-70.5,"tensor(-7.5625, device='cuda:0', dtype=torch.bfloat16);tensor(-8.2500, device='cuda:0', dtype=torch.bfloat16);tensor(-9., device='cuda:0', dtype=torch.bfloat16);tensor(-12.8750, device='cuda:0', dtype=torch.bfloat16);tensor(-10.7500, device='cuda:0', dtype=torch.bfloat16);tensor(-2.4375, device='cuda:0', dtype=torch.bfloat16);tensor(-5., device='cuda:0', dtype=torch.bfloat16);tensor(-7.4375, device='cuda:0', dtype=torch.bfloat16);tensor(-3.8750, device='cuda:0', dtype=torch.bfloat16)","tensor(-7.5625, device='cuda:0', dtype=torch.bfloat16);tensor(-8.2500, device='cuda:0', dtype=torch.bfloat16);tensor(-9., device='cuda:0', dtype=torch.bfloat16);tensor(-12.8750, device='cuda:0', dtype=torch.bfloat16);tensor(-5.9688, device='cuda:0', dtype=torch.bfloat16);tensor(-8.1250, device='cuda:0', dtype=torch.bfloat16);tensor(-6.5000, device='cuda:0', dtype=torch.bfloat16);tensor(-8.5000, device='cuda:0', dtype=torch.bfloat16);tensor(-3.8750, device='cuda:0', dtype=torch.bfloat16)",blimp
superlative_quantifiers_1,No legislature helped fewer than five guests.,No legislature helped at most five guests.,737,-7.5,-7.84375,-60.0,-62.75,"tensor(-7.5625, device='cuda:0', dtype=torch.bfloat16);tensor(-13.1250, device='cuda:0', dtype=torch.bfloat16);tensor(-9.6250, device='cuda:0', dtype=torch.bfloat16);tensor(-8.2500, device='cuda:0', dtype=torch.bfloat16);tensor(-3.9375, device='cuda:0', dtype=torch.bfloat16);tensor(-4.6250, device='cuda:0', dtype=torch.bfloat16);tensor(-10., device='cuda:0', dtype=torch.bfloat16);tensor(-3., device='cuda:0', dtype=torch.bfloat16)","tensor(-7.5625, device='cuda:0', dtype=torch.bfloat16);tensor(-13.1250, device='cuda:0', dtype=torch.bfloat16);tensor(-9.6250, device='cuda:0', dtype=torch.bfloat16);tensor(-6.3750, device='cuda:0', dtype=torch.bfloat16);tensor(-7.6562, device='cuda:0', dtype=torch.bfloat16);tensor(-5.8125, device='cuda:0', dtype=torch.bfloat16);tensor(-9.0625, device='cuda:0', dtype=torch.bfloat16);tensor(-3.4375, device='cuda:0', dtype=torch.bfloat16)",blimp
superlative_quantifiers_1,No actress will attack more than seven waiters.,No actress will attack at least seven waiters.,740,-7.15625,-7.0625,-71.5,-71.0,"tensor(-7.5625, device='cuda:0', dtype=torch.bfloat16);tensor(-13.3750, device='cuda:0', dtype=torch.bfloat16);tensor(-4.8125, device='cuda:0', dtype=torch.bfloat16);tensor(-10.2500, device='cuda:0', dtype=torch.bfloat16);tensor(-8.5000, device='cuda:0', dtype=torch.bfloat16);tensor(-2.3125, device='cuda:0', dtype=torch.bfloat16);tensor(-7., device='cuda:0', dtype=torch.bfloat16);tensor(-12.5625, device='cuda:0', dtype=torch.bfloat16);tensor(-0.1250, device='cuda:0', dtype=torch.bfloat16);tensor(-5.0625, device='cuda:0', dtype=torch.bfloat16)","tensor(-7.5625, device='cuda:0', dtype=torch.bfloat16);tensor(-13.3750, device='cuda:0', dtype=torch.bfloat16);tensor(-4.8125, device='cuda:0', dtype=torch.bfloat16);tensor(-10.2500, device='cuda:0', dtype=torch.bfloat16);tensor(-7.5312, device='cuda:0', dtype=torch.bfloat16);tensor(-5.2500, device='cuda:0', dtype=torch.bfloat16);tensor(-5.7500, device='cuda:0', dtype=torch.bfloat16);tensor(-11.3125, device='cuda:0', dtype=torch.bfloat16);tensor(-0.1250, device='cuda:0', dtype=torch.bfloat16);tensor(-4.8125, device='cuda:0', dtype=torch.bfloat16)",blimp
superlative_quantifiers_1,No museum might buy fewer than three mushrooms.,No museum might buy at most three mushrooms.,660,-7.28125,-7.625,-65.5,-68.5,"tensor(-7.5625, device='cuda:0', dtype=torch.bfloat16);tensor(-11.8750, device='cuda:0', dtype=torch.bfloat16);tensor(-9.6250, device='cuda:0', dtype=torch.bfloat16);tensor(-8.0625, device='cuda:0', dtype=torch.bfloat16);tensor(-7.6250, device='cuda:0', dtype=torch.bfloat16);tensor(-2.9375, device='cuda:0', dtype=torch.bfloat16);tensor(-2.7500, device='cuda:0', dtype=torch.bfloat16);tensor(-12.7500, device='cuda:0', dtype=torch.bfloat16);tensor(-2.3750, device='cuda:0', dtype=torch.bfloat16)","tensor(-7.5625, device='cuda:0', dtype=torch.bfloat16);tensor(-11.8750, device='cuda:0', dtype=torch.bfloat16);tensor(-9.6250, device='cuda:0', dtype=torch.bfloat16);tensor(-8.0625, device='cuda:0', dtype=torch.bfloat16);tensor(-6.3125, device='cuda:0', dtype=torch.bfloat16);tensor(-6.2500, device='cuda:0', dtype=torch.bfloat16);tensor(-3.8750, device='cuda:0', dtype=torch.bfloat16);tensor(-12.1250, device='cuda:0', dtype=torch.bfloat16);tensor(-2.9375, device='cuda:0', dtype=torch.bfloat16)",blimp
superlative_quantifiers_1,No driver tours more than five schools.,No driver tours at least five schools.,411,-6.25,-6.9375,-50.0,-55.5,"tensor(-7.5625, device='cuda:0', dtype=torch.bfloat16);tensor(-9.5000, device='cuda:0', dtype=torch.bfloat16);tensor(-12.2500, device='cuda:0', dtype=torch.bfloat16);tensor(-3.8750, device='cuda:0', dtype=torch.bfloat16);tensor(-1.4375, device='cuda:0', dtype=torch.bfloat16);tensor(-5.6875, device='cuda:0', dtype=torch.bfloat16);tensor(-5.6250, device='cuda:0', dtype=torch.bfloat16);tensor(-4.0625, device='cuda:0', dtype=torch.bfloat16)","tensor(-7.5625, device='cuda:0', dtype=torch.bfloat16);tensor(-9.5000, device='cuda:0', dtype=torch.bfloat16);tensor(-12.2500, device='cuda:0', dtype=torch.bfloat16);tensor(-4.8125, device='cuda:0', dtype=torch.bfloat16);tensor(-6.5938, device='cuda:0', dtype=torch.bfloat16);tensor(-4.5000, device='cuda:0', dtype=torch.bfloat16);tensor(-6.3438, device='cuda:0', dtype=torch.bfloat16);tensor(-3.8125, device='cuda:0', dtype=torch.bfloat16)",blimp
superlative_quantifiers_1,No cashier is breaking more than three convertibles.,No cashier is breaking at least three convertibles.,678,-6.9375,-7.21875,-69.5,-72.0,"tensor(-7.5625, device='cuda:0', dtype=torch.bfloat16);tensor(-13.1250, device='cuda:0', dtype=torch.bfloat16);tensor(-4.3750, device='cuda:0', dtype=torch.bfloat16);tensor(-10.9375, device='cuda:0', dtype=torch.bfloat16);tensor(-6.8438, device='cuda:0', dtype=torch.bfloat16);tensor(-1.6875, device='cuda:0', dtype=torch.bfloat16);tensor(-4.8750, device='cuda:0', dtype=torch.bfloat16);tensor(-15.2500, device='cuda:0', dtype=torch.bfloat16);tensor(-1.1250, device='cuda:0', dtype=torch.bfloat16);tensor(-3.7500, device='cuda:0', dtype=torch.bfloat16)","tensor(-7.5625, device='cuda:0', dtype=torch.bfloat16);tensor(-13.1250, device='cuda:0', dtype=torch.bfloat16);tensor(-4.3750, device='cuda:0', dtype=torch.bfloat16);tensor(-10.9375, device='cuda:0', dtype=torch.bfloat16);tensor(-6.3750, device='cuda:0', dtype=torch.bfloat16);tensor(-4.9375, device='cuda:0', dtype=torch.bfloat16);tensor(-4.1250, device='cuda:0', dtype=torch.bfloat16);tensor(-15.3125, device='cuda:0', dtype=torch.bfloat16);tensor(-2.1875, device='cuda:0', dtype=torch.bfloat16);tensor(-3.3125, device='cuda:0', dtype=torch.bfloat16)",blimp
superlative_quantifiers_1,No child had bought more than seven muffins.,No child had bought at least seven muffins.,626,-5.5625,-5.84375,-55.5,-58.5,"tensor(-7.5625, device='cuda:0', dtype=torch.bfloat16);tensor(-7.4375, device='cuda:0', dtype=torch.bfloat16);tensor(-6.8750, device='cuda:0', dtype=torch.bfloat16);tensor(-8.3750, device='cuda:0', dtype=torch.bfloat16);tensor(-4.7500, device='cuda:0', dtype=torch.bfloat16);tensor(-1.5000, device='cuda:0', dtype=torch.bfloat16);tensor(-6., device='cuda:0', dtype=torch.bfloat16);tensor(-9.7500, device='cuda:0', dtype=torch.bfloat16);tensor(0., device='cuda:0', dtype=torch.bfloat16);tensor(-3.3750, device='cuda:0', dtype=torch.bfloat16)","tensor(-7.5625, device='cuda:0', dtype=torch.bfloat16);tensor(-7.4375, device='cuda:0', dtype=torch.bfloat16);tensor(-6.8750, device='cuda:0', dtype=torch.bfloat16);tensor(-8.3750, device='cuda:0', dtype=torch.bfloat16);tensor(-6.8438, device='cuda:0', dtype=torch.bfloat16);tensor(-1.7500, device='cuda:0', dtype=torch.bfloat16);tensor(-6.5625, device='cuda:0', dtype=torch.bfloat16);tensor(-9.4375, device='cuda:0', dtype=torch.bfloat16);tensor(0., device='cuda:0', dtype=torch.bfloat16);tensor(-3.5625, device='cuda:0', dtype=torch.bfloat16)",blimp
superlative_quantifiers_1,No cashier boycotts fewer than five universities.,No cashier boycotts at most five universities.,513,-7.15625,-7.5625,-64.5,-68.0,"tensor(-7.5625, device='cuda:0', dtype=torch.bfloat16);tensor(-13.1250, device='cuda:0', dtype=torch.bfloat16);tensor(-9.7500, device='cuda:0', dtype=torch.bfloat16);tensor(-1.1875, device='cuda:0', dtype=torch.bfloat16);tensor(-14.0625, device='cuda:0', dtype=torch.bfloat16);tensor(-2.1875, device='cuda:0', dtype=torch.bfloat16);tensor(-3.6875, device='cuda:0', dtype=torch.bfloat16);tensor(-9., device='cuda:0', dtype=torch.bfloat16);tensor(-3.8750, device='cuda:0', dtype=torch.bfloat16)","tensor(-7.5625, device='cuda:0', dtype=torch.bfloat16);tensor(-13.1250, device='cuda:0', dtype=torch.bfloat16);tensor(-9.7500, device='cuda:0', dtype=torch.bfloat16);tensor(-1.1875, device='cuda:0', dtype=torch.bfloat16);tensor(-2., device='cuda:0', dtype=torch.bfloat16);tensor(-9., device='cuda:0', dtype=torch.bfloat16);tensor(-10., device='cuda:0', dtype=torch.bfloat16);tensor(-9.8750, device='cuda:0', dtype=torch.bfloat16);tensor(-5.6875, device='cuda:0', dtype=torch.bfloat16)",blimp
superlative_quantifiers_1,No student is fixing more than two carts.,No student is fixing at least two carts.,859,-6.4375,-6.96875,-58.0,-62.75,"tensor(-7.5625, device='cuda:0', dtype=torch.bfloat16);tensor(-7.9062, device='cuda:0', dtype=torch.bfloat16);tensor(-2.8125, device='cuda:0', dtype=torch.bfloat16);tensor(-15.8125, device='cuda:0', dtype=torch.bfloat16);tensor(-5.5000, device='cuda:0', dtype=torch.bfloat16);tensor(-1.9375, device='cuda:0', dtype=torch.bfloat16);tensor(-3.4375, device='cuda:0', dtype=torch.bfloat16);tensor(-9.7500, device='cuda:0', dtype=torch.bfloat16);tensor(-3.1875, device='cuda:0', dtype=torch.bfloat16)","tensor(-7.5625, device='cuda:0', dtype=torch.bfloat16);tensor(-7.9062, device='cuda:0', dtype=torch.bfloat16);tensor(-2.8125, device='cuda:0', dtype=torch.bfloat16);tensor(-15.8125, device='cuda:0', dtype=torch.bfloat16);tensor(-7.0312, device='cuda:0', dtype=torch.bfloat16);tensor(-4.1250, device='cuda:0', dtype=torch.bfloat16);tensor(-3.2500, device='cuda:0', dtype=torch.bfloat16);tensor(-10.6250, device='cuda:0', dtype=torch.bfloat16);tensor(-3.6875, device='cuda:0', dtype=torch.bfloat16)",blimp
superlative_quantifiers_1,No woman drove to more than three glaciers.,No woman drove to at least three glaciers.,136,-6.375,-6.625,-57.5,-59.5,"tensor(-7.5625, device='cuda:0', dtype=torch.bfloat16);tensor(-8.2500, device='cuda:0', dtype=torch.bfloat16);tensor(-9.6250, device='cuda:0', dtype=torch.bfloat16);tensor(-4.0625, device='cuda:0', dtype=torch.bfloat16);tensor(-7.7812, device='cuda:0', dtype=torch.bfloat16);tensor(-1.8125, device='cuda:0', dtype=torch.bfloat16);tensor(-4.2500, device='cuda:0', dtype=torch.bfloat16);tensor(-10.1250, device='cuda:0', dtype=torch.bfloat16);tensor(-4., device='cuda:0', dtype=torch.bfloat16)","tensor(-7.5625, device='cuda:0', dtype=torch.bfloat16);tensor(-8.2500, device='cuda:0', dtype=torch.bfloat16);tensor(-9.6250, device='cuda:0', dtype=torch.bfloat16);tensor(-4.0625, device='cuda:0', dtype=torch.bfloat16);tensor(-10.8750, device='cuda:0', dtype=torch.bfloat16);tensor(-0.7500, device='cuda:0', dtype=torch.bfloat16);tensor(-3.8750, device='cuda:0', dtype=torch.bfloat16);tensor(-10.0625, device='cuda:0', dtype=torch.bfloat16);tensor(-4.4375, device='cuda:0', dtype=torch.bfloat16)",blimp
superlative_quantifiers_2,That person brought at least eight drawings.,No person brought at least eight drawings.,521,-6.6875,-6.71875,-53.5,-53.75,"tensor(-7.7500, device='cuda:0', dtype=torch.bfloat16);tensor(-7.3750, device='cuda:0', dtype=torch.bfloat16);tensor(-8.3750, device='cuda:0', dtype=torch.bfloat16);tensor(-8.1875, device='cuda:0', dtype=torch.bfloat16);tensor(-0.7500, device='cuda:0', dtype=torch.bfloat16);tensor(-5.7500, device='cuda:0', dtype=torch.bfloat16);tensor(-10.1875, device='cuda:0', dtype=torch.bfloat16);tensor(-5.0625, device='cuda:0', dtype=torch.bfloat16)","tensor(-7.5625, device='cuda:0', dtype=torch.bfloat16);tensor(-6.8438, device='cuda:0', dtype=torch.bfloat16);tensor(-9.1250, device='cuda:0', dtype=torch.bfloat16);tensor(-6.9688, device='cuda:0', dtype=torch.bfloat16);tensor(-3.2500, device='cuda:0', dtype=torch.bfloat16);tensor(-5.5625, device='cuda:0', dtype=torch.bfloat16);tensor(-10.0625, device='cuda:0', dtype=torch.bfloat16);tensor(-4.3125, device='cuda:0', dtype=torch.bfloat16)",blimp
superlative_quantifiers_2,Each legislature did reference at most three senators.,No legislature did reference at most three senators.,737,-7.8125,-7.59375,-70.5,-68.5,"tensor(-8.6250, device='cuda:0', dtype=torch.bfloat16);tensor(-12.5625, device='cuda:0', dtype=torch.bfloat16);tensor(-12., device='cuda:0', dtype=torch.bfloat16);tensor(-11.5000, device='cuda:0', dtype=torch.bfloat16);tensor(-6.9375, device='cuda:0', dtype=torch.bfloat16);tensor(-6.8750, device='cuda:0', dtype=torch.bfloat16);tensor(-2.5625, device='cuda:0', dtype=torch.bfloat16);tensor(-6.3438, device='cuda:0', dtype=torch.bfloat16);tensor(-2.8750, device='cuda:0', dtype=torch.bfloat16)","tensor(-7.5625, device='cuda:0', dtype=torch.bfloat16);tensor(-13.1250, device='cuda:0', dtype=torch.bfloat16);tensor(-8.3750, device='cuda:0', dtype=torch.bfloat16);tensor(-11.5625, device='cuda:0', dtype=torch.bfloat16);tensor(-7.0625, device='cuda:0', dtype=torch.bfloat16);tensor(-7.2812, device='cuda:0', dtype=torch.bfloat16);tensor(-3.5625, device='cuda:0', dtype=torch.bfloat16);tensor(-6.4375, device='cuda:0', dtype=torch.bfloat16);tensor(-3.3125, device='cuda:0', dtype=torch.bfloat16)",blimp
superlative_quantifiers_2,That committee was disgusting at least three libraries.,No committee was disgusting at least three libraries.,740,-6.875,-7.1875,-61.75,-65.0,"tensor(-7.7500, device='cuda:0', dtype=torch.bfloat16);tensor(-10., device='cuda:0', dtype=torch.bfloat16);tensor(-2.6875, device='cuda:0', dtype=torch.bfloat16);tensor(-13., device='cuda:0', dtype=torch.bfloat16);tensor(-5.3750, device='cuda:0', dtype=torch.bfloat16);tensor(-4.9375, device='cuda:0', dtype=torch.bfloat16);tensor(-4.0625, device='cuda:0', dtype=torch.bfloat16);tensor(-10.6875, device='cuda:0', dtype=torch.bfloat16);tensor(-3.3125, device='cuda:0', dtype=torch.bfloat16)","tensor(-7.5625, device='cuda:0', dtype=torch.bfloat16);tensor(-11.7500, device='cuda:0', dtype=torch.bfloat16);tensor(-3.3750, device='cuda:0', dtype=torch.bfloat16);tensor(-14.2500, device='cuda:0', dtype=torch.bfloat16);tensor(-5.1250, device='cuda:0', dtype=torch.bfloat16);tensor(-4.6562, device='cuda:0', dtype=torch.bfloat16);tensor(-4.7812, device='cuda:0', dtype=torch.bfloat16);tensor(-10.1250, device='cuda:0', dtype=torch.bfloat16);tensor(-3.1875, device='cuda:0', dtype=torch.bfloat16)",blimp
superlative_quantifiers_2,Each boy cared for at least seven waiters.,No boy cared for at least seven waiters.,660,-5.53125,-6.4375,-55.25,-64.5,"tensor(-8.6250, device='cuda:0', dtype=torch.bfloat16);tensor(-9.3750, device='cuda:0', dtype=torch.bfloat16);tensor(-10., device='cuda:0', dtype=torch.bfloat16);tensor(-0.1250, device='cuda:0', dtype=torch.bfloat16);tensor(-4., device='cuda:0', dtype=torch.bfloat16);tensor(-1.5625, device='cuda:0', dtype=torch.bfloat16);tensor(-5.3125, device='cuda:0', dtype=torch.bfloat16);tensor(-12.9375, device='cuda:0', dtype=torch.bfloat16);tensor(-0.5000, device='cuda:0', dtype=torch.bfloat16);tensor(-2.8750, device='cuda:0', dtype=torch.bfloat16)","tensor(-7.5625, device='cuda:0', dtype=torch.bfloat16);tensor(-10.2500, device='cuda:0', dtype=torch.bfloat16);tensor(-9.3750, device='cuda:0', dtype=torch.bfloat16);tensor(-1.1250, device='cuda:0', dtype=torch.bfloat16);tensor(-9.6250, device='cuda:0', dtype=torch.bfloat16);tensor(-4., device='cuda:0', dtype=torch.bfloat16);tensor(-5.1250, device='cuda:0', dtype=torch.bfloat16);tensor(-12.5000, device='cuda:0', dtype=torch.bfloat16);tensor(-1.1250, device='cuda:0', dtype=torch.bfloat16);tensor(-3.6250, device='cuda:0', dtype=torch.bfloat16)",blimp
superlative_quantifiers_2,That teenager does return to at most eight guests.,No teenager does return to at most eight guests.,411,-7.25,-7.34375,-72.5,-73.5,"tensor(-7.7500, device='cuda:0', dtype=torch.bfloat16);tensor(-11.2500, device='cuda:0', dtype=torch.bfloat16);tensor(-7., device='cuda:0', dtype=torch.bfloat16);tensor(-9.9375, device='cuda:0', dtype=torch.bfloat16);tensor(-1.3750, device='cuda:0', dtype=torch.bfloat16);tensor(-9.6250, device='cuda:0', dtype=torch.bfloat16);tensor(-8.2500, device='cuda:0', dtype=torch.bfloat16);tensor(-5.7500, device='cuda:0', dtype=torch.bfloat16);tensor(-8.9375, device='cuda:0', dtype=torch.bfloat16);tensor(-2.5625, device='cuda:0', dtype=torch.bfloat16)","tensor(-7.5625, device='cuda:0', dtype=torch.bfloat16);tensor(-11.3125, device='cuda:0', dtype=torch.bfloat16);tensor(-6.9375, device='cuda:0', dtype=torch.bfloat16);tensor(-11.1250, device='cuda:0', dtype=torch.bfloat16);tensor(-1.1250, device='cuda:0', dtype=torch.bfloat16);tensor(-10.3750, device='cuda:0', dtype=torch.bfloat16);tensor(-7.5938, device='cuda:0', dtype=torch.bfloat16);tensor(-6.0938, device='cuda:0', dtype=torch.bfloat16);tensor(-8.8750, device='cuda:0', dtype=torch.bfloat16);tensor(-2.5000, device='cuda:0', dtype=torch.bfloat16)",blimp
superlative_quantifiers_2,That senator messed up at most ten hospitals.,No senator messed up at most ten hospitals.,678,-7.1875,-7.5625,-64.5,-68.0,"tensor(-7.7500, device='cuda:0', dtype=torch.bfloat16);tensor(-11.6875, device='cuda:0', dtype=torch.bfloat16);tensor(-10.1250, device='cuda:0', dtype=torch.bfloat16);tensor(-0.6250, device='cuda:0', dtype=torch.bfloat16);tensor(-6.1250, device='cuda:0', dtype=torch.bfloat16);tensor(-8.8750, device='cuda:0', dtype=torch.bfloat16);tensor(-6.6250, device='cuda:0', dtype=torch.bfloat16);tensor(-9.8750, device='cuda:0', dtype=torch.bfloat16);tensor(-2.8750, device='cuda:0', dtype=torch.bfloat16)","tensor(-7.5625, device='cuda:0', dtype=torch.bfloat16);tensor(-13.0625, device='cuda:0', dtype=torch.bfloat16);tensor(-10.9375, device='cuda:0', dtype=torch.bfloat16);tensor(-0.7500, device='cuda:0', dtype=torch.bfloat16);tensor(-5.1250, device='cuda:0', dtype=torch.bfloat16);tensor(-10.1875, device='cuda:0', dtype=torch.bfloat16);tensor(-8.9375, device='cuda:0', dtype=torch.bfloat16);tensor(-7.9375, device='cuda:0', dtype=torch.bfloat16);tensor(-3.6875, device='cuda:0', dtype=torch.bfloat16)",blimp
superlative_quantifiers_2,That customer was exploring at least four hospitals.,No customer was exploring at least four hospitals.,626,-6.28125,-6.96875,-56.5,-62.5,"tensor(-7.7500, device='cuda:0', dtype=torch.bfloat16);tensor(-10.1250, device='cuda:0', dtype=torch.bfloat16);tensor(-3.9375, device='cuda:0', dtype=torch.bfloat16);tensor(-10.7500, device='cuda:0', dtype=torch.bfloat16);tensor(-7.9688, device='cuda:0', dtype=torch.bfloat16);tensor(-2.3750, device='cuda:0', dtype=torch.bfloat16);tensor(-2.8125, device='cuda:0', dtype=torch.bfloat16);tensor(-7.0312, device='cuda:0', dtype=torch.bfloat16);tensor(-3.7500, device='cuda:0', dtype=torch.bfloat16)","tensor(-7.5625, device='cuda:0', dtype=torch.bfloat16);tensor(-8.8750, device='cuda:0', dtype=torch.bfloat16);tensor(-3.8750, device='cuda:0', dtype=torch.bfloat16);tensor(-13.6875, device='cuda:0', dtype=torch.bfloat16);tensor(-6.1875, device='cuda:0', dtype=torch.bfloat16);tensor(-5.7188, device='cuda:0', dtype=torch.bfloat16);tensor(-4.0625, device='cuda:0', dtype=torch.bfloat16);tensor(-8.2500, device='cuda:0', dtype=torch.bfloat16);tensor(-4.3750, device='cuda:0', dtype=torch.bfloat16)",blimp
superlative_quantifiers_2,Every association would criticize at most seven high schools.,No association would criticize at most seven high schools.,513,-7.15625,-7.4375,-71.5,-74.5,"tensor(-7.5625, device='cuda:0', dtype=torch.bfloat16);tensor(-10.5625, device='cuda:0', dtype=torch.bfloat16);tensor(-6.6875, device='cuda:0', dtype=torch.bfloat16);tensor(-13.5000, device='cuda:0', dtype=torch.bfloat16);tensor(-6.6875, device='cuda:0', dtype=torch.bfloat16);tensor(-7.2812, device='cuda:0', dtype=torch.bfloat16);tensor(-5.4375, device='cuda:0', dtype=torch.bfloat16);tensor(-7.1562, device='cuda:0', dtype=torch.bfloat16);tensor(-3.1875, device='cuda:0', dtype=torch.bfloat16);tensor(-3.5000, device='cuda:0', dtype=torch.bfloat16)","tensor(-7.5625, device='cuda:0', dtype=torch.bfloat16);tensor(-8., device='cuda:0', dtype=torch.bfloat16);tensor(-10.3125, device='cuda:0', dtype=torch.bfloat16);tensor(-11.6250, device='cuda:0', dtype=torch.bfloat16);tensor(-8., device='cuda:0', dtype=torch.bfloat16);tensor(-7.7812, device='cuda:0', dtype=torch.bfloat16);tensor(-6.0938, device='cuda:0', dtype=torch.bfloat16);tensor(-7.7812, device='cuda:0', dtype=torch.bfloat16);tensor(-3.2500, device='cuda:0', dtype=torch.bfloat16);tensor(-4., device='cuda:0', dtype=torch.bfloat16)",blimp
superlative_quantifiers_2,That woman took at most six sweaters.,No woman took at most six sweaters.,859,-6.15625,-6.5625,-55.5,-59.25,"tensor(-7.7500, device='cuda:0', dtype=torch.bfloat16);tensor(-8., device='cuda:0', dtype=torch.bfloat16);tensor(-6.9375, device='cuda:0', dtype=torch.bfloat16);tensor(-8.1250, device='cuda:0', dtype=torch.bfloat16);tensor(-4.8750, device='cuda:0', dtype=torch.bfloat16);tensor(-4.9375, device='cuda:0', dtype=torch.bfloat16);tensor(-11.5625, device='cuda:0', dtype=torch.bfloat16);tensor(-0.1250, device='cuda:0', dtype=torch.bfloat16);tensor(-3.1875, device='cuda:0', dtype=torch.bfloat16)","tensor(-7.5625, device='cuda:0', dtype=torch.bfloat16);tensor(-8.2500, device='cuda:0', dtype=torch.bfloat16);tensor(-8.6250, device='cuda:0', dtype=torch.bfloat16);tensor(-9.5000, device='cuda:0', dtype=torch.bfloat16);tensor(-6.4688, device='cuda:0', dtype=torch.bfloat16);tensor(-5., device='cuda:0', dtype=torch.bfloat16);tensor(-10.5000, device='cuda:0', dtype=torch.bfloat16);tensor(-0.1250, device='cuda:0', dtype=torch.bfloat16);tensor(-3.1250, device='cuda:0', dtype=torch.bfloat16)",blimp
superlative_quantifiers_2,This doctor has cared for at most nine students.,No doctor has cared for at most nine students.,136,-5.65625,-6.09375,-56.5,-60.75,"tensor(-4.7500, device='cuda:0', dtype=torch.bfloat16);tensor(-9.7500, device='cuda:0', dtype=torch.bfloat16);tensor(-2.8125, device='cuda:0', dtype=torch.bfloat16);tensor(-7., device='cuda:0', dtype=torch.bfloat16);tensor(0., device='cuda:0', dtype=torch.bfloat16);tensor(-6.5625, device='cuda:0', dtype=torch.bfloat16);tensor(-7.9375, device='cuda:0', dtype=torch.bfloat16);tensor(-6.3125, device='cuda:0', dtype=torch.bfloat16);tensor(-6.8125, device='cuda:0', dtype=torch.bfloat16);tensor(-4.5000, device='cuda:0', dtype=torch.bfloat16)","tensor(-7.5625, device='cuda:0', dtype=torch.bfloat16);tensor(-9.5000, device='cuda:0', dtype=torch.bfloat16);tensor(-3.6250, device='cuda:0', dtype=torch.bfloat16);tensor(-7.4688, device='cuda:0', dtype=torch.bfloat16);tensor(-0.2500, device='cuda:0', dtype=torch.bfloat16);tensor(-8.5000, device='cuda:0', dtype=torch.bfloat16);tensor(-6.3750, device='cuda:0', dtype=torch.bfloat16);tensor(-6.8750, device='cuda:0', dtype=torch.bfloat16);tensor(-6.8750, device='cuda:0', dtype=torch.bfloat16);tensor(-3.8125, device='cuda:0', dtype=torch.bfloat16)",blimp
tough_vs_raising_1,Julia isn't tough to talk about.,Julia isn't soon to talk about.,521,-5.09375,-6.0,-46.0,-54.0,"tensor(-9.3750, device='cuda:0', dtype=torch.bfloat16);tensor(-3.5000, device='cuda:0', dtype=torch.bfloat16);tensor(-11.0625, device='cuda:0', dtype=torch.bfloat16);tensor(-0.5000, device='cuda:0', dtype=torch.bfloat16);tensor(-7.9062, device='cuda:0', dtype=torch.bfloat16);tensor(-3.1875, device='cuda:0', dtype=torch.bfloat16);tensor(-5.8125, device='cuda:0', dtype=torch.bfloat16);tensor(-2.5000, device='cuda:0', dtype=torch.bfloat16);tensor(-2.1250, device='cuda:0', dtype=torch.bfloat16)","tensor(-9.3750, device='cuda:0', dtype=torch.bfloat16);tensor(-3.5000, device='cuda:0', dtype=torch.bfloat16);tensor(-11.0625, device='cuda:0', dtype=torch.bfloat16);tensor(-0.5000, device='cuda:0', dtype=torch.bfloat16);tensor(-12.1250, device='cuda:0', dtype=torch.bfloat16);tensor(-1.2500, device='cuda:0', dtype=torch.bfloat16);tensor(-8.6875, device='cuda:0', dtype=torch.bfloat16);tensor(-1.5625, device='cuda:0', dtype=torch.bfloat16);tensor(-5.8125, device='cuda:0', dtype=torch.bfloat16)",blimp
tough_vs_raising_1,The bank isn't easy to go to.,The bank isn't soon to go to.,737,-4.59375,-5.6875,-41.5,-51.25,"tensor(-3.5625, device='cuda:0', dtype=torch.bfloat16);tensor(-10.2500, device='cuda:0', dtype=torch.bfloat16);tensor(-8.7500, device='cuda:0', dtype=torch.bfloat16);tensor(-0.8750, device='cuda:0', dtype=torch.bfloat16);tensor(-7.3750, device='cuda:0', dtype=torch.bfloat16);tensor(-0.3750, device='cuda:0', dtype=torch.bfloat16);tensor(-6., device='cuda:0', dtype=torch.bfloat16);tensor(-1.6875, device='cuda:0', dtype=torch.bfloat16);tensor(-2.5625, device='cuda:0', dtype=torch.bfloat16)","tensor(-3.5625, device='cuda:0', dtype=torch.bfloat16);tensor(-10.2500, device='cuda:0', dtype=torch.bfloat16);tensor(-8.7500, device='cuda:0', dtype=torch.bfloat16);tensor(-0.8750, device='cuda:0', dtype=torch.bfloat16);tensor(-11.1250, device='cuda:0', dtype=torch.bfloat16);tensor(-0.6875, device='cuda:0', dtype=torch.bfloat16);tensor(-3.6875, device='cuda:0', dtype=torch.bfloat16);tensor(-5.6875, device='cuda:0', dtype=torch.bfloat16);tensor(-6.6250, device='cuda:0', dtype=torch.bfloat16)",blimp
tough_vs_raising_1,A man was boring to respect.,A man was likely to respect.,740,-7.15625,-7.28125,-50.0,-51.0,"tensor(-5.5625, device='cuda:0', dtype=torch.bfloat16);tensor(-5.2500, device='cuda:0', dtype=torch.bfloat16);tensor(-2.6250, device='cuda:0', dtype=torch.bfloat16);tensor(-14.5000, device='cuda:0', dtype=torch.bfloat16);tensor(-5.3125, device='cuda:0', dtype=torch.bfloat16);tensor(-12.5000, device='cuda:0', dtype=torch.bfloat16);tensor(-4.3125, device='cuda:0', dtype=torch.bfloat16)","tensor(-5.5625, device='cuda:0', dtype=torch.bfloat16);tensor(-5.2500, device='cuda:0', dtype=torch.bfloat16);tensor(-2.6250, device='cuda:0', dtype=torch.bfloat16);tensor(-11.0625, device='cuda:0', dtype=torch.bfloat16);tensor(-3., device='cuda:0', dtype=torch.bfloat16);tensor(-13.2500, device='cuda:0', dtype=torch.bfloat16);tensor(-10.3125, device='cuda:0', dtype=torch.bfloat16)",blimp
tough_vs_raising_1,Winston Churchill's oncologists are exciting to work with.,Winston Churchill's oncologists are about to work with.,660,-5.1875,-5.65625,-62.25,-68.0,"tensor(-6.6250, device='cuda:0', dtype=torch.bfloat16);tensor(-5.7500, device='cuda:0', dtype=torch.bfloat16);tensor(-2.5625, device='cuda:0', dtype=torch.bfloat16);tensor(-2.7500, device='cuda:0', dtype=torch.bfloat16);tensor(-13.6250, device='cuda:0', dtype=torch.bfloat16);tensor(-2.8750, device='cuda:0', dtype=torch.bfloat16);tensor(-4.0625, device='cuda:0', dtype=torch.bfloat16);tensor(-12.4375, device='cuda:0', dtype=torch.bfloat16);tensor(-3.1875, device='cuda:0', dtype=torch.bfloat16);tensor(-5., device='cuda:0', dtype=torch.bfloat16);tensor(-0.6250, device='cuda:0', dtype=torch.bfloat16);tensor(-2.7500, device='cuda:0', dtype=torch.bfloat16)","tensor(-6.6250, device='cuda:0', dtype=torch.bfloat16);tensor(-5.7500, device='cuda:0', dtype=torch.bfloat16);tensor(-2.5625, device='cuda:0', dtype=torch.bfloat16);tensor(-2.7500, device='cuda:0', dtype=torch.bfloat16);tensor(-13.6250, device='cuda:0', dtype=torch.bfloat16);tensor(-2.8750, device='cuda:0', dtype=torch.bfloat16);tensor(-4.0625, device='cuda:0', dtype=torch.bfloat16);tensor(-6.2500, device='cuda:0', dtype=torch.bfloat16);tensor(-0.1250, device='cuda:0', dtype=torch.bfloat16);tensor(-7.9375, device='cuda:0', dtype=torch.bfloat16);tensor(-3., device='cuda:0', dtype=torch.bfloat16);tensor(-12.2500, device='cuda:0', dtype=torch.bfloat16)",blimp
tough_vs_raising_1,Paul's brother is boring to boast about.,Paul's brother is about to boast about.,411,-5.84375,-6.09375,-52.5,-54.75,"tensor(-8.3750, device='cuda:0', dtype=torch.bfloat16);tensor(-4.9375, device='cuda:0', dtype=torch.bfloat16);tensor(-7.9375, device='cuda:0', dtype=torch.bfloat16);tensor(-3.9375, device='cuda:0', dtype=torch.bfloat16);tensor(-9.5000, device='cuda:0', dtype=torch.bfloat16);tensor(-3.8750, device='cuda:0', dtype=torch.bfloat16);tensor(-10.6250, device='cuda:0', dtype=torch.bfloat16);tensor(-1., device='cuda:0', dtype=torch.bfloat16);tensor(-2.4375, device='cuda:0', dtype=torch.bfloat16)","tensor(-8.3750, device='cuda:0', dtype=torch.bfloat16);tensor(-4.9375, device='cuda:0', dtype=torch.bfloat16);tensor(-7.9375, device='cuda:0', dtype=torch.bfloat16);tensor(-3.9375, device='cuda:0', dtype=torch.bfloat16);tensor(-5.3125, device='cuda:0', dtype=torch.bfloat16);tensor(-0.2500, device='cuda:0', dtype=torch.bfloat16);tensor(-10.8750, device='cuda:0', dtype=torch.bfloat16);tensor(-2.1250, device='cuda:0', dtype=torch.bfloat16);tensor(-11., device='cuda:0', dtype=torch.bfloat16)",blimp
tough_vs_raising_1,That driver is unpleasant to conceal.,That driver is unlikely to conceal.,678,-7.03125,-6.78125,-49.25,-47.5,"tensor(-7.7500, device='cuda:0', dtype=torch.bfloat16);tensor(-10.3750, device='cuda:0', dtype=torch.bfloat16);tensor(-2.8125, device='cuda:0', dtype=torch.bfloat16);tensor(-10.6250, device='cuda:0', dtype=torch.bfloat16);tensor(-2., device='cuda:0', dtype=torch.bfloat16);tensor(-12.4375, device='cuda:0', dtype=torch.bfloat16);tensor(-3.2500, device='cuda:0', dtype=torch.bfloat16)","tensor(-7.7500, device='cuda:0', dtype=torch.bfloat16);tensor(-10.3750, device='cuda:0', dtype=torch.bfloat16);tensor(-2.8125, device='cuda:0', dtype=torch.bfloat16);tensor(-7.9688, device='cuda:0', dtype=torch.bfloat16);tensor(-0.1250, device='cuda:0', dtype=torch.bfloat16);tensor(-11.1875, device='cuda:0', dtype=torch.bfloat16);tensor(-7.2188, device='cuda:0', dtype=torch.bfloat16)",blimp
tough_vs_raising_1,This river isn't fun to drop by.,This river isn't unlikely to drop by.,626,-5.75,-5.84375,-51.75,-52.5,"tensor(-4.7500, device='cuda:0', dtype=torch.bfloat16);tensor(-9.7500, device='cuda:0', dtype=torch.bfloat16);tensor(-8.0625, device='cuda:0', dtype=torch.bfloat16);tensor(-0.5000, device='cuda:0', dtype=torch.bfloat16);tensor(-9.3750, device='cuda:0', dtype=torch.bfloat16);tensor(-0.6250, device='cuda:0', dtype=torch.bfloat16);tensor(-7.8750, device='cuda:0', dtype=torch.bfloat16);tensor(-6.1250, device='cuda:0', dtype=torch.bfloat16);tensor(-4.6250, device='cuda:0', dtype=torch.bfloat16)","tensor(-4.7500, device='cuda:0', dtype=torch.bfloat16);tensor(-9.7500, device='cuda:0', dtype=torch.bfloat16);tensor(-8.0625, device='cuda:0', dtype=torch.bfloat16);tensor(-0.5000, device='cuda:0', dtype=torch.bfloat16);tensor(-12.1250, device='cuda:0', dtype=torch.bfloat16);tensor(-0.5000, device='cuda:0', dtype=torch.bfloat16);tensor(-5.8125, device='cuda:0', dtype=torch.bfloat16);tensor(-4.1875, device='cuda:0', dtype=torch.bfloat16);tensor(-6.7812, device='cuda:0', dtype=torch.bfloat16)",blimp
tough_vs_raising_1,Christina's doctors aren't ready to escape from.,Christina's doctors aren't soon to escape from.,513,-6.0625,-6.4375,-66.5,-71.0,"tensor(-8.6875, device='cuda:0', dtype=torch.bfloat16);tensor(-1.7500, device='cuda:0', dtype=torch.bfloat16);tensor(-4.3125, device='cuda:0', dtype=torch.bfloat16);tensor(-12.2500, device='cuda:0', dtype=torch.bfloat16);tensor(-7.6250, device='cuda:0', dtype=torch.bfloat16);tensor(0., device='cuda:0', dtype=torch.bfloat16);tensor(-4.8750, device='cuda:0', dtype=torch.bfloat16);tensor(-0.1250, device='cuda:0', dtype=torch.bfloat16);tensor(-13.7500, device='cuda:0', dtype=torch.bfloat16);tensor(-3.2500, device='cuda:0', dtype=torch.bfloat16);tensor(-9.9375, device='cuda:0', dtype=torch.bfloat16)","tensor(-8.6875, device='cuda:0', dtype=torch.bfloat16);tensor(-1.7500, device='cuda:0', dtype=torch.bfloat16);tensor(-4.3125, device='cuda:0', dtype=torch.bfloat16);tensor(-12.2500, device='cuda:0', dtype=torch.bfloat16);tensor(-7.6250, device='cuda:0', dtype=torch.bfloat16);tensor(0., device='cuda:0', dtype=torch.bfloat16);tensor(-11.5000, device='cuda:0', dtype=torch.bfloat16);tensor(-0.3750, device='cuda:0', dtype=torch.bfloat16);tensor(-11.6250, device='cuda:0', dtype=torch.bfloat16);tensor(-3.7500, device='cuda:0', dtype=torch.bfloat16);tensor(-8.8750, device='cuda:0', dtype=torch.bfloat16)",blimp
tough_vs_raising_1,A lot of restaurants aren't fun to go to.,A lot of restaurants aren't unlikely to go to.,859,-3.84375,-4.59375,-42.25,-50.75,"tensor(-5.5625, device='cuda:0', dtype=torch.bfloat16);tensor(-5.8750, device='cuda:0', dtype=torch.bfloat16);tensor(-0.1250, device='cuda:0', dtype=torch.bfloat16);tensor(-6.7188, device='cuda:0', dtype=torch.bfloat16);tensor(-7., device='cuda:0', dtype=torch.bfloat16);tensor(-0.8750, device='cuda:0', dtype=torch.bfloat16);tensor(-9.2500, device='cuda:0', dtype=torch.bfloat16);tensor(-1.3750, device='cuda:0', dtype=torch.bfloat16);tensor(-2.1875, device='cuda:0', dtype=torch.bfloat16);tensor(-0.1250, device='cuda:0', dtype=torch.bfloat16);tensor(-3.1250, device='cuda:0', dtype=torch.bfloat16)","tensor(-5.5625, device='cuda:0', dtype=torch.bfloat16);tensor(-5.8750, device='cuda:0', dtype=torch.bfloat16);tensor(-0.1250, device='cuda:0', dtype=torch.bfloat16);tensor(-6.7188, device='cuda:0', dtype=torch.bfloat16);tensor(-7., device='cuda:0', dtype=torch.bfloat16);tensor(-0.8750, device='cuda:0', dtype=torch.bfloat16);tensor(-11.5000, device='cuda:0', dtype=torch.bfloat16);tensor(-0.2500, device='cuda:0', dtype=torch.bfloat16);tensor(-5.3750, device='cuda:0', dtype=torch.bfloat16);tensor(-2.8125, device='cuda:0', dtype=torch.bfloat16);tensor(-4.5625, device='cuda:0', dtype=torch.bfloat16)",blimp
tough_vs_raising_1,This nephew of teenagers isn't interesting to disagree with.,This nephew of teenagers isn't about to disagree with.,136,-6.25,-6.15625,-68.5,-67.5,"tensor(-4.7500, device='cuda:0', dtype=torch.bfloat16);tensor(-15., device='cuda:0', dtype=torch.bfloat16);tensor(-0.3750, device='cuda:0', dtype=torch.bfloat16);tensor(-13.1250, device='cuda:0', dtype=torch.bfloat16);tensor(-9.5000, device='cuda:0', dtype=torch.bfloat16);tensor(-0.7500, device='cuda:0', dtype=torch.bfloat16);tensor(-8.6250, device='cuda:0', dtype=torch.bfloat16);tensor(-2.5000, device='cuda:0', dtype=torch.bfloat16);tensor(-10.6250, device='cuda:0', dtype=torch.bfloat16);tensor(-0.6875, device='cuda:0', dtype=torch.bfloat16);tensor(-2.7500, device='cuda:0', dtype=torch.bfloat16)","tensor(-4.7500, device='cuda:0', dtype=torch.bfloat16);tensor(-15., device='cuda:0', dtype=torch.bfloat16);tensor(-0.3750, device='cuda:0', dtype=torch.bfloat16);tensor(-13.1250, device='cuda:0', dtype=torch.bfloat16);tensor(-9.5000, device='cuda:0', dtype=torch.bfloat16);tensor(-0.7500, device='cuda:0', dtype=torch.bfloat16);tensor(-4.5000, device='cuda:0', dtype=torch.bfloat16);tensor(-0.7500, device='cuda:0', dtype=torch.bfloat16);tensor(-9.8125, device='cuda:0', dtype=torch.bfloat16);tensor(-0.3750, device='cuda:0', dtype=torch.bfloat16);tensor(-8.6250, device='cuda:0', dtype=torch.bfloat16)",blimp
tough_vs_raising_2,Some offspring is likely to admire broccoli.,Some offspring is unpleasant to admire broccoli.,521,-6.90625,-7.78125,-55.25,-62.25,"tensor(-7.7500, device='cuda:0', dtype=torch.bfloat16);tensor(-11.4375, device='cuda:0', dtype=torch.bfloat16);tensor(-6.7188, device='cuda:0', dtype=torch.bfloat16);tensor(-4.8750, device='cuda:0', dtype=torch.bfloat16);tensor(-0.1250, device='cuda:0', dtype=torch.bfloat16);tensor(-10.1250, device='cuda:0', dtype=torch.bfloat16);tensor(-11., device='cuda:0', dtype=torch.bfloat16);tensor(-3.2500, device='cuda:0', dtype=torch.bfloat16)","tensor(-7.7500, device='cuda:0', dtype=torch.bfloat16);tensor(-11.4375, device='cuda:0', dtype=torch.bfloat16);tensor(-6.7188, device='cuda:0', dtype=torch.bfloat16);tensor(-10.5000, device='cuda:0', dtype=torch.bfloat16);tensor(-2.5000, device='cuda:0', dtype=torch.bfloat16);tensor(-8.5000, device='cuda:0', dtype=torch.bfloat16);tensor(-12.2500, device='cuda:0', dtype=torch.bfloat16);tensor(-2.5625, device='cuda:0', dtype=torch.bfloat16)",blimp
tough_vs_raising_2,Keith was apt to find out who is getting a job.,Keith was tough to find out who is getting a job.,737,-5.4375,-5.25,-65.0,-62.75,"tensor(-9.3750, device='cuda:0', dtype=torch.bfloat16);tensor(-6., device='cuda:0', dtype=torch.bfloat16);tensor(-13.2500, device='cuda:0', dtype=torch.bfloat16);tensor(-0.3750, device='cuda:0', dtype=torch.bfloat16);tensor(-5.3125, device='cuda:0', dtype=torch.bfloat16);tensor(-4.1250, device='cuda:0', dtype=torch.bfloat16);tensor(-4.9375, device='cuda:0', dtype=torch.bfloat16);tensor(-4.1250, device='cuda:0', dtype=torch.bfloat16);tensor(-6.6250, device='cuda:0', dtype=torch.bfloat16);tensor(-2.9375, device='cuda:0', dtype=torch.bfloat16);tensor(-4.1250, device='cuda:0', dtype=torch.bfloat16);tensor(-4., device='cuda:0', dtype=torch.bfloat16)","tensor(-9.3750, device='cuda:0', dtype=torch.bfloat16);tensor(-6., device='cuda:0', dtype=torch.bfloat16);tensor(-10.0625, device='cuda:0', dtype=torch.bfloat16);tensor(-2., device='cuda:0', dtype=torch.bfloat16);tensor(-3.1250, device='cuda:0', dtype=torch.bfloat16);tensor(-6.1875, device='cuda:0', dtype=torch.bfloat16);tensor(-5.5000, device='cuda:0', dtype=torch.bfloat16);tensor(-3.8750, device='cuda:0', dtype=torch.bfloat16);tensor(-6.8438, device='cuda:0', dtype=torch.bfloat16);tensor(-2.9375, device='cuda:0', dtype=torch.bfloat16);tensor(-3.6875, device='cuda:0', dtype=torch.bfloat16);tensor(-3.2500, device='cuda:0', dtype=torch.bfloat16)",blimp
tough_vs_raising_2,Christine's partner was bound to annoy the museum.,Christine's partner was pleasant to annoy the museum.,740,-6.4375,-6.5625,-71.0,-72.0,"tensor(-8.6875, device='cuda:0', dtype=torch.bfloat16);tensor(-2.9375, device='cuda:0', dtype=torch.bfloat16);tensor(-4.7500, device='cuda:0', dtype=torch.bfloat16);tensor(-10.3750, device='cuda:0', dtype=torch.bfloat16);tensor(-3.5625, device='cuda:0', dtype=torch.bfloat16);tensor(-10., device='cuda:0', dtype=torch.bfloat16);tensor(-1.5000, device='cuda:0', dtype=torch.bfloat16);tensor(-11.7500, device='cuda:0', dtype=torch.bfloat16);tensor(-2.6875, device='cuda:0', dtype=torch.bfloat16);tensor(-9.4375, device='cuda:0', dtype=torch.bfloat16);tensor(-5.2500, device='cuda:0', dtype=torch.bfloat16)","tensor(-8.6875, device='cuda:0', dtype=torch.bfloat16);tensor(-2.9375, device='cuda:0', dtype=torch.bfloat16);tensor(-4.7500, device='cuda:0', dtype=torch.bfloat16);tensor(-10.3750, device='cuda:0', dtype=torch.bfloat16);tensor(-3.5625, device='cuda:0', dtype=torch.bfloat16);tensor(-11.2500, device='cuda:0', dtype=torch.bfloat16);tensor(-1.6250, device='cuda:0', dtype=torch.bfloat16);tensor(-13., device='cuda:0', dtype=torch.bfloat16);tensor(-3.1250, device='cuda:0', dtype=torch.bfloat16);tensor(-9., device='cuda:0', dtype=torch.bfloat16);tensor(-3.9375, device='cuda:0', dtype=torch.bfloat16)",blimp
tough_vs_raising_2,Carl's father is sure to observe Vincent.,Carl's father is boring to observe Vincent.,660,-7.3125,-7.59375,-66.0,-68.5,"tensor(-9.1250, device='cuda:0', dtype=torch.bfloat16);tensor(-5.6250, device='cuda:0', dtype=torch.bfloat16);tensor(-9.3125, device='cuda:0', dtype=torch.bfloat16);tensor(-3., device='cuda:0', dtype=torch.bfloat16);tensor(-12.5625, device='cuda:0', dtype=torch.bfloat16);tensor(-2., device='cuda:0', dtype=torch.bfloat16);tensor(-8.5625, device='cuda:0', dtype=torch.bfloat16);tensor(-10.6250, device='cuda:0', dtype=torch.bfloat16);tensor(-5., device='cuda:0', dtype=torch.bfloat16)","tensor(-9.1250, device='cuda:0', dtype=torch.bfloat16);tensor(-5.6250, device='cuda:0', dtype=torch.bfloat16);tensor(-9.3125, device='cuda:0', dtype=torch.bfloat16);tensor(-3., device='cuda:0', dtype=torch.bfloat16);tensor(-13.9375, device='cuda:0', dtype=torch.bfloat16);tensor(-3.9375, device='cuda:0', dtype=torch.bfloat16);tensor(-7.8438, device='cuda:0', dtype=torch.bfloat16);tensor(-11.3750, device='cuda:0', dtype=torch.bfloat16);tensor(-4.1250, device='cuda:0', dtype=torch.bfloat16)",blimp
tough_vs_raising_2,Travis isn't about to chuckle.,Travis isn't easy to chuckle.,411,-5.125,-5.21875,-46.0,-47.0,"tensor(-8.3750, device='cuda:0', dtype=torch.bfloat16);tensor(-3.6875, device='cuda:0', dtype=torch.bfloat16);tensor(-10.3750, device='cuda:0', dtype=torch.bfloat16);tensor(-0.7500, device='cuda:0', dtype=torch.bfloat16);tensor(-5.7500, device='cuda:0', dtype=torch.bfloat16);tensor(-0.8125, device='cuda:0', dtype=torch.bfloat16);tensor(-10.5625, device='cuda:0', dtype=torch.bfloat16);tensor(-2.0625, device='cuda:0', dtype=torch.bfloat16);tensor(-3.6875, device='cuda:0', dtype=torch.bfloat16)","tensor(-8.3750, device='cuda:0', dtype=torch.bfloat16);tensor(-3.6875, device='cuda:0', dtype=torch.bfloat16);tensor(-10.3750, device='cuda:0', dtype=torch.bfloat16);tensor(-0.7500, device='cuda:0', dtype=torch.bfloat16);tensor(-7.5625, device='cuda:0', dtype=torch.bfloat16);tensor(-0.3750, device='cuda:0', dtype=torch.bfloat16);tensor(-11.8750, device='cuda:0', dtype=torch.bfloat16);tensor(-0.4375, device='cuda:0', dtype=torch.bfloat16);tensor(-3.5000, device='cuda:0', dtype=torch.bfloat16)",blimp
tough_vs_raising_2,Martin isn't bound to slump over.,Martin isn't fun to slump over.,678,-6.71875,-7.0,-53.75,-56.0,"tensor(-9.2500, device='cuda:0', dtype=torch.bfloat16);tensor(-11.8125, device='cuda:0', dtype=torch.bfloat16);tensor(-0.5000, device='cuda:0', dtype=torch.bfloat16);tensor(-8.5000, device='cuda:0', dtype=torch.bfloat16);tensor(-0.8750, device='cuda:0', dtype=torch.bfloat16);tensor(-15., device='cuda:0', dtype=torch.bfloat16);tensor(-4.8125, device='cuda:0', dtype=torch.bfloat16);tensor(-3., device='cuda:0', dtype=torch.bfloat16)","tensor(-9.2500, device='cuda:0', dtype=torch.bfloat16);tensor(-11.8125, device='cuda:0', dtype=torch.bfloat16);tensor(-0.5000, device='cuda:0', dtype=torch.bfloat16);tensor(-9.3750, device='cuda:0', dtype=torch.bfloat16);tensor(-1., device='cuda:0', dtype=torch.bfloat16);tensor(-15.4375, device='cuda:0', dtype=torch.bfloat16);tensor(-5.6250, device='cuda:0', dtype=torch.bfloat16);tensor(-3., device='cuda:0', dtype=torch.bfloat16)",blimp
tough_vs_raising_2,Carol is certain to conceal Sandra.,Carol is pleasant to conceal Sandra.,626,-7.8125,-8.5,-54.75,-59.25,"tensor(-9.6250, device='cuda:0', dtype=torch.bfloat16);tensor(-5.6250, device='cuda:0', dtype=torch.bfloat16);tensor(-10., device='cuda:0', dtype=torch.bfloat16);tensor(-2.8125, device='cuda:0', dtype=torch.bfloat16);tensor(-11.5625, device='cuda:0', dtype=torch.bfloat16);tensor(-11.0625, device='cuda:0', dtype=torch.bfloat16);tensor(-4.0625, device='cuda:0', dtype=torch.bfloat16)","tensor(-9.6250, device='cuda:0', dtype=torch.bfloat16);tensor(-5.6250, device='cuda:0', dtype=torch.bfloat16);tensor(-11.3750, device='cuda:0', dtype=torch.bfloat16);tensor(-0.8750, device='cuda:0', dtype=torch.bfloat16);tensor(-15.1875, device='cuda:0', dtype=torch.bfloat16);tensor(-12.8750, device='cuda:0', dtype=torch.bfloat16);tensor(-3.7500, device='cuda:0', dtype=torch.bfloat16)",blimp
tough_vs_raising_2,Theresa's employee was certain to prod all children's friend to explain everything.,Theresa's employee was tough to prod all children's friend to explain everything.,513,-6.4375,-6.625,-103.0,-106.0,"tensor(-8., device='cuda:0', dtype=torch.bfloat16);tensor(-3.3750, device='cuda:0', dtype=torch.bfloat16);tensor(-5.6875, device='cuda:0', dtype=torch.bfloat16);tensor(-12.2500, device='cuda:0', dtype=torch.bfloat16);tensor(-3.9375, device='cuda:0', dtype=torch.bfloat16);tensor(-9.3750, device='cuda:0', dtype=torch.bfloat16);tensor(-1.8125, device='cuda:0', dtype=torch.bfloat16);tensor(-11.3750, device='cuda:0', dtype=torch.bfloat16);tensor(-6., device='cuda:0', dtype=torch.bfloat16);tensor(-6.9062, device='cuda:0', dtype=torch.bfloat16);tensor(-3.8750, device='cuda:0', dtype=torch.bfloat16);tensor(-9.5000, device='cuda:0', dtype=torch.bfloat16);tensor(-2.8750, device='cuda:0', dtype=torch.bfloat16);tensor(-8.4375, device='cuda:0', dtype=torch.bfloat16);tensor(-6.4062, device='cuda:0', dtype=torch.bfloat16);tensor(-3.4375, device='cuda:0', dtype=torch.bfloat16)","tensor(-8., device='cuda:0', dtype=torch.bfloat16);tensor(-3.3750, device='cuda:0', dtype=torch.bfloat16);tensor(-5.6875, device='cuda:0', dtype=torch.bfloat16);tensor(-12.2500, device='cuda:0', dtype=torch.bfloat16);tensor(-3.9375, device='cuda:0', dtype=torch.bfloat16);tensor(-9.5000, device='cuda:0', dtype=torch.bfloat16);tensor(-1.1250, device='cuda:0', dtype=torch.bfloat16);tensor(-10.5000, device='cuda:0', dtype=torch.bfloat16);tensor(-8.2500, device='cuda:0', dtype=torch.bfloat16);tensor(-8.6250, device='cuda:0', dtype=torch.bfloat16);tensor(-4.2188, device='cuda:0', dtype=torch.bfloat16);tensor(-8.8125, device='cuda:0', dtype=torch.bfloat16);tensor(-3.6250, device='cuda:0', dtype=torch.bfloat16);tensor(-8.3750, device='cuda:0', dtype=torch.bfloat16);tensor(-6.8438, device='cuda:0', dtype=torch.bfloat16);tensor(-2.9375, device='cuda:0', dtype=torch.bfloat16)",blimp
tough_vs_raising_2,Craig's handymen were sure to flirt.,Craig's handymen were hard to flirt.,859,-6.4375,-6.5625,-64.0,-66.0,"tensor(-10.2500, device='cuda:0', dtype=torch.bfloat16);tensor(-4.2500, device='cuda:0', dtype=torch.bfloat16);tensor(-10.1875, device='cuda:0', dtype=torch.bfloat16);tensor(-7.2500, device='cuda:0', dtype=torch.bfloat16);tensor(-0.1250, device='cuda:0', dtype=torch.bfloat16);tensor(-5., device='cuda:0', dtype=torch.bfloat16);tensor(-8.6250, device='cuda:0', dtype=torch.bfloat16);tensor(-0.9375, device='cuda:0', dtype=torch.bfloat16);tensor(-12.3750, device='cuda:0', dtype=torch.bfloat16);tensor(-5.2500, device='cuda:0', dtype=torch.bfloat16)","tensor(-10.2500, device='cuda:0', dtype=torch.bfloat16);tensor(-4.2500, device='cuda:0', dtype=torch.bfloat16);tensor(-10.1875, device='cuda:0', dtype=torch.bfloat16);tensor(-7.2500, device='cuda:0', dtype=torch.bfloat16);tensor(-0.1250, device='cuda:0', dtype=torch.bfloat16);tensor(-5., device='cuda:0', dtype=torch.bfloat16);tensor(-4.6250, device='cuda:0', dtype=torch.bfloat16);tensor(-3.2500, device='cuda:0', dtype=torch.bfloat16);tensor(-15.7500, device='cuda:0', dtype=torch.bfloat16);tensor(-5.0625, device='cuda:0', dtype=torch.bfloat16)",blimp
tough_vs_raising_2,All students' bosses were about to shout.,All students' bosses were annoying to shout.,136,-6.28125,-7.4375,-56.5,-67.0,"tensor(-6.9375, device='cuda:0', dtype=torch.bfloat16);tensor(-5.2500, device='cuda:0', dtype=torch.bfloat16);tensor(-7.9375, device='cuda:0', dtype=torch.bfloat16);tensor(-12.3125, device='cuda:0', dtype=torch.bfloat16);tensor(-3.7500, device='cuda:0', dtype=torch.bfloat16);tensor(-7.5938, device='cuda:0', dtype=torch.bfloat16);tensor(-1.0625, device='cuda:0', dtype=torch.bfloat16);tensor(-6.8125, device='cuda:0', dtype=torch.bfloat16);tensor(-4.8750, device='cuda:0', dtype=torch.bfloat16)","tensor(-6.9375, device='cuda:0', dtype=torch.bfloat16);tensor(-5.2500, device='cuda:0', dtype=torch.bfloat16);tensor(-7.9375, device='cuda:0', dtype=torch.bfloat16);tensor(-12.3125, device='cuda:0', dtype=torch.bfloat16);tensor(-3.7500, device='cuda:0', dtype=torch.bfloat16);tensor(-10., device='cuda:0', dtype=torch.bfloat16);tensor(-3.1875, device='cuda:0', dtype=torch.bfloat16);tensor(-12.6250, device='cuda:0', dtype=torch.bfloat16);tensor(-4.8125, device='cuda:0', dtype=torch.bfloat16)",blimp
transitive,Anne buys every shirt.,Anne waves every shirt.,521,-8.875,-9.25,-44.25,-46.25,"tensor(-10., device='cuda:0', dtype=torch.bfloat16);tensor(-12.1875, device='cuda:0', dtype=torch.bfloat16);tensor(-9.3125, device='cuda:0', dtype=torch.bfloat16);tensor(-5.3125, device='cuda:0', dtype=torch.bfloat16);tensor(-7.4375, device='cuda:0', dtype=torch.bfloat16)","tensor(-10., device='cuda:0', dtype=torch.bfloat16);tensor(-13.8125, device='cuda:0', dtype=torch.bfloat16);tensor(-7.8438, device='cuda:0', dtype=torch.bfloat16);tensor(-9.2500, device='cuda:0', dtype=torch.bfloat16);tensor(-5.3125, device='cuda:0', dtype=torch.bfloat16)",blimp
transitive,Angela will worry these daughters of Michelle.,Angela will come here these daughters of Michelle.,737,-7.1875,-6.75,-65.0,-67.5,"tensor(-9.0625, device='cuda:0', dtype=torch.bfloat16);tensor(-1.9375, device='cuda:0', dtype=torch.bfloat16);tensor(-8.3750, device='cuda:0', dtype=torch.bfloat16);tensor(-11.8750, device='cuda:0', dtype=torch.bfloat16);tensor(-8., device='cuda:0', dtype=torch.bfloat16);tensor(-9.6250, device='cuda:0', dtype=torch.bfloat16);tensor(-1.8125, device='cuda:0', dtype=torch.bfloat16);tensor(-9.3750, device='cuda:0', dtype=torch.bfloat16);tensor(-4.6875, device='cuda:0', dtype=torch.bfloat16)","tensor(-9.0625, device='cuda:0', dtype=torch.bfloat16);tensor(-1.9375, device='cuda:0', dtype=torch.bfloat16);tensor(-8.3750, device='cuda:0', dtype=torch.bfloat16);tensor(-5.8125, device='cuda:0', dtype=torch.bfloat16);tensor(-6.8125, device='cuda:0', dtype=torch.bfloat16);tensor(-8.5625, device='cuda:0', dtype=torch.bfloat16);tensor(-11.1250, device='cuda:0', dtype=torch.bfloat16);tensor(-1.5625, device='cuda:0', dtype=torch.bfloat16);tensor(-10.5000, device='cuda:0', dtype=torch.bfloat16);tensor(-3.6250, device='cuda:0', dtype=torch.bfloat16)",blimp
transitive,Some box resembles those prints of Diana.,Some box falls those prints of Diana.,740,-8.25,-8.75,-66.0,-70.0,"tensor(-7.7500, device='cuda:0', dtype=torch.bfloat16);tensor(-11., device='cuda:0', dtype=torch.bfloat16);tensor(-14.1875, device='cuda:0', dtype=torch.bfloat16);tensor(-5.1250, device='cuda:0', dtype=torch.bfloat16);tensor(-10.5625, device='cuda:0', dtype=torch.bfloat16);tensor(-2.3750, device='cuda:0', dtype=torch.bfloat16);tensor(-10.6875, device='cuda:0', dtype=torch.bfloat16);tensor(-4.0625, device='cuda:0', dtype=torch.bfloat16)","tensor(-7.7500, device='cuda:0', dtype=torch.bfloat16);tensor(-11., device='cuda:0', dtype=torch.bfloat16);tensor(-9.7500, device='cuda:0', dtype=torch.bfloat16);tensor(-12.0625, device='cuda:0', dtype=torch.bfloat16);tensor(-10.1875, device='cuda:0', dtype=torch.bfloat16);tensor(-3.1875, device='cuda:0', dtype=torch.bfloat16);tensor(-12.1250, device='cuda:0', dtype=torch.bfloat16);tensor(-3.9375, device='cuda:0', dtype=torch.bfloat16)",blimp
transitive,Some boy was concealing Heidi.,Some boy was chuckling Heidi.,660,-7.59375,-7.625,-53.25,-53.5,"tensor(-7.7812, device='cuda:0', dtype=torch.bfloat16);tensor(-10.1250, device='cuda:0', dtype=torch.bfloat16);tensor(-4.5625, device='cuda:0', dtype=torch.bfloat16);tensor(-10.8125, device='cuda:0', dtype=torch.bfloat16);tensor(-0.8750, device='cuda:0', dtype=torch.bfloat16);tensor(-14.3750, device='cuda:0', dtype=torch.bfloat16);tensor(-4.6250, device='cuda:0', dtype=torch.bfloat16)","tensor(-7.7812, device='cuda:0', dtype=torch.bfloat16);tensor(-10.1250, device='cuda:0', dtype=torch.bfloat16);tensor(-4.5625, device='cuda:0', dtype=torch.bfloat16);tensor(-8.7500, device='cuda:0', dtype=torch.bfloat16);tensor(-0.7500, device='cuda:0', dtype=torch.bfloat16);tensor(-17.5000, device='cuda:0', dtype=torch.bfloat16);tensor(-3.9375, device='cuda:0', dtype=torch.bfloat16)",blimp
transitive,Some hamster breaks these windows.,Some hamster falls these windows.,411,-7.53125,-8.0,-52.75,-56.25,"tensor(-7.7812, device='cuda:0', dtype=torch.bfloat16);tensor(-11.6875, device='cuda:0', dtype=torch.bfloat16);tensor(-2.0625, device='cuda:0', dtype=torch.bfloat16);tensor(-12., device='cuda:0', dtype=torch.bfloat16);tensor(-8.2500, device='cuda:0', dtype=torch.bfloat16);tensor(-7.8438, device='cuda:0', dtype=torch.bfloat16);tensor(-3.0625, device='cuda:0', dtype=torch.bfloat16)","tensor(-7.7812, device='cuda:0', dtype=torch.bfloat16);tensor(-11.6875, device='cuda:0', dtype=torch.bfloat16);tensor(-2.0625, device='cuda:0', dtype=torch.bfloat16);tensor(-10.4375, device='cuda:0', dtype=torch.bfloat16);tensor(-10.1250, device='cuda:0', dtype=torch.bfloat16);tensor(-10., device='cuda:0', dtype=torch.bfloat16);tensor(-4.0625, device='cuda:0', dtype=torch.bfloat16)",blimp
transitive,Ruth returned to Marie.,Ruth fell Marie.,678,-7.0625,-8.3125,-42.5,-41.5,"tensor(-6.5000, device='cuda:0', dtype=torch.bfloat16);tensor(-4.1875, device='cuda:0', dtype=torch.bfloat16);tensor(-13., device='cuda:0', dtype=torch.bfloat16);tensor(-0.5000, device='cuda:0', dtype=torch.bfloat16);tensor(-10.8125, device='cuda:0', dtype=torch.bfloat16);tensor(-7.3750, device='cuda:0', dtype=torch.bfloat16)","tensor(-6.5000, device='cuda:0', dtype=torch.bfloat16);tensor(-4.1875, device='cuda:0', dtype=torch.bfloat16);tensor(-10.7500, device='cuda:0', dtype=torch.bfloat16);tensor(-15.1875, device='cuda:0', dtype=torch.bfloat16);tensor(-4.9375, device='cuda:0', dtype=torch.bfloat16)",blimp
transitive,Tiffany shouldn't bother Bethany's electricians.,Tiffany shouldn't die Bethany's electricians.,626,-6.1875,-6.75,-68.0,-74.0,"tensor(-7.0938, device='cuda:0', dtype=torch.bfloat16);tensor(-5.8125, device='cuda:0', dtype=torch.bfloat16);tensor(-15.1875, device='cuda:0', dtype=torch.bfloat16);tensor(-0.5000, device='cuda:0', dtype=torch.bfloat16);tensor(-6.9375, device='cuda:0', dtype=torch.bfloat16);tensor(-9.4375, device='cuda:0', dtype=torch.bfloat16);tensor(-1., device='cuda:0', dtype=torch.bfloat16);tensor(-5.8125, device='cuda:0', dtype=torch.bfloat16);tensor(-11.2500, device='cuda:0', dtype=torch.bfloat16);tensor(-3.1250, device='cuda:0', dtype=torch.bfloat16);tensor(-2.0625, device='cuda:0', dtype=torch.bfloat16)","tensor(-7.0938, device='cuda:0', dtype=torch.bfloat16);tensor(-5.8125, device='cuda:0', dtype=torch.bfloat16);tensor(-15.1875, device='cuda:0', dtype=torch.bfloat16);tensor(-0.5000, device='cuda:0', dtype=torch.bfloat16);tensor(-8.0625, device='cuda:0', dtype=torch.bfloat16);tensor(-12.2500, device='cuda:0', dtype=torch.bfloat16);tensor(-1.8750, device='cuda:0', dtype=torch.bfloat16);tensor(-3.7500, device='cuda:0', dtype=torch.bfloat16);tensor(-10.5000, device='cuda:0', dtype=torch.bfloat16);tensor(-4.6875, device='cuda:0', dtype=torch.bfloat16);tensor(-4.3750, device='cuda:0', dtype=torch.bfloat16)",blimp
transitive,Most nieces of Beverly have investigated many customers.,Most nieces of Beverly have competed many customers.,513,-7.28125,-7.59375,-72.5,-76.0,"tensor(-7.6250, device='cuda:0', dtype=torch.bfloat16);tensor(-13.6875, device='cuda:0', dtype=torch.bfloat16);tensor(-0.3750, device='cuda:0', dtype=torch.bfloat16);tensor(-4., device='cuda:0', dtype=torch.bfloat16);tensor(-9.6250, device='cuda:0', dtype=torch.bfloat16);tensor(-9.0625, device='cuda:0', dtype=torch.bfloat16);tensor(-10.1250, device='cuda:0', dtype=torch.bfloat16);tensor(-5.6562, device='cuda:0', dtype=torch.bfloat16);tensor(-8.5000, device='cuda:0', dtype=torch.bfloat16);tensor(-4.0625, device='cuda:0', dtype=torch.bfloat16)","tensor(-7.6250, device='cuda:0', dtype=torch.bfloat16);tensor(-13.6875, device='cuda:0', dtype=torch.bfloat16);tensor(-0.3750, device='cuda:0', dtype=torch.bfloat16);tensor(-4., device='cuda:0', dtype=torch.bfloat16);tensor(-9.6250, device='cuda:0', dtype=torch.bfloat16);tensor(-9.0625, device='cuda:0', dtype=torch.bfloat16);tensor(-9.1250, device='cuda:0', dtype=torch.bfloat16);tensor(-7.0625, device='cuda:0', dtype=torch.bfloat16);tensor(-12.2500, device='cuda:0', dtype=torch.bfloat16);tensor(-3., device='cuda:0', dtype=torch.bfloat16)",blimp
transitive,Wayne's students went to the grocery store.,Wayne's students murmur the grocery store.,859,-4.46875,-6.0,-44.75,-60.0,"tensor(-9.3125, device='cuda:0', dtype=torch.bfloat16);tensor(-1.1250, device='cuda:0', dtype=torch.bfloat16);tensor(-4.2500, device='cuda:0', dtype=torch.bfloat16);tensor(-8.5625, device='cuda:0', dtype=torch.bfloat16);tensor(-7.0938, device='cuda:0', dtype=torch.bfloat16);tensor(-1.6250, device='cuda:0', dtype=torch.bfloat16);tensor(-1.9375, device='cuda:0', dtype=torch.bfloat16);tensor(-5.5000, device='cuda:0', dtype=torch.bfloat16);tensor(0., device='cuda:0', dtype=torch.bfloat16);tensor(-5.3125, device='cuda:0', dtype=torch.bfloat16)","tensor(-9.3125, device='cuda:0', dtype=torch.bfloat16);tensor(-1.1250, device='cuda:0', dtype=torch.bfloat16);tensor(-4.2500, device='cuda:0', dtype=torch.bfloat16);tensor(-8.5625, device='cuda:0', dtype=torch.bfloat16);tensor(-13.1250, device='cuda:0', dtype=torch.bfloat16);tensor(-0.8750, device='cuda:0', dtype=torch.bfloat16);tensor(-5., device='cuda:0', dtype=torch.bfloat16);tensor(-11.4375, device='cuda:0', dtype=torch.bfloat16);tensor(-1.7500, device='cuda:0', dtype=torch.bfloat16);tensor(-4.5000, device='cuda:0', dtype=torch.bfloat16)",blimp
transitive,This friend of Joseph had these pants.,This friend of Joseph spoke up these pants.,136,-6.8125,-7.34375,-54.5,-66.0,"tensor(-4.7500, device='cuda:0', dtype=torch.bfloat16);tensor(-11.0625, device='cuda:0', dtype=torch.bfloat16);tensor(-0.8125, device='cuda:0', dtype=torch.bfloat16);tensor(-8.8750, device='cuda:0', dtype=torch.bfloat16);tensor(-5.4375, device='cuda:0', dtype=torch.bfloat16);tensor(-8.3750, device='cuda:0', dtype=torch.bfloat16);tensor(-8.8750, device='cuda:0', dtype=torch.bfloat16);tensor(-6.2500, device='cuda:0', dtype=torch.bfloat16)","tensor(-4.7500, device='cuda:0', dtype=torch.bfloat16);tensor(-11.0625, device='cuda:0', dtype=torch.bfloat16);tensor(-0.8125, device='cuda:0', dtype=torch.bfloat16);tensor(-8.8750, device='cuda:0', dtype=torch.bfloat16);tensor(-10., device='cuda:0', dtype=torch.bfloat16);tensor(-3.1875, device='cuda:0', dtype=torch.bfloat16);tensor(-9.5000, device='cuda:0', dtype=torch.bfloat16);tensor(-14.1875, device='cuda:0', dtype=torch.bfloat16);tensor(-3.6250, device='cuda:0', dtype=torch.bfloat16)",blimp
wh_island,Who can't a guest investigate he can't attack?,Who can't a guest investigate who can't attack?,521,-6.125,-5.84375,-67.5,-64.0,"tensor(-7.1250, device='cuda:0', dtype=torch.bfloat16);tensor(-3.5625, device='cuda:0', dtype=torch.bfloat16);tensor(-5.5000, device='cuda:0', dtype=torch.bfloat16);tensor(-6.5000, device='cuda:0', dtype=torch.bfloat16);tensor(-8., device='cuda:0', dtype=torch.bfloat16);tensor(-12.6250, device='cuda:0', dtype=torch.bfloat16);tensor(-9.6875, device='cuda:0', dtype=torch.bfloat16);tensor(-4.0625, device='cuda:0', dtype=torch.bfloat16);tensor(-1.3750, device='cuda:0', dtype=torch.bfloat16);tensor(-6.3125, device='cuda:0', dtype=torch.bfloat16);tensor(-2.6875, device='cuda:0', dtype=torch.bfloat16)","tensor(-7.1250, device='cuda:0', dtype=torch.bfloat16);tensor(-3.5625, device='cuda:0', dtype=torch.bfloat16);tensor(-5.5000, device='cuda:0', dtype=torch.bfloat16);tensor(-6.5000, device='cuda:0', dtype=torch.bfloat16);tensor(-8., device='cuda:0', dtype=torch.bfloat16);tensor(-12.6250, device='cuda:0', dtype=torch.bfloat16);tensor(-5.9375, device='cuda:0', dtype=torch.bfloat16);tensor(-2.6875, device='cuda:0', dtype=torch.bfloat16);tensor(-1.1875, device='cuda:0', dtype=torch.bfloat16);tensor(-7.1562, device='cuda:0', dtype=torch.bfloat16);tensor(-3.9375, device='cuda:0', dtype=torch.bfloat16)",blimp
wh_island,What is Thomas revealing he escaped from?,What is Thomas revealing who escaped from?,737,-7.15625,-7.875,-57.25,-63.0,"tensor(-5.5000, device='cuda:0', dtype=torch.bfloat16);tensor(-1.5000, device='cuda:0', dtype=torch.bfloat16);tensor(-11.1875, device='cuda:0', dtype=torch.bfloat16);tensor(-14.6250, device='cuda:0', dtype=torch.bfloat16);tensor(-8.4375, device='cuda:0', dtype=torch.bfloat16);tensor(-11.7500, device='cuda:0', dtype=torch.bfloat16);tensor(-0.9375, device='cuda:0', dtype=torch.bfloat16);tensor(-3.2500, device='cuda:0', dtype=torch.bfloat16)","tensor(-5.5000, device='cuda:0', dtype=torch.bfloat16);tensor(-1.5000, device='cuda:0', dtype=torch.bfloat16);tensor(-11.1875, device='cuda:0', dtype=torch.bfloat16);tensor(-14.6250, device='cuda:0', dtype=torch.bfloat16);tensor(-11.0625, device='cuda:0', dtype=torch.bfloat16);tensor(-10.1250, device='cuda:0', dtype=torch.bfloat16);tensor(-1.5625, device='cuda:0', dtype=torch.bfloat16);tensor(-7.3750, device='cuda:0', dtype=torch.bfloat16)",blimp
wh_island,Who hadn't Kayla figured out she bothered?,Who hadn't Kayla figured out what bothered?,740,-6.59375,-6.53125,-66.0,-65.5,"tensor(-7.1250, device='cuda:0', dtype=torch.bfloat16);tensor(-11.6875, device='cuda:0', dtype=torch.bfloat16);tensor(-1., device='cuda:0', dtype=torch.bfloat16);tensor(-14.4375, device='cuda:0', dtype=torch.bfloat16);tensor(-2.3750, device='cuda:0', dtype=torch.bfloat16);tensor(-7.9688, device='cuda:0', dtype=torch.bfloat16);tensor(-0.6250, device='cuda:0', dtype=torch.bfloat16);tensor(-3.1875, device='cuda:0', dtype=torch.bfloat16);tensor(-12.8125, device='cuda:0', dtype=torch.bfloat16);tensor(-4.8125, device='cuda:0', dtype=torch.bfloat16)","tensor(-7.1250, device='cuda:0', dtype=torch.bfloat16);tensor(-11.6875, device='cuda:0', dtype=torch.bfloat16);tensor(-1., device='cuda:0', dtype=torch.bfloat16);tensor(-14.4375, device='cuda:0', dtype=torch.bfloat16);tensor(-2.3750, device='cuda:0', dtype=torch.bfloat16);tensor(-7.9688, device='cuda:0', dtype=torch.bfloat16);tensor(-0.6250, device='cuda:0', dtype=torch.bfloat16);tensor(-2.8125, device='cuda:0', dtype=torch.bfloat16);tensor(-9.1875, device='cuda:0', dtype=torch.bfloat16);tensor(-8.0625, device='cuda:0', dtype=torch.bfloat16)",blimp
wh_island,What should some lady know she messes up?,What should some lady know who messes up?,660,-6.0625,-5.75,-60.75,-57.5,"tensor(-5.5000, device='cuda:0', dtype=torch.bfloat16);tensor(-5., device='cuda:0', dtype=torch.bfloat16);tensor(-10.3125, device='cuda:0', dtype=torch.bfloat16);tensor(-9.5000, device='cuda:0', dtype=torch.bfloat16);tensor(-5.5000, device='cuda:0', dtype=torch.bfloat16);tensor(-6.9375, device='cuda:0', dtype=torch.bfloat16);tensor(-11.1250, device='cuda:0', dtype=torch.bfloat16);tensor(-1., device='cuda:0', dtype=torch.bfloat16);tensor(-1.6250, device='cuda:0', dtype=torch.bfloat16);tensor(-4.2500, device='cuda:0', dtype=torch.bfloat16)","tensor(-5.5000, device='cuda:0', dtype=torch.bfloat16);tensor(-5., device='cuda:0', dtype=torch.bfloat16);tensor(-10.3125, device='cuda:0', dtype=torch.bfloat16);tensor(-9.5000, device='cuda:0', dtype=torch.bfloat16);tensor(-5.5000, device='cuda:0', dtype=torch.bfloat16);tensor(-5., device='cuda:0', dtype=torch.bfloat16);tensor(-10.1250, device='cuda:0', dtype=torch.bfloat16);tensor(-0.6875, device='cuda:0', dtype=torch.bfloat16);tensor(-1.3750, device='cuda:0', dtype=torch.bfloat16);tensor(-4.3750, device='cuda:0', dtype=torch.bfloat16)",blimp
wh_island,What haven't some museums learned they have remembered?,What haven't some museums learned who have remembered?,411,-6.75,-7.0,-67.5,-70.0,"tensor(-5.5000, device='cuda:0', dtype=torch.bfloat16);tensor(-12.1875, device='cuda:0', dtype=torch.bfloat16);tensor(-0.6250, device='cuda:0', dtype=torch.bfloat16);tensor(-8.2500, device='cuda:0', dtype=torch.bfloat16);tensor(-8.9375, device='cuda:0', dtype=torch.bfloat16);tensor(-3.0625, device='cuda:0', dtype=torch.bfloat16);tensor(-8.6875, device='cuda:0', dtype=torch.bfloat16);tensor(-2.8125, device='cuda:0', dtype=torch.bfloat16);tensor(-14.1875, device='cuda:0', dtype=torch.bfloat16);tensor(-3.1875, device='cuda:0', dtype=torch.bfloat16)","tensor(-5.5000, device='cuda:0', dtype=torch.bfloat16);tensor(-12.1875, device='cuda:0', dtype=torch.bfloat16);tensor(-0.6250, device='cuda:0', dtype=torch.bfloat16);tensor(-8.2500, device='cuda:0', dtype=torch.bfloat16);tensor(-8.9375, device='cuda:0', dtype=torch.bfloat16);tensor(-3.0625, device='cuda:0', dtype=torch.bfloat16);tensor(-12.1250, device='cuda:0', dtype=torch.bfloat16);tensor(-2.1250, device='cuda:0', dtype=torch.bfloat16);tensor(-12.2500, device='cuda:0', dtype=torch.bfloat16);tensor(-4.9375, device='cuda:0', dtype=torch.bfloat16)",blimp
wh_island,Who is Candice remembering she wasn't alarming?,Who is Candice remembering who wasn't alarming?,678,-7.25,-7.09375,-72.5,-71.0,"tensor(-7.1250, device='cuda:0', dtype=torch.bfloat16);tensor(-2.1875, device='cuda:0', dtype=torch.bfloat16);tensor(-8.8750, device='cuda:0', dtype=torch.bfloat16);tensor(-0.6250, device='cuda:0', dtype=torch.bfloat16);tensor(-17.7500, device='cuda:0', dtype=torch.bfloat16);tensor(-10.2500, device='cuda:0', dtype=torch.bfloat16);tensor(-7.1250, device='cuda:0', dtype=torch.bfloat16);tensor(-0.5000, device='cuda:0', dtype=torch.bfloat16);tensor(-14.9375, device='cuda:0', dtype=torch.bfloat16);tensor(-3.0625, device='cuda:0', dtype=torch.bfloat16)","tensor(-7.1250, device='cuda:0', dtype=torch.bfloat16);tensor(-2.1875, device='cuda:0', dtype=torch.bfloat16);tensor(-8.8750, device='cuda:0', dtype=torch.bfloat16);tensor(-0.6250, device='cuda:0', dtype=torch.bfloat16);tensor(-17.7500, device='cuda:0', dtype=torch.bfloat16);tensor(-8.1250, device='cuda:0', dtype=torch.bfloat16);tensor(-7.6250, device='cuda:0', dtype=torch.bfloat16);tensor(-0.5000, device='cuda:0', dtype=torch.bfloat16);tensor(-15., device='cuda:0', dtype=torch.bfloat16);tensor(-3., device='cuda:0', dtype=torch.bfloat16)",blimp
wh_island,Who are a lot of patients realizing they weren't embarrassing?,Who are a lot of patients realizing what weren't embarrassing?,626,-5.90625,-6.375,-71.0,-76.5,"tensor(-7.1250, device='cuda:0', dtype=torch.bfloat16);tensor(-3.0625, device='cuda:0', dtype=torch.bfloat16);tensor(-7.2812, device='cuda:0', dtype=torch.bfloat16);tensor(-4.8750, device='cuda:0', dtype=torch.bfloat16);tensor(-0.3125, device='cuda:0', dtype=torch.bfloat16);tensor(-6.9375, device='cuda:0', dtype=torch.bfloat16);tensor(-11.1875, device='cuda:0', dtype=torch.bfloat16);tensor(-2.8750, device='cuda:0', dtype=torch.bfloat16);tensor(-7.8125, device='cuda:0', dtype=torch.bfloat16);tensor(-1.5000, device='cuda:0', dtype=torch.bfloat16);tensor(-12.6250, device='cuda:0', dtype=torch.bfloat16);tensor(-5.1875, device='cuda:0', dtype=torch.bfloat16)","tensor(-7.1250, device='cuda:0', dtype=torch.bfloat16);tensor(-3.0625, device='cuda:0', dtype=torch.bfloat16);tensor(-7.2812, device='cuda:0', dtype=torch.bfloat16);tensor(-4.8750, device='cuda:0', dtype=torch.bfloat16);tensor(-0.3125, device='cuda:0', dtype=torch.bfloat16);tensor(-6.9375, device='cuda:0', dtype=torch.bfloat16);tensor(-11.1875, device='cuda:0', dtype=torch.bfloat16);tensor(-4.6875, device='cuda:0', dtype=torch.bfloat16);tensor(-12.9375, device='cuda:0', dtype=torch.bfloat16);tensor(-1.1250, device='cuda:0', dtype=torch.bfloat16);tensor(-11.7500, device='cuda:0', dtype=torch.bfloat16);tensor(-5.1250, device='cuda:0', dtype=torch.bfloat16)",blimp
wh_island,What haven't the Borgias learned they would break?,What haven't the Borgias learned who would break?,513,-6.125,-6.46875,-67.0,-71.0,"tensor(-5.5000, device='cuda:0', dtype=torch.bfloat16);tensor(-12.1875, device='cuda:0', dtype=torch.bfloat16);tensor(-0.6250, device='cuda:0', dtype=torch.bfloat16);tensor(-4.2500, device='cuda:0', dtype=torch.bfloat16);tensor(-9.3125, device='cuda:0', dtype=torch.bfloat16);tensor(-1.3750, device='cuda:0', dtype=torch.bfloat16);tensor(-5.7500, device='cuda:0', dtype=torch.bfloat16);tensor(-9.2500, device='cuda:0', dtype=torch.bfloat16);tensor(-6., device='cuda:0', dtype=torch.bfloat16);tensor(-7.9375, device='cuda:0', dtype=torch.bfloat16);tensor(-5.0625, device='cuda:0', dtype=torch.bfloat16)","tensor(-5.5000, device='cuda:0', dtype=torch.bfloat16);tensor(-12.1875, device='cuda:0', dtype=torch.bfloat16);tensor(-0.6250, device='cuda:0', dtype=torch.bfloat16);tensor(-4.2500, device='cuda:0', dtype=torch.bfloat16);tensor(-9.3125, device='cuda:0', dtype=torch.bfloat16);tensor(-1.3750, device='cuda:0', dtype=torch.bfloat16);tensor(-5.7500, device='cuda:0', dtype=torch.bfloat16);tensor(-12.5625, device='cuda:0', dtype=torch.bfloat16);tensor(-4.5000, device='cuda:0', dtype=torch.bfloat16);tensor(-6.3750, device='cuda:0', dtype=torch.bfloat16);tensor(-8.6875, device='cuda:0', dtype=torch.bfloat16)",blimp
wh_island,Who hasn't Janet found out she had loved?,Who hasn't Janet found out who had loved?,859,-6.0625,-6.46875,-60.5,-65.0,"tensor(-7.1250, device='cuda:0', dtype=torch.bfloat16);tensor(-6.1875, device='cuda:0', dtype=torch.bfloat16);tensor(-1., device='cuda:0', dtype=torch.bfloat16);tensor(-16.8750, device='cuda:0', dtype=torch.bfloat16);tensor(-7.0625, device='cuda:0', dtype=torch.bfloat16);tensor(-3.1250, device='cuda:0', dtype=torch.bfloat16);tensor(-2.5625, device='cuda:0', dtype=torch.bfloat16);tensor(-3.6250, device='cuda:0', dtype=torch.bfloat16);tensor(-8.8750, device='cuda:0', dtype=torch.bfloat16);tensor(-4.0625, device='cuda:0', dtype=torch.bfloat16)","tensor(-7.1250, device='cuda:0', dtype=torch.bfloat16);tensor(-6.1875, device='cuda:0', dtype=torch.bfloat16);tensor(-1., device='cuda:0', dtype=torch.bfloat16);tensor(-16.8750, device='cuda:0', dtype=torch.bfloat16);tensor(-7.0625, device='cuda:0', dtype=torch.bfloat16);tensor(-3.1250, device='cuda:0', dtype=torch.bfloat16);tensor(-4.0625, device='cuda:0', dtype=torch.bfloat16);tensor(-5.5625, device='cuda:0', dtype=torch.bfloat16);tensor(-8.1250, device='cuda:0', dtype=torch.bfloat16);tensor(-5.6875, device='cuda:0', dtype=torch.bfloat16)",blimp
wh_island,Who hadn't Katherine realized she will observe?,Who hadn't Katherine realized who will observe?,136,-7.6875,-8.0625,-69.0,-72.5,"tensor(-7.1250, device='cuda:0', dtype=torch.bfloat16);tensor(-11.6875, device='cuda:0', dtype=torch.bfloat16);tensor(-1., device='cuda:0', dtype=torch.bfloat16);tensor(-16., device='cuda:0', dtype=torch.bfloat16);tensor(-9.3750, device='cuda:0', dtype=torch.bfloat16);tensor(-3.3750, device='cuda:0', dtype=torch.bfloat16);tensor(-6.8125, device='cuda:0', dtype=torch.bfloat16);tensor(-7.8438, device='cuda:0', dtype=torch.bfloat16);tensor(-5.9375, device='cuda:0', dtype=torch.bfloat16)","tensor(-7.1250, device='cuda:0', dtype=torch.bfloat16);tensor(-11.6875, device='cuda:0', dtype=torch.bfloat16);tensor(-1., device='cuda:0', dtype=torch.bfloat16);tensor(-16., device='cuda:0', dtype=torch.bfloat16);tensor(-9.3750, device='cuda:0', dtype=torch.bfloat16);tensor(-5.6562, device='cuda:0', dtype=torch.bfloat16);tensor(-7.1250, device='cuda:0', dtype=torch.bfloat16);tensor(-8.1250, device='cuda:0', dtype=torch.bfloat16);tensor(-6.2500, device='cuda:0', dtype=torch.bfloat16)",blimp
wh_questions_object_gap,Some adult is discovering this book that Jason discovered.,Some adult is discovering what Jason discovered this book.,521,-7.40625,-7.375,-74.0,-74.0,"tensor(-7.7500, device='cuda:0', dtype=torch.bfloat16);tensor(-9.1250, device='cuda:0', dtype=torch.bfloat16);tensor(-9.1250, device='cuda:0', dtype=torch.bfloat16);tensor(-9.1250, device='cuda:0', dtype=torch.bfloat16);tensor(-5.1875, device='cuda:0', dtype=torch.bfloat16);tensor(-5.2500, device='cuda:0', dtype=torch.bfloat16);tensor(-5.1875, device='cuda:0', dtype=torch.bfloat16);tensor(-10.7500, device='cuda:0', dtype=torch.bfloat16);tensor(-8.3125, device='cuda:0', dtype=torch.bfloat16);tensor(-4.2500, device='cuda:0', dtype=torch.bfloat16)","tensor(-7.7500, device='cuda:0', dtype=torch.bfloat16);tensor(-9.1250, device='cuda:0', dtype=torch.bfloat16);tensor(-9.1250, device='cuda:0', dtype=torch.bfloat16);tensor(-9.1250, device='cuda:0', dtype=torch.bfloat16);tensor(-3.9375, device='cuda:0', dtype=torch.bfloat16);tensor(-11., device='cuda:0', dtype=torch.bfloat16);tensor(-7.9375, device='cuda:0', dtype=torch.bfloat16);tensor(-5.9375, device='cuda:0', dtype=torch.bfloat16);tensor(-6.4375, device='cuda:0', dtype=torch.bfloat16);tensor(-3.3750, device='cuda:0', dtype=torch.bfloat16)",blimp
wh_questions_object_gap,Lori remembers many customers that those boxes disturbed.,Lori remembers who those boxes disturbed many customers.,737,-7.0,-7.65625,-70.0,-76.5,"tensor(-6.8438, device='cuda:0', dtype=torch.bfloat16);tensor(-5.5000, device='cuda:0', dtype=torch.bfloat16);tensor(-10.8750, device='cuda:0', dtype=torch.bfloat16);tensor(-6.1250, device='cuda:0', dtype=torch.bfloat16);tensor(-6.4375, device='cuda:0', dtype=torch.bfloat16);tensor(-3.3750, device='cuda:0', dtype=torch.bfloat16);tensor(-10.3750, device='cuda:0', dtype=torch.bfloat16);tensor(-6.8125, device='cuda:0', dtype=torch.bfloat16);tensor(-11.8750, device='cuda:0', dtype=torch.bfloat16);tensor(-1.8125, device='cuda:0', dtype=torch.bfloat16)","tensor(-6.8438, device='cuda:0', dtype=torch.bfloat16);tensor(-5.5000, device='cuda:0', dtype=torch.bfloat16);tensor(-10.8750, device='cuda:0', dtype=torch.bfloat16);tensor(-8.2500, device='cuda:0', dtype=torch.bfloat16);tensor(-7.7188, device='cuda:0', dtype=torch.bfloat16);tensor(-6.7188, device='cuda:0', dtype=torch.bfloat16);tensor(-14.1250, device='cuda:0', dtype=torch.bfloat16);tensor(-7.2500, device='cuda:0', dtype=torch.bfloat16);tensor(-6.9062, device='cuda:0', dtype=torch.bfloat16);tensor(-2.2500, device='cuda:0', dtype=torch.bfloat16)",blimp
wh_questions_object_gap,The Borgias question some alumnus that these college campuses upset.,The Borgias question who these college campuses upset some alumnus.,740,-7.09375,-6.71875,-99.0,-94.0,"tensor(-3.5625, device='cuda:0', dtype=torch.bfloat16);tensor(-11.0625, device='cuda:0', dtype=torch.bfloat16);tensor(-2.8750, device='cuda:0', dtype=torch.bfloat16);tensor(-12.1250, device='cuda:0', dtype=torch.bfloat16);tensor(-7.6562, device='cuda:0', dtype=torch.bfloat16);tensor(-10.4375, device='cuda:0', dtype=torch.bfloat16);tensor(-6.1875, device='cuda:0', dtype=torch.bfloat16);tensor(-0.3125, device='cuda:0', dtype=torch.bfloat16);tensor(-7.8125, device='cuda:0', dtype=torch.bfloat16);tensor(-8.0625, device='cuda:0', dtype=torch.bfloat16);tensor(-8.1250, device='cuda:0', dtype=torch.bfloat16);tensor(-5., device='cuda:0', dtype=torch.bfloat16);tensor(-11.7500, device='cuda:0', dtype=torch.bfloat16);tensor(-4.2500, device='cuda:0', dtype=torch.bfloat16)","tensor(-3.5625, device='cuda:0', dtype=torch.bfloat16);tensor(-11.0625, device='cuda:0', dtype=torch.bfloat16);tensor(-2.8750, device='cuda:0', dtype=torch.bfloat16);tensor(-12.1250, device='cuda:0', dtype=torch.bfloat16);tensor(-7.9688, device='cuda:0', dtype=torch.bfloat16);tensor(-6.4375, device='cuda:0', dtype=torch.bfloat16);tensor(-11.5625, device='cuda:0', dtype=torch.bfloat16);tensor(-7., device='cuda:0', dtype=torch.bfloat16);tensor(-10.6875, device='cuda:0', dtype=torch.bfloat16);tensor(-7.5312, device='cuda:0', dtype=torch.bfloat16);tensor(-7.9688, device='cuda:0', dtype=torch.bfloat16);tensor(-1.6250, device='cuda:0', dtype=torch.bfloat16);tensor(-0.2500, device='cuda:0', dtype=torch.bfloat16);tensor(-3.3125, device='cuda:0', dtype=torch.bfloat16)",blimp
wh_questions_object_gap,Theodore knows a woman that Sally was noticing.,Theodore knows who Sally was noticing a woman.,660,-6.75,-7.46875,-67.5,-75.0,"tensor(-3.5625, device='cuda:0', dtype=torch.bfloat16);tensor(-7.5312, device='cuda:0', dtype=torch.bfloat16);tensor(-14.3125, device='cuda:0', dtype=torch.bfloat16);tensor(-3.0625, device='cuda:0', dtype=torch.bfloat16);tensor(-5.3125, device='cuda:0', dtype=torch.bfloat16);tensor(-4.8125, device='cuda:0', dtype=torch.bfloat16);tensor(-10.5000, device='cuda:0', dtype=torch.bfloat16);tensor(-3.6875, device='cuda:0', dtype=torch.bfloat16);tensor(-11.8750, device='cuda:0', dtype=torch.bfloat16);tensor(-3., device='cuda:0', dtype=torch.bfloat16)","tensor(-3.5625, device='cuda:0', dtype=torch.bfloat16);tensor(-7.5312, device='cuda:0', dtype=torch.bfloat16);tensor(-14.3125, device='cuda:0', dtype=torch.bfloat16);tensor(-6.0938, device='cuda:0', dtype=torch.bfloat16);tensor(-10.1250, device='cuda:0', dtype=torch.bfloat16);tensor(-3.9375, device='cuda:0', dtype=torch.bfloat16);tensor(-13.3750, device='cuda:0', dtype=torch.bfloat16);tensor(-6.1250, device='cuda:0', dtype=torch.bfloat16);tensor(-4.6875, device='cuda:0', dtype=torch.bfloat16);tensor(-5.0625, device='cuda:0', dtype=torch.bfloat16)",blimp
wh_questions_object_gap,The actor remembered every waitress that Jennifer admired.,The actor remembered who Jennifer admired every waitress.,411,-8.0,-8.4375,-72.0,-76.0,"tensor(-3.5625, device='cuda:0', dtype=torch.bfloat16);tensor(-9.8125, device='cuda:0', dtype=torch.bfloat16);tensor(-8.9375, device='cuda:0', dtype=torch.bfloat16);tensor(-8.4375, device='cuda:0', dtype=torch.bfloat16);tensor(-11., device='cuda:0', dtype=torch.bfloat16);tensor(-4.2500, device='cuda:0', dtype=torch.bfloat16);tensor(-14.3750, device='cuda:0', dtype=torch.bfloat16);tensor(-8.6250, device='cuda:0', dtype=torch.bfloat16);tensor(-2.8750, device='cuda:0', dtype=torch.bfloat16)","tensor(-3.5625, device='cuda:0', dtype=torch.bfloat16);tensor(-9.8125, device='cuda:0', dtype=torch.bfloat16);tensor(-8.9375, device='cuda:0', dtype=torch.bfloat16);tensor(-8.2500, device='cuda:0', dtype=torch.bfloat16);tensor(-9.1875, device='cuda:0', dtype=torch.bfloat16);tensor(-11.2500, device='cuda:0', dtype=torch.bfloat16);tensor(-7.6250, device='cuda:0', dtype=torch.bfloat16);tensor(-13., device='cuda:0', dtype=torch.bfloat16);tensor(-4.4375, device='cuda:0', dtype=torch.bfloat16)",blimp
wh_questions_object_gap,Patrick remembered every movie theater that guys see.,Patrick remembered what guys see every movie theater.,678,-8.9375,-8.1875,-80.0,-74.0,"tensor(-10., device='cuda:0', dtype=torch.bfloat16);tensor(-14.3125, device='cuda:0', dtype=torch.bfloat16);tensor(-8., device='cuda:0', dtype=torch.bfloat16);tensor(-8.2500, device='cuda:0', dtype=torch.bfloat16);tensor(-5.9375, device='cuda:0', dtype=torch.bfloat16);tensor(-3.5000, device='cuda:0', dtype=torch.bfloat16);tensor(-13.6250, device='cuda:0', dtype=torch.bfloat16);tensor(-11.7500, device='cuda:0', dtype=torch.bfloat16);tensor(-4.8125, device='cuda:0', dtype=torch.bfloat16)","tensor(-10., device='cuda:0', dtype=torch.bfloat16);tensor(-14.3125, device='cuda:0', dtype=torch.bfloat16);tensor(-6.3125, device='cuda:0', dtype=torch.bfloat16);tensor(-11.1250, device='cuda:0', dtype=torch.bfloat16);tensor(-8.1250, device='cuda:0', dtype=torch.bfloat16);tensor(-6.5000, device='cuda:0', dtype=torch.bfloat16);tensor(-9.1250, device='cuda:0', dtype=torch.bfloat16);tensor(-4.5000, device='cuda:0', dtype=torch.bfloat16);tensor(-3.7500, device='cuda:0', dtype=torch.bfloat16)",blimp
wh_questions_object_gap,Bruce should discover a lot of chairs that a lot of ladies fix.,Bruce should discover what a lot of ladies fix a lot of chairs.,626,-6.09375,-5.9375,-85.5,-83.5,"tensor(-9.8750, device='cuda:0', dtype=torch.bfloat16);tensor(-10.9375, device='cuda:0', dtype=torch.bfloat16);tensor(-10.4375, device='cuda:0', dtype=torch.bfloat16);tensor(-3., device='cuda:0', dtype=torch.bfloat16);tensor(-3.5000, device='cuda:0', dtype=torch.bfloat16);tensor(-1.1250, device='cuda:0', dtype=torch.bfloat16);tensor(-11.8750, device='cuda:0', dtype=torch.bfloat16);tensor(-2.8750, device='cuda:0', dtype=torch.bfloat16);tensor(-6.5625, device='cuda:0', dtype=torch.bfloat16);tensor(-2.5000, device='cuda:0', dtype=torch.bfloat16);tensor(-0.1250, device='cuda:0', dtype=torch.bfloat16);tensor(-7.0312, device='cuda:0', dtype=torch.bfloat16);tensor(-10.7500, device='cuda:0', dtype=torch.bfloat16);tensor(-4.6875, device='cuda:0', dtype=torch.bfloat16)","tensor(-9.8750, device='cuda:0', dtype=torch.bfloat16);tensor(-10.9375, device='cuda:0', dtype=torch.bfloat16);tensor(-10.4375, device='cuda:0', dtype=torch.bfloat16);tensor(-3.1875, device='cuda:0', dtype=torch.bfloat16);tensor(-3.6250, device='cuda:0', dtype=torch.bfloat16);tensor(-5.4688, device='cuda:0', dtype=torch.bfloat16);tensor(-0.0625, device='cuda:0', dtype=torch.bfloat16);tensor(-7.8125, device='cuda:0', dtype=torch.bfloat16);tensor(-12.6250, device='cuda:0', dtype=torch.bfloat16);tensor(-4.1875, device='cuda:0', dtype=torch.bfloat16);tensor(-2.3750, device='cuda:0', dtype=torch.bfloat16);tensor(-0.2500, device='cuda:0', dtype=torch.bfloat16);tensor(-9.2500, device='cuda:0', dtype=torch.bfloat16);tensor(-3.1875, device='cuda:0', dtype=torch.bfloat16)",blimp
wh_questions_object_gap,Melinda would notice cashiers that Lissa can leave.,Melinda would notice who Lissa can leave cashiers.,513,-7.15625,-7.28125,-86.0,-87.5,"tensor(-9.2500, device='cuda:0', dtype=torch.bfloat16);tensor(-3.7500, device='cuda:0', dtype=torch.bfloat16);tensor(-9.6250, device='cuda:0', dtype=torch.bfloat16);tensor(-9.5625, device='cuda:0', dtype=torch.bfloat16);tensor(-9.1250, device='cuda:0', dtype=torch.bfloat16);tensor(-4.7500, device='cuda:0', dtype=torch.bfloat16);tensor(-4.3125, device='cuda:0', dtype=torch.bfloat16);tensor(-10.8750, device='cuda:0', dtype=torch.bfloat16);tensor(-6.3750, device='cuda:0', dtype=torch.bfloat16);tensor(-6.4375, device='cuda:0', dtype=torch.bfloat16);tensor(-8.0625, device='cuda:0', dtype=torch.bfloat16);tensor(-3.8750, device='cuda:0', dtype=torch.bfloat16)","tensor(-9.2500, device='cuda:0', dtype=torch.bfloat16);tensor(-3.7500, device='cuda:0', dtype=torch.bfloat16);tensor(-9.6250, device='cuda:0', dtype=torch.bfloat16);tensor(-9.5625, device='cuda:0', dtype=torch.bfloat16);tensor(-6.5938, device='cuda:0', dtype=torch.bfloat16);tensor(-9.7500, device='cuda:0', dtype=torch.bfloat16);tensor(-5.8750, device='cuda:0', dtype=torch.bfloat16);tensor(-7.3438, device='cuda:0', dtype=torch.bfloat16);tensor(-6.9062, device='cuda:0', dtype=torch.bfloat16);tensor(-8.7500, device='cuda:0', dtype=torch.bfloat16);tensor(-5.9688, device='cuda:0', dtype=torch.bfloat16);tensor(-3.9375, device='cuda:0', dtype=torch.bfloat16)",blimp
wh_questions_object_gap,Gary forgot the play that the Borgias weren't thinking about.,Gary forgot what the Borgias weren't thinking about the play.,859,-6.0625,-6.03125,-79.0,-78.0,"tensor(-9.7500, device='cuda:0', dtype=torch.bfloat16);tensor(-14.0625, device='cuda:0', dtype=torch.bfloat16);tensor(-2.6875, device='cuda:0', dtype=torch.bfloat16);tensor(-9.3125, device='cuda:0', dtype=torch.bfloat16);tensor(-4.2500, device='cuda:0', dtype=torch.bfloat16);tensor(-3.1250, device='cuda:0', dtype=torch.bfloat16);tensor(-10.6250, device='cuda:0', dtype=torch.bfloat16);tensor(-2.6875, device='cuda:0', dtype=torch.bfloat16);tensor(-8.7500, device='cuda:0', dtype=torch.bfloat16);tensor(-0.5000, device='cuda:0', dtype=torch.bfloat16);tensor(-9.1875, device='cuda:0', dtype=torch.bfloat16);tensor(-1.8750, device='cuda:0', dtype=torch.bfloat16);tensor(-2.1875, device='cuda:0', dtype=torch.bfloat16)","tensor(-9.7500, device='cuda:0', dtype=torch.bfloat16);tensor(-14.0625, device='cuda:0', dtype=torch.bfloat16);tensor(-3.9375, device='cuda:0', dtype=torch.bfloat16);tensor(-3.0625, device='cuda:0', dtype=torch.bfloat16);tensor(-11.1250, device='cuda:0', dtype=torch.bfloat16);tensor(-3.6875, device='cuda:0', dtype=torch.bfloat16);tensor(-8.2500, device='cuda:0', dtype=torch.bfloat16);tensor(-0.5000, device='cuda:0', dtype=torch.bfloat16);tensor(-7.0625, device='cuda:0', dtype=torch.bfloat16);tensor(-1.3750, device='cuda:0', dtype=torch.bfloat16);tensor(-3.6875, device='cuda:0', dtype=torch.bfloat16);tensor(-8.8125, device='cuda:0', dtype=torch.bfloat16);tensor(-2.9375, device='cuda:0', dtype=torch.bfloat16)",blimp
wh_questions_object_gap,Julia remembered a child that all women approach.,Julia remembered who all women approach a child.,136,-6.6875,-7.53125,-66.5,-75.5,"tensor(-9.3750, device='cuda:0', dtype=torch.bfloat16);tensor(-3.5000, device='cuda:0', dtype=torch.bfloat16);tensor(-13.2500, device='cuda:0', dtype=torch.bfloat16);tensor(-3.9375, device='cuda:0', dtype=torch.bfloat16);tensor(-6.9375, device='cuda:0', dtype=torch.bfloat16);tensor(-4.3750, device='cuda:0', dtype=torch.bfloat16);tensor(-6.4688, device='cuda:0', dtype=torch.bfloat16);tensor(-5.2500, device='cuda:0', dtype=torch.bfloat16);tensor(-9.7500, device='cuda:0', dtype=torch.bfloat16);tensor(-3.8750, device='cuda:0', dtype=torch.bfloat16)","tensor(-9.3750, device='cuda:0', dtype=torch.bfloat16);tensor(-3.5000, device='cuda:0', dtype=torch.bfloat16);tensor(-13.2500, device='cuda:0', dtype=torch.bfloat16);tensor(-7.8750, device='cuda:0', dtype=torch.bfloat16);tensor(-7.7812, device='cuda:0', dtype=torch.bfloat16);tensor(-8.1250, device='cuda:0', dtype=torch.bfloat16);tensor(-11.1250, device='cuda:0', dtype=torch.bfloat16);tensor(-3.6250, device='cuda:0', dtype=torch.bfloat16);tensor(-6.6562, device='cuda:0', dtype=torch.bfloat16);tensor(-4.0625, device='cuda:0', dtype=torch.bfloat16)",blimp
wh_questions_subject_gap,Carmen hasn't discovered the species that alarmed Gary.,Carmen hasn't discovered who the species alarmed Gary.,521,-5.96875,-6.8125,-72.0,-81.5,"tensor(-6.5625, device='cuda:0', dtype=torch.bfloat16);tensor(-5.1875, device='cuda:0', dtype=torch.bfloat16);tensor(-1.5000, device='cuda:0', dtype=torch.bfloat16);tensor(-11.3750, device='cuda:0', dtype=torch.bfloat16);tensor(-0.5000, device='cuda:0', dtype=torch.bfloat16);tensor(-6.8125, device='cuda:0', dtype=torch.bfloat16);tensor(-2., device='cuda:0', dtype=torch.bfloat16);tensor(-9.1875, device='cuda:0', dtype=torch.bfloat16);tensor(-3.7500, device='cuda:0', dtype=torch.bfloat16);tensor(-13.7500, device='cuda:0', dtype=torch.bfloat16);tensor(-8.5000, device='cuda:0', dtype=torch.bfloat16);tensor(-2.6250, device='cuda:0', dtype=torch.bfloat16)","tensor(-6.5625, device='cuda:0', dtype=torch.bfloat16);tensor(-5.1875, device='cuda:0', dtype=torch.bfloat16);tensor(-1.5000, device='cuda:0', dtype=torch.bfloat16);tensor(-11.3750, device='cuda:0', dtype=torch.bfloat16);tensor(-0.5000, device='cuda:0', dtype=torch.bfloat16);tensor(-6.8125, device='cuda:0', dtype=torch.bfloat16);tensor(-6.3750, device='cuda:0', dtype=torch.bfloat16);tensor(-2.3750, device='cuda:0', dtype=torch.bfloat16);tensor(-11.3750, device='cuda:0', dtype=torch.bfloat16);tensor(-14.5000, device='cuda:0', dtype=torch.bfloat16);tensor(-11.6250, device='cuda:0', dtype=torch.bfloat16);tensor(-3.3750, device='cuda:0', dtype=torch.bfloat16)",blimp
wh_questions_subject_gap,These dancers know all alumni that appreciated Stephanie.,These dancers know who all alumni appreciated Stephanie.,737,-8.3125,-8.375,-75.0,-75.5,"tensor(-7.0625, device='cuda:0', dtype=torch.bfloat16);tensor(-11., device='cuda:0', dtype=torch.bfloat16);tensor(-5.8125, device='cuda:0', dtype=torch.bfloat16);tensor(-3.0625, device='cuda:0', dtype=torch.bfloat16);tensor(-16.8750, device='cuda:0', dtype=torch.bfloat16);tensor(-5.1250, device='cuda:0', dtype=torch.bfloat16);tensor(-11.3750, device='cuda:0', dtype=torch.bfloat16);tensor(-9.7500, device='cuda:0', dtype=torch.bfloat16);tensor(-4.7500, device='cuda:0', dtype=torch.bfloat16)","tensor(-7.0625, device='cuda:0', dtype=torch.bfloat16);tensor(-11., device='cuda:0', dtype=torch.bfloat16);tensor(-5.8125, device='cuda:0', dtype=torch.bfloat16);tensor(-6.7500, device='cuda:0', dtype=torch.bfloat16);tensor(-7.9375, device='cuda:0', dtype=torch.bfloat16);tensor(-11.8125, device='cuda:0', dtype=torch.bfloat16);tensor(-10., device='cuda:0', dtype=torch.bfloat16);tensor(-10.8125, device='cuda:0', dtype=torch.bfloat16);tensor(-4.1250, device='cuda:0', dtype=torch.bfloat16)",blimp
wh_questions_subject_gap,Brad remembered many senators that scanned some documentaries.,Brad remembered what many senators scanned some documentaries.,740,-9.0,-8.875,-81.0,-80.0,"tensor(-10., device='cuda:0', dtype=torch.bfloat16);tensor(-14.3750, device='cuda:0', dtype=torch.bfloat16);tensor(-6.2500, device='cuda:0', dtype=torch.bfloat16);tensor(-10.3750, device='cuda:0', dtype=torch.bfloat16);tensor(-5., device='cuda:0', dtype=torch.bfloat16);tensor(-13.8750, device='cuda:0', dtype=torch.bfloat16);tensor(-7.2188, device='cuda:0', dtype=torch.bfloat16);tensor(-10.2500, device='cuda:0', dtype=torch.bfloat16);tensor(-3.7500, device='cuda:0', dtype=torch.bfloat16)","tensor(-10., device='cuda:0', dtype=torch.bfloat16);tensor(-14.3750, device='cuda:0', dtype=torch.bfloat16);tensor(-3.9375, device='cuda:0', dtype=torch.bfloat16);tensor(-8.0625, device='cuda:0', dtype=torch.bfloat16);tensor(-9., device='cuda:0', dtype=torch.bfloat16);tensor(-14.0625, device='cuda:0', dtype=torch.bfloat16);tensor(-7.0625, device='cuda:0', dtype=torch.bfloat16);tensor(-10.2500, device='cuda:0', dtype=torch.bfloat16);tensor(-3.3125, device='cuda:0', dtype=torch.bfloat16)",blimp
wh_questions_subject_gap,Richard forgets a movie that isn't aggravating Becky.,Richard forgets who a movie isn't aggravating Becky.,660,-6.21875,-6.40625,-74.5,-77.0,"tensor(-8.8125, device='cuda:0', dtype=torch.bfloat16);tensor(-14.7500, device='cuda:0', dtype=torch.bfloat16);tensor(-0.1250, device='cuda:0', dtype=torch.bfloat16);tensor(-4.0625, device='cuda:0', dtype=torch.bfloat16);tensor(-6., device='cuda:0', dtype=torch.bfloat16);tensor(-2.8750, device='cuda:0', dtype=torch.bfloat16);tensor(-6.7500, device='cuda:0', dtype=torch.bfloat16);tensor(-0.5000, device='cuda:0', dtype=torch.bfloat16);tensor(-13.9375, device='cuda:0', dtype=torch.bfloat16);tensor(0., device='cuda:0', dtype=torch.bfloat16);tensor(-14.2500, device='cuda:0', dtype=torch.bfloat16);tensor(-2.4375, device='cuda:0', dtype=torch.bfloat16)","tensor(-8.8125, device='cuda:0', dtype=torch.bfloat16);tensor(-14.7500, device='cuda:0', dtype=torch.bfloat16);tensor(-0.1250, device='cuda:0', dtype=torch.bfloat16);tensor(-5.0625, device='cuda:0', dtype=torch.bfloat16);tensor(-6.5625, device='cuda:0', dtype=torch.bfloat16);tensor(-5., device='cuda:0', dtype=torch.bfloat16);tensor(-8.2500, device='cuda:0', dtype=torch.bfloat16);tensor(-0.5000, device='cuda:0', dtype=torch.bfloat16);tensor(-13.6875, device='cuda:0', dtype=torch.bfloat16);tensor(-0.1250, device='cuda:0', dtype=torch.bfloat16);tensor(-11.4375, device='cuda:0', dtype=torch.bfloat16);tensor(-2.5625, device='cuda:0', dtype=torch.bfloat16)",blimp
wh_questions_subject_gap,The guy does think about some rivers that have astounded Amanda.,The guy does think about who some rivers have astounded Amanda.,411,-6.59375,-7.125,-86.0,-93.0,"tensor(-3.5625, device='cuda:0', dtype=torch.bfloat16);tensor(-10.3750, device='cuda:0', dtype=torch.bfloat16);tensor(-7.3125, device='cuda:0', dtype=torch.bfloat16);tensor(-8.1250, device='cuda:0', dtype=torch.bfloat16);tensor(-2.9375, device='cuda:0', dtype=torch.bfloat16);tensor(-4.6562, device='cuda:0', dtype=torch.bfloat16);tensor(-12.3125, device='cuda:0', dtype=torch.bfloat16);tensor(-3.1875, device='cuda:0', dtype=torch.bfloat16);tensor(-2.8125, device='cuda:0', dtype=torch.bfloat16);tensor(-13.6250, device='cuda:0', dtype=torch.bfloat16);tensor(-1.5625, device='cuda:0', dtype=torch.bfloat16);tensor(-12.6875, device='cuda:0', dtype=torch.bfloat16);tensor(-2.6875, device='cuda:0', dtype=torch.bfloat16)","tensor(-3.5625, device='cuda:0', dtype=torch.bfloat16);tensor(-10.3750, device='cuda:0', dtype=torch.bfloat16);tensor(-7.3125, device='cuda:0', dtype=torch.bfloat16);tensor(-8.1250, device='cuda:0', dtype=torch.bfloat16);tensor(-2.9375, device='cuda:0', dtype=torch.bfloat16);tensor(-6.9375, device='cuda:0', dtype=torch.bfloat16);tensor(-8.7500, device='cuda:0', dtype=torch.bfloat16);tensor(-10.1875, device='cuda:0', dtype=torch.bfloat16);tensor(-3.6875, device='cuda:0', dtype=torch.bfloat16);tensor(-12.7500, device='cuda:0', dtype=torch.bfloat16);tensor(-2.1250, device='cuda:0', dtype=torch.bfloat16);tensor(-12.5000, device='cuda:0', dtype=torch.bfloat16);tensor(-3.5000, device='cuda:0', dtype=torch.bfloat16)",blimp
wh_questions_subject_gap,Gerald noticed some couch that has irritated Elaine.,Gerald noticed who some couch has irritated Elaine.,678,-7.8125,-8.5625,-78.0,-86.0,"tensor(-6.6562, device='cuda:0', dtype=torch.bfloat16);tensor(-5.5625, device='cuda:0', dtype=torch.bfloat16);tensor(-13.5000, device='cuda:0', dtype=torch.bfloat16);tensor(-4.5625, device='cuda:0', dtype=torch.bfloat16);tensor(-11.9375, device='cuda:0', dtype=torch.bfloat16);tensor(-7.3125, device='cuda:0', dtype=torch.bfloat16);tensor(-3.1875, device='cuda:0', dtype=torch.bfloat16);tensor(-12., device='cuda:0', dtype=torch.bfloat16);tensor(-11.2500, device='cuda:0', dtype=torch.bfloat16);tensor(-2.1250, device='cuda:0', dtype=torch.bfloat16)","tensor(-6.6562, device='cuda:0', dtype=torch.bfloat16);tensor(-5.5625, device='cuda:0', dtype=torch.bfloat16);tensor(-13.5000, device='cuda:0', dtype=torch.bfloat16);tensor(-10.3125, device='cuda:0', dtype=torch.bfloat16);tensor(-7.5938, device='cuda:0', dtype=torch.bfloat16);tensor(-11.7500, device='cuda:0', dtype=torch.bfloat16);tensor(-6.6875, device='cuda:0', dtype=torch.bfloat16);tensor(-10.6250, device='cuda:0', dtype=torch.bfloat16);tensor(-10.5000, device='cuda:0', dtype=torch.bfloat16);tensor(-2.6875, device='cuda:0', dtype=torch.bfloat16)",blimp
wh_questions_subject_gap,Many waitresses think about a lot of closets that weren't disturbing Laura.,Many waitresses think about who a lot of closets weren't disturbing Laura.,626,-6.625,-6.875,-99.0,-103.0,"tensor(-7.5000, device='cuda:0', dtype=torch.bfloat16);tensor(-11.1875, device='cuda:0', dtype=torch.bfloat16);tensor(-3.8750, device='cuda:0', dtype=torch.bfloat16);tensor(-6.0625, device='cuda:0', dtype=torch.bfloat16);tensor(-3.9375, device='cuda:0', dtype=torch.bfloat16);tensor(-3.6875, device='cuda:0', dtype=torch.bfloat16);tensor(-5.0625, device='cuda:0', dtype=torch.bfloat16);tensor(-0.3750, device='cuda:0', dtype=torch.bfloat16);tensor(-14.3750, device='cuda:0', dtype=torch.bfloat16);tensor(-3.6250, device='cuda:0', dtype=torch.bfloat16);tensor(-9.2500, device='cuda:0', dtype=torch.bfloat16);tensor(-1.5000, device='cuda:0', dtype=torch.bfloat16);tensor(-11.7500, device='cuda:0', dtype=torch.bfloat16);tensor(-13.5625, device='cuda:0', dtype=torch.bfloat16);tensor(-3.5000, device='cuda:0', dtype=torch.bfloat16)","tensor(-7.5000, device='cuda:0', dtype=torch.bfloat16);tensor(-11.1875, device='cuda:0', dtype=torch.bfloat16);tensor(-3.8750, device='cuda:0', dtype=torch.bfloat16);tensor(-6.0625, device='cuda:0', dtype=torch.bfloat16);tensor(-3.9375, device='cuda:0', dtype=torch.bfloat16);tensor(-8.2500, device='cuda:0', dtype=torch.bfloat16);tensor(-6.0625, device='cuda:0', dtype=torch.bfloat16);tensor(-3.5000, device='cuda:0', dtype=torch.bfloat16);tensor(-0.3750, device='cuda:0', dtype=torch.bfloat16);tensor(-13.8125, device='cuda:0', dtype=torch.bfloat16);tensor(-10.8750, device='cuda:0', dtype=torch.bfloat16);tensor(-1., device='cuda:0', dtype=torch.bfloat16);tensor(-11.8750, device='cuda:0', dtype=torch.bfloat16);tensor(-11.3125, device='cuda:0', dtype=torch.bfloat16);tensor(-3.4375, device='cuda:0', dtype=torch.bfloat16)",blimp
wh_questions_subject_gap,Ladies question these adults that can't embarrass Samuel.,Ladies question who these adults can't embarrass Samuel.,513,-7.53125,-7.4375,-83.0,-82.0,"tensor(-6.8438, device='cuda:0', dtype=torch.bfloat16);tensor(-5.2500, device='cuda:0', dtype=torch.bfloat16);tensor(-12.6875, device='cuda:0', dtype=torch.bfloat16);tensor(-7.6250, device='cuda:0', dtype=torch.bfloat16);tensor(-9.6875, device='cuda:0', dtype=torch.bfloat16);tensor(-4.4375, device='cuda:0', dtype=torch.bfloat16);tensor(-5.1250, device='cuda:0', dtype=torch.bfloat16);tensor(-4.1250, device='cuda:0', dtype=torch.bfloat16);tensor(-10.6250, device='cuda:0', dtype=torch.bfloat16);tensor(-11.5625, device='cuda:0', dtype=torch.bfloat16);tensor(-4.9375, device='cuda:0', dtype=torch.bfloat16)","tensor(-6.8438, device='cuda:0', dtype=torch.bfloat16);tensor(-5.2500, device='cuda:0', dtype=torch.bfloat16);tensor(-12.6875, device='cuda:0', dtype=torch.bfloat16);tensor(-6.6250, device='cuda:0', dtype=torch.bfloat16);tensor(-6.4062, device='cuda:0', dtype=torch.bfloat16);tensor(-8.3125, device='cuda:0', dtype=torch.bfloat16);tensor(-4.8125, device='cuda:0', dtype=torch.bfloat16);tensor(-5.1250, device='cuda:0', dtype=torch.bfloat16);tensor(-10., device='cuda:0', dtype=torch.bfloat16);tensor(-11.8750, device='cuda:0', dtype=torch.bfloat16);tensor(-3.9375, device='cuda:0', dtype=torch.bfloat16)",blimp
wh_questions_subject_gap,Rhonda discovered every driver that appreciates Joel.,Rhonda discovered who every driver appreciates Joel.,859,-7.59375,-8.0,-76.0,-80.0,"tensor(-9.5000, device='cuda:0', dtype=torch.bfloat16);tensor(-3.2500, device='cuda:0', dtype=torch.bfloat16);tensor(-9.5000, device='cuda:0', dtype=torch.bfloat16);tensor(-11.1250, device='cuda:0', dtype=torch.bfloat16);tensor(-8.5000, device='cuda:0', dtype=torch.bfloat16);tensor(-4.0625, device='cuda:0', dtype=torch.bfloat16);tensor(-11.1250, device='cuda:0', dtype=torch.bfloat16);tensor(0., device='cuda:0', dtype=torch.bfloat16);tensor(-14.5625, device='cuda:0', dtype=torch.bfloat16);tensor(-4.4375, device='cuda:0', dtype=torch.bfloat16)","tensor(-9.5000, device='cuda:0', dtype=torch.bfloat16);tensor(-3.2500, device='cuda:0', dtype=torch.bfloat16);tensor(-9.5000, device='cuda:0', dtype=torch.bfloat16);tensor(-10.0625, device='cuda:0', dtype=torch.bfloat16);tensor(-10.8125, device='cuda:0', dtype=torch.bfloat16);tensor(-9.1250, device='cuda:0', dtype=torch.bfloat16);tensor(-9.8125, device='cuda:0', dtype=torch.bfloat16);tensor(0., device='cuda:0', dtype=torch.bfloat16);tensor(-14.1875, device='cuda:0', dtype=torch.bfloat16);tensor(-4., device='cuda:0', dtype=torch.bfloat16)",blimp
wh_questions_subject_gap,Colleen forgot all men that biked to some malls.,Colleen forgot what all men biked to some malls.,136,-6.8125,-6.5,-82.0,-78.0,"tensor(-8.6875, device='cuda:0', dtype=torch.bfloat16);tensor(-2.9375, device='cuda:0', dtype=torch.bfloat16);tensor(-12.7500, device='cuda:0', dtype=torch.bfloat16);tensor(-6.2500, device='cuda:0', dtype=torch.bfloat16);tensor(-9.8125, device='cuda:0', dtype=torch.bfloat16);tensor(-4.8125, device='cuda:0', dtype=torch.bfloat16);tensor(-13.4375, device='cuda:0', dtype=torch.bfloat16);tensor(-0.5000, device='cuda:0', dtype=torch.bfloat16);tensor(-3.3125, device='cuda:0', dtype=torch.bfloat16);tensor(-8.2500, device='cuda:0', dtype=torch.bfloat16);tensor(-8., device='cuda:0', dtype=torch.bfloat16);tensor(-3.0625, device='cuda:0', dtype=torch.bfloat16)","tensor(-8.6875, device='cuda:0', dtype=torch.bfloat16);tensor(-2.9375, device='cuda:0', dtype=torch.bfloat16);tensor(-12.7500, device='cuda:0', dtype=torch.bfloat16);tensor(-4.1875, device='cuda:0', dtype=torch.bfloat16);tensor(-7.1562, device='cuda:0', dtype=torch.bfloat16);tensor(-6.7500, device='cuda:0', dtype=torch.bfloat16);tensor(-12.6250, device='cuda:0', dtype=torch.bfloat16);tensor(-0.8750, device='cuda:0', dtype=torch.bfloat16);tensor(-2.8125, device='cuda:0', dtype=torch.bfloat16);tensor(-8.1875, device='cuda:0', dtype=torch.bfloat16);tensor(-8., device='cuda:0', dtype=torch.bfloat16);tensor(-3., device='cuda:0', dtype=torch.bfloat16)",blimp
wh_questions_subject_gap_long_distance,That guest forgot every student that the student does embarrass that hadn't exited many closets.,That guest forgot what every student that the student does embarrass hadn't exited many closets.,521,-7.21875,-7.28125,-123.0,-123.5,"tensor(-7.7500, device='cuda:0', dtype=torch.bfloat16);tensor(-10.5625, device='cuda:0', dtype=torch.bfloat16);tensor(-10.2500, device='cuda:0', dtype=torch.bfloat16);tensor(-8.8750, device='cuda:0', dtype=torch.bfloat16);tensor(-7.4375, device='cuda:0', dtype=torch.bfloat16);tensor(-3.8125, device='cuda:0', dtype=torch.bfloat16);tensor(-4.2500, device='cuda:0', dtype=torch.bfloat16);tensor(-3.8125, device='cuda:0', dtype=torch.bfloat16);tensor(-5.9375, device='cuda:0', dtype=torch.bfloat16);tensor(-12.1250, device='cuda:0', dtype=torch.bfloat16);tensor(-5.1875, device='cuda:0', dtype=torch.bfloat16);tensor(-11.1250, device='cuda:0', dtype=torch.bfloat16);tensor(-0.5000, device='cuda:0', dtype=torch.bfloat16);tensor(-10.1250, device='cuda:0', dtype=torch.bfloat16);tensor(-7.8438, device='cuda:0', dtype=torch.bfloat16);tensor(-10.9375, device='cuda:0', dtype=torch.bfloat16);tensor(-2.4375, device='cuda:0', dtype=torch.bfloat16)","tensor(-7.7500, device='cuda:0', dtype=torch.bfloat16);tensor(-10.5625, device='cuda:0', dtype=torch.bfloat16);tensor(-10.2500, device='cuda:0', dtype=torch.bfloat16);tensor(-4.0625, device='cuda:0', dtype=torch.bfloat16);tensor(-7.7812, device='cuda:0', dtype=torch.bfloat16);tensor(-4.0625, device='cuda:0', dtype=torch.bfloat16);tensor(-5.7500, device='cuda:0', dtype=torch.bfloat16);tensor(-7.4375, device='cuda:0', dtype=torch.bfloat16);tensor(-4.9062, device='cuda:0', dtype=torch.bfloat16);tensor(-5.8750, device='cuda:0', dtype=torch.bfloat16);tensor(-12.1250, device='cuda:0', dtype=torch.bfloat16);tensor(-13.6250, device='cuda:0', dtype=torch.bfloat16);tensor(-1.3125, device='cuda:0', dtype=torch.bfloat16);tensor(-9.8125, device='cuda:0', dtype=torch.bfloat16);tensor(-7.6562, device='cuda:0', dtype=torch.bfloat16);tensor(-8.8750, device='cuda:0', dtype=torch.bfloat16);tensor(-1.8750, device='cuda:0', dtype=torch.bfloat16)",blimp
wh_questions_subject_gap_long_distance,Carrie remembers ladies that Ronald forgets that will scan a lot of pamphlets.,Carrie remembers what ladies that Ronald forgets will scan a lot of pamphlets.,737,-6.15625,-6.28125,-105.0,-106.5,"tensor(-7.8125, device='cuda:0', dtype=torch.bfloat16);tensor(-2.6875, device='cuda:0', dtype=torch.bfloat16);tensor(-11.6875, device='cuda:0', dtype=torch.bfloat16);tensor(-11.8125, device='cuda:0', dtype=torch.bfloat16);tensor(-5.1250, device='cuda:0', dtype=torch.bfloat16);tensor(-11.8125, device='cuda:0', dtype=torch.bfloat16);tensor(-8.5625, device='cuda:0', dtype=torch.bfloat16);tensor(-0.2500, device='cuda:0', dtype=torch.bfloat16);tensor(-6.1875, device='cuda:0', dtype=torch.bfloat16);tensor(-5.1250, device='cuda:0', dtype=torch.bfloat16);tensor(-12.1875, device='cuda:0', dtype=torch.bfloat16);tensor(-3.8750, device='cuda:0', dtype=torch.bfloat16);tensor(-3.9375, device='cuda:0', dtype=torch.bfloat16);tensor(-0.5000, device='cuda:0', dtype=torch.bfloat16);tensor(-9.5625, device='cuda:0', dtype=torch.bfloat16);tensor(-0.1250, device='cuda:0', dtype=torch.bfloat16);tensor(-3.6250, device='cuda:0', dtype=torch.bfloat16)","tensor(-7.8125, device='cuda:0', dtype=torch.bfloat16);tensor(-2.6875, device='cuda:0', dtype=torch.bfloat16);tensor(-11.6875, device='cuda:0', dtype=torch.bfloat16);tensor(-4.3750, device='cuda:0', dtype=torch.bfloat16);tensor(-11.2500, device='cuda:0', dtype=torch.bfloat16);tensor(-7.0625, device='cuda:0', dtype=torch.bfloat16);tensor(-11.3750, device='cuda:0', dtype=torch.bfloat16);tensor(-7.9688, device='cuda:0', dtype=torch.bfloat16);tensor(-0.2500, device='cuda:0', dtype=torch.bfloat16);tensor(-8.8125, device='cuda:0', dtype=torch.bfloat16);tensor(-11.3125, device='cuda:0', dtype=torch.bfloat16);tensor(-3.8125, device='cuda:0', dtype=torch.bfloat16);tensor(-4.5312, device='cuda:0', dtype=torch.bfloat16);tensor(-0.8750, device='cuda:0', dtype=torch.bfloat16);tensor(-9.4375, device='cuda:0', dtype=torch.bfloat16);tensor(-0.1250, device='cuda:0', dtype=torch.bfloat16);tensor(-3.3125, device='cuda:0', dtype=torch.bfloat16)",blimp
wh_questions_subject_gap_long_distance,Carol is thinking about the waitresses that most banks know that run around some public park.,Carol is thinking about what the waitresses that most banks know run around some public park.,740,-6.0625,-6.3125,-109.0,-114.0,"tensor(-9.6250, device='cuda:0', dtype=torch.bfloat16);tensor(-5.6250, device='cuda:0', dtype=torch.bfloat16);tensor(-8.4375, device='cuda:0', dtype=torch.bfloat16);tensor(-0.8750, device='cuda:0', dtype=torch.bfloat16);tensor(-2.4375, device='cuda:0', dtype=torch.bfloat16);tensor(-11., device='cuda:0', dtype=torch.bfloat16);tensor(-4., device='cuda:0', dtype=torch.bfloat16);tensor(-3.1875, device='cuda:0', dtype=torch.bfloat16);tensor(-7.6250, device='cuda:0', dtype=torch.bfloat16);tensor(-10.1250, device='cuda:0', dtype=torch.bfloat16);tensor(-7.0625, device='cuda:0', dtype=torch.bfloat16);tensor(-4.1250, device='cuda:0', dtype=torch.bfloat16);tensor(-9., device='cuda:0', dtype=torch.bfloat16);tensor(-3.7500, device='cuda:0', dtype=torch.bfloat16);tensor(-7.0625, device='cuda:0', dtype=torch.bfloat16);tensor(-7.5312, device='cuda:0', dtype=torch.bfloat16);tensor(-4.8750, device='cuda:0', dtype=torch.bfloat16);tensor(-2.7500, device='cuda:0', dtype=torch.bfloat16)","tensor(-9.6250, device='cuda:0', dtype=torch.bfloat16);tensor(-5.6250, device='cuda:0', dtype=torch.bfloat16);tensor(-8.4375, device='cuda:0', dtype=torch.bfloat16);tensor(-0.8750, device='cuda:0', dtype=torch.bfloat16);tensor(-4.2500, device='cuda:0', dtype=torch.bfloat16);tensor(-3.1250, device='cuda:0', dtype=torch.bfloat16);tensor(-10.5625, device='cuda:0', dtype=torch.bfloat16);tensor(-2.5000, device='cuda:0', dtype=torch.bfloat16);tensor(-6.2500, device='cuda:0', dtype=torch.bfloat16);tensor(-7.3750, device='cuda:0', dtype=torch.bfloat16);tensor(-10.7500, device='cuda:0', dtype=torch.bfloat16);tensor(-6.8438, device='cuda:0', dtype=torch.bfloat16);tensor(-11.1250, device='cuda:0', dtype=torch.bfloat16);tensor(-4.3750, device='cuda:0', dtype=torch.bfloat16);tensor(-7.0312, device='cuda:0', dtype=torch.bfloat16);tensor(-7.6250, device='cuda:0', dtype=torch.bfloat16);tensor(-4.5000, device='cuda:0', dtype=torch.bfloat16);tensor(-2.8750, device='cuda:0', dtype=torch.bfloat16)",blimp
wh_questions_subject_gap_long_distance,Homer saw the screen that Christopher had revealed that hasn't scared a doctor.,Homer saw who the screen that Christopher had revealed hasn't scared a doctor.,660,-6.3125,-7.03125,-101.0,-112.5,"tensor(-6.6562, device='cuda:0', dtype=torch.bfloat16);tensor(-6.3125, device='cuda:0', dtype=torch.bfloat16);tensor(-9.5625, device='cuda:0', dtype=torch.bfloat16);tensor(-1.5000, device='cuda:0', dtype=torch.bfloat16);tensor(-10.9375, device='cuda:0', dtype=torch.bfloat16);tensor(-5.3125, device='cuda:0', dtype=torch.bfloat16);tensor(-9.3750, device='cuda:0', dtype=torch.bfloat16);tensor(-2.5000, device='cuda:0', dtype=torch.bfloat16);tensor(-7.1875, device='cuda:0', dtype=torch.bfloat16);tensor(-6.3750, device='cuda:0', dtype=torch.bfloat16);tensor(-11., device='cuda:0', dtype=torch.bfloat16);tensor(-0.5000, device='cuda:0', dtype=torch.bfloat16);tensor(-10.1250, device='cuda:0', dtype=torch.bfloat16);tensor(-4.1875, device='cuda:0', dtype=torch.bfloat16);tensor(-6.5938, device='cuda:0', dtype=torch.bfloat16);tensor(-2.8750, device='cuda:0', dtype=torch.bfloat16)","tensor(-6.6562, device='cuda:0', dtype=torch.bfloat16);tensor(-6.3125, device='cuda:0', dtype=torch.bfloat16);tensor(-9.5625, device='cuda:0', dtype=torch.bfloat16);tensor(-8.8125, device='cuda:0', dtype=torch.bfloat16);tensor(-2.8750, device='cuda:0', dtype=torch.bfloat16);tensor(-11.3750, device='cuda:0', dtype=torch.bfloat16);tensor(-5.8125, device='cuda:0', dtype=torch.bfloat16);tensor(-11.3750, device='cuda:0', dtype=torch.bfloat16);tensor(-3.6875, device='cuda:0', dtype=torch.bfloat16);tensor(-8.1250, device='cuda:0', dtype=torch.bfloat16);tensor(-13.7500, device='cuda:0', dtype=torch.bfloat16);tensor(-0.5000, device='cuda:0', dtype=torch.bfloat16);tensor(-9.5625, device='cuda:0', dtype=torch.bfloat16);tensor(-4.3750, device='cuda:0', dtype=torch.bfloat16);tensor(-6.8438, device='cuda:0', dtype=torch.bfloat16);tensor(-2.8125, device='cuda:0', dtype=torch.bfloat16)",blimp
wh_questions_subject_gap_long_distance,Sara remembered all schools that Grace isn't insulting that scared these pedestrians.,Sara remembered who all schools that Grace isn't insulting scared these pedestrians.,411,-7.40625,-7.8125,-111.0,-117.0,"tensor(-6.3125, device='cuda:0', dtype=torch.bfloat16);tensor(-5.0625, device='cuda:0', dtype=torch.bfloat16);tensor(-11.1250, device='cuda:0', dtype=torch.bfloat16);tensor(-5.0625, device='cuda:0', dtype=torch.bfloat16);tensor(-8.7500, device='cuda:0', dtype=torch.bfloat16);tensor(-4., device='cuda:0', dtype=torch.bfloat16);tensor(-10., device='cuda:0', dtype=torch.bfloat16);tensor(-11.6250, device='cuda:0', dtype=torch.bfloat16);tensor(-0.5000, device='cuda:0', dtype=torch.bfloat16);tensor(-12.6250, device='cuda:0', dtype=torch.bfloat16);tensor(-4.9375, device='cuda:0', dtype=torch.bfloat16);tensor(-11.3750, device='cuda:0', dtype=torch.bfloat16);tensor(-7.3750, device='cuda:0', dtype=torch.bfloat16);tensor(-10.0625, device='cuda:0', dtype=torch.bfloat16);tensor(-2.1875, device='cuda:0', dtype=torch.bfloat16)","tensor(-6.3125, device='cuda:0', dtype=torch.bfloat16);tensor(-5.0625, device='cuda:0', dtype=torch.bfloat16);tensor(-11.1250, device='cuda:0', dtype=torch.bfloat16);tensor(-8., device='cuda:0', dtype=torch.bfloat16);tensor(-7.6875, device='cuda:0', dtype=torch.bfloat16);tensor(-9., device='cuda:0', dtype=torch.bfloat16);tensor(-4.9688, device='cuda:0', dtype=torch.bfloat16);tensor(-11.7500, device='cuda:0', dtype=torch.bfloat16);tensor(-9.6250, device='cuda:0', dtype=torch.bfloat16);tensor(-0.6875, device='cuda:0', dtype=torch.bfloat16);tensor(-12.6250, device='cuda:0', dtype=torch.bfloat16);tensor(-11.7500, device='cuda:0', dtype=torch.bfloat16);tensor(-6.5000, device='cuda:0', dtype=torch.bfloat16);tensor(-9.5000, device='cuda:0', dtype=torch.bfloat16);tensor(-2.6250, device='cuda:0', dtype=torch.bfloat16)",blimp
wh_questions_subject_gap_long_distance,Every lady saw those apples that Irene took that bore some student.,Every lady saw who those apples that Irene took bore some student.,678,-7.78125,-8.5,-101.0,-110.5,"tensor(-7.5625, device='cuda:0', dtype=torch.bfloat16);tensor(-9.2500, device='cuda:0', dtype=torch.bfloat16);tensor(-11.5625, device='cuda:0', dtype=torch.bfloat16);tensor(-4.4375, device='cuda:0', dtype=torch.bfloat16);tensor(-10.7500, device='cuda:0', dtype=torch.bfloat16);tensor(-3.0625, device='cuda:0', dtype=torch.bfloat16);tensor(-12., device='cuda:0', dtype=torch.bfloat16);tensor(-6.1875, device='cuda:0', dtype=torch.bfloat16);tensor(-7., device='cuda:0', dtype=torch.bfloat16);tensor(-8.6250, device='cuda:0', dtype=torch.bfloat16);tensor(-5.1875, device='cuda:0', dtype=torch.bfloat16);tensor(-12., device='cuda:0', dtype=torch.bfloat16);tensor(-3.5000, device='cuda:0', dtype=torch.bfloat16)","tensor(-7.5625, device='cuda:0', dtype=torch.bfloat16);tensor(-9.2500, device='cuda:0', dtype=torch.bfloat16);tensor(-11.5625, device='cuda:0', dtype=torch.bfloat16);tensor(-8.6250, device='cuda:0', dtype=torch.bfloat16);tensor(-7.5625, device='cuda:0', dtype=torch.bfloat16);tensor(-10., device='cuda:0', dtype=torch.bfloat16);tensor(-3.8750, device='cuda:0', dtype=torch.bfloat16);tensor(-12.8125, device='cuda:0', dtype=torch.bfloat16);tensor(-6.0625, device='cuda:0', dtype=torch.bfloat16);tensor(-11.4375, device='cuda:0', dtype=torch.bfloat16);tensor(-5.6875, device='cuda:0', dtype=torch.bfloat16);tensor(-12.5625, device='cuda:0', dtype=torch.bfloat16);tensor(-3.6875, device='cuda:0', dtype=torch.bfloat16)",blimp
wh_questions_subject_gap_long_distance,Daniel should discover this public park that these pedestrians arrive at that has astounded these libraries.,Daniel should discover what this public park that these pedestrians arrive at has astounded these libraries.,626,-6.9375,-6.84375,-125.0,-123.0,"tensor(-8.7500, device='cuda:0', dtype=torch.bfloat16);tensor(-11.5625, device='cuda:0', dtype=torch.bfloat16);tensor(-9.5000, device='cuda:0', dtype=torch.bfloat16);tensor(-5.0312, device='cuda:0', dtype=torch.bfloat16);tensor(-9.4375, device='cuda:0', dtype=torch.bfloat16);tensor(-4.5625, device='cuda:0', dtype=torch.bfloat16);tensor(-4.6250, device='cuda:0', dtype=torch.bfloat16);tensor(-9.3750, device='cuda:0', dtype=torch.bfloat16);tensor(-8.8750, device='cuda:0', dtype=torch.bfloat16);tensor(-9.2500, device='cuda:0', dtype=torch.bfloat16);tensor(-1.5000, device='cuda:0', dtype=torch.bfloat16);tensor(-7.0938, device='cuda:0', dtype=torch.bfloat16);tensor(-4.2500, device='cuda:0', dtype=torch.bfloat16);tensor(-11.5625, device='cuda:0', dtype=torch.bfloat16);tensor(-0.4375, device='cuda:0', dtype=torch.bfloat16);tensor(-5.1250, device='cuda:0', dtype=torch.bfloat16);tensor(-12., device='cuda:0', dtype=torch.bfloat16);tensor(-2.1250, device='cuda:0', dtype=torch.bfloat16)","tensor(-8.7500, device='cuda:0', dtype=torch.bfloat16);tensor(-11.5625, device='cuda:0', dtype=torch.bfloat16);tensor(-9.5000, device='cuda:0', dtype=torch.bfloat16);tensor(-3., device='cuda:0', dtype=torch.bfloat16);tensor(-5.1250, device='cuda:0', dtype=torch.bfloat16);tensor(-9.4375, device='cuda:0', dtype=torch.bfloat16);tensor(-5.6250, device='cuda:0', dtype=torch.bfloat16);tensor(-5.6250, device='cuda:0', dtype=torch.bfloat16);tensor(-8.3750, device='cuda:0', dtype=torch.bfloat16);tensor(-8.6250, device='cuda:0', dtype=torch.bfloat16);tensor(-8.3750, device='cuda:0', dtype=torch.bfloat16);tensor(-1., device='cuda:0', dtype=torch.bfloat16);tensor(-3.1250, device='cuda:0', dtype=torch.bfloat16);tensor(-13., device='cuda:0', dtype=torch.bfloat16);tensor(-0.7500, device='cuda:0', dtype=torch.bfloat16);tensor(-6.0625, device='cuda:0', dtype=torch.bfloat16);tensor(-12.6875, device='cuda:0', dtype=torch.bfloat16);tensor(-2.3750, device='cuda:0', dtype=torch.bfloat16)",blimp
wh_questions_subject_gap_long_distance,Melissa thinks about the carriage that Stephen had concealed that has alarmed this woman.,Melissa thinks about who the carriage that Stephen had concealed has alarmed this woman.,513,-6.46875,-6.6875,-103.5,-107.0,"tensor(-9.2500, device='cuda:0', dtype=torch.bfloat16);tensor(-0.8750, device='cuda:0', dtype=torch.bfloat16);tensor(-9.5000, device='cuda:0', dtype=torch.bfloat16);tensor(-3.4375, device='cuda:0', dtype=torch.bfloat16);tensor(-2., device='cuda:0', dtype=torch.bfloat16);tensor(-12.8750, device='cuda:0', dtype=torch.bfloat16);tensor(-3.8750, device='cuda:0', dtype=torch.bfloat16);tensor(-10.1250, device='cuda:0', dtype=torch.bfloat16);tensor(-4.1250, device='cuda:0', dtype=torch.bfloat16);tensor(-9.7500, device='cuda:0', dtype=torch.bfloat16);tensor(-6., device='cuda:0', dtype=torch.bfloat16);tensor(-5.8125, device='cuda:0', dtype=torch.bfloat16);tensor(-11.9375, device='cuda:0', dtype=torch.bfloat16);tensor(-7.5938, device='cuda:0', dtype=torch.bfloat16);tensor(-4.8125, device='cuda:0', dtype=torch.bfloat16);tensor(-1.6250, device='cuda:0', dtype=torch.bfloat16)","tensor(-9.2500, device='cuda:0', dtype=torch.bfloat16);tensor(-0.8750, device='cuda:0', dtype=torch.bfloat16);tensor(-9.5000, device='cuda:0', dtype=torch.bfloat16);tensor(-3.4375, device='cuda:0', dtype=torch.bfloat16);tensor(-6.5625, device='cuda:0', dtype=torch.bfloat16);tensor(-2.8750, device='cuda:0', dtype=torch.bfloat16);tensor(-13.1250, device='cuda:0', dtype=torch.bfloat16);tensor(-7.0625, device='cuda:0', dtype=torch.bfloat16);tensor(-9.1875, device='cuda:0', dtype=torch.bfloat16);tensor(-4.8125, device='cuda:0', dtype=torch.bfloat16);tensor(-8.8750, device='cuda:0', dtype=torch.bfloat16);tensor(-6.8125, device='cuda:0', dtype=torch.bfloat16);tensor(-11.7500, device='cuda:0', dtype=torch.bfloat16);tensor(-5.8125, device='cuda:0', dtype=torch.bfloat16);tensor(-4.7500, device='cuda:0', dtype=torch.bfloat16);tensor(-2.2500, device='cuda:0', dtype=torch.bfloat16)",blimp
wh_questions_subject_gap_long_distance,Omar wasn't researching this means that Gary thought about that astounded every bank.,Omar wasn't researching what this means that Gary thought about astounded every bank.,859,-6.65625,-6.90625,-113.0,-117.5,"tensor(-7.7188, device='cuda:0', dtype=torch.bfloat16);tensor(-5.1250, device='cuda:0', dtype=torch.bfloat16);tensor(-10.3750, device='cuda:0', dtype=torch.bfloat16);tensor(-0.8750, device='cuda:0', dtype=torch.bfloat16);tensor(-12.4375, device='cuda:0', dtype=torch.bfloat16);tensor(-4.2500, device='cuda:0', dtype=torch.bfloat16);tensor(-9.0625, device='cuda:0', dtype=torch.bfloat16);tensor(-2.1250, device='cuda:0', dtype=torch.bfloat16);tensor(-10.2500, device='cuda:0', dtype=torch.bfloat16);tensor(-6., device='cuda:0', dtype=torch.bfloat16);tensor(-3.9375, device='cuda:0', dtype=torch.bfloat16);tensor(-4.6875, device='cuda:0', dtype=torch.bfloat16);tensor(-10.9375, device='cuda:0', dtype=torch.bfloat16);tensor(-3.8750, device='cuda:0', dtype=torch.bfloat16);tensor(-8.1250, device='cuda:0', dtype=torch.bfloat16);tensor(-9.7500, device='cuda:0', dtype=torch.bfloat16);tensor(-3.5000, device='cuda:0', dtype=torch.bfloat16)","tensor(-7.7188, device='cuda:0', dtype=torch.bfloat16);tensor(-5.1250, device='cuda:0', dtype=torch.bfloat16);tensor(-10.3750, device='cuda:0', dtype=torch.bfloat16);tensor(-0.8750, device='cuda:0', dtype=torch.bfloat16);tensor(-12.4375, device='cuda:0', dtype=torch.bfloat16);tensor(-5.3125, device='cuda:0', dtype=torch.bfloat16);tensor(-6.5312, device='cuda:0', dtype=torch.bfloat16);tensor(-4.3750, device='cuda:0', dtype=torch.bfloat16);tensor(-5.7500, device='cuda:0', dtype=torch.bfloat16);tensor(-10.8750, device='cuda:0', dtype=torch.bfloat16);tensor(-6.3125, device='cuda:0', dtype=torch.bfloat16);tensor(-3.5000, device='cuda:0', dtype=torch.bfloat16);tensor(-12.3125, device='cuda:0', dtype=torch.bfloat16);tensor(-4.0625, device='cuda:0', dtype=torch.bfloat16);tensor(-8.8125, device='cuda:0', dtype=torch.bfloat16);tensor(-9.6250, device='cuda:0', dtype=torch.bfloat16);tensor(-3.3750, device='cuda:0', dtype=torch.bfloat16)",blimp
wh_questions_subject_gap_long_distance,Angela knows a lot of students that most sketches look like that hadn't cleaned every skirt.,Angela knows what a lot of students that most sketches look like hadn't cleaned every skirt.,136,-6.125,-6.1875,-116.0,-117.5,"tensor(-9.0625, device='cuda:0', dtype=torch.bfloat16);tensor(-1.9375, device='cuda:0', dtype=torch.bfloat16);tensor(-10.3750, device='cuda:0', dtype=torch.bfloat16);tensor(-2.8750, device='cuda:0', dtype=torch.bfloat16);tensor(-1.4375, device='cuda:0', dtype=torch.bfloat16);tensor(-2.3750, device='cuda:0', dtype=torch.bfloat16);tensor(-5.4688, device='cuda:0', dtype=torch.bfloat16);tensor(-3.4375, device='cuda:0', dtype=torch.bfloat16);tensor(-9.3750, device='cuda:0', dtype=torch.bfloat16);tensor(-15.8750, device='cuda:0', dtype=torch.bfloat16);tensor(-5.5000, device='cuda:0', dtype=torch.bfloat16);tensor(-1.6875, device='cuda:0', dtype=torch.bfloat16);tensor(-4.9375, device='cuda:0', dtype=torch.bfloat16);tensor(-13.1875, device='cuda:0', dtype=torch.bfloat16);tensor(-0.7500, device='cuda:0', dtype=torch.bfloat16);tensor(-8.1250, device='cuda:0', dtype=torch.bfloat16);tensor(-7.5312, device='cuda:0', dtype=torch.bfloat16);tensor(-9.1875, device='cuda:0', dtype=torch.bfloat16);tensor(-3.1250, device='cuda:0', dtype=torch.bfloat16)","tensor(-9.0625, device='cuda:0', dtype=torch.bfloat16);tensor(-1.9375, device='cuda:0', dtype=torch.bfloat16);tensor(-10.3750, device='cuda:0', dtype=torch.bfloat16);tensor(-2.5000, device='cuda:0', dtype=torch.bfloat16);tensor(-3.8125, device='cuda:0', dtype=torch.bfloat16);tensor(-5.1250, device='cuda:0', dtype=torch.bfloat16);tensor(0., device='cuda:0', dtype=torch.bfloat16);tensor(-4.2500, device='cuda:0', dtype=torch.bfloat16);tensor(-7., device='cuda:0', dtype=torch.bfloat16);tensor(-8.9375, device='cuda:0', dtype=torch.bfloat16);tensor(-14.6250, device='cuda:0', dtype=torch.bfloat16);tensor(-5.6562, device='cuda:0', dtype=torch.bfloat16);tensor(-1.8750, device='cuda:0', dtype=torch.bfloat16);tensor(-14.1875, device='cuda:0', dtype=torch.bfloat16);tensor(-0.8750, device='cuda:0', dtype=torch.bfloat16);tensor(-8.3125, device='cuda:0', dtype=torch.bfloat16);tensor(-7.3750, device='cuda:0', dtype=torch.bfloat16);tensor(-9.0625, device='cuda:0', dtype=torch.bfloat16);tensor(-2.7500, device='cuda:0', dtype=torch.bfloat16)",blimp
wh_vs_that_no_gap,Lawrence remembered that students see Heather.,Lawrence remembered who students see Heather.,521,-8.0625,-9.0,-64.5,-72.0,"tensor(-8.4375, device='cuda:0', dtype=torch.bfloat16);tensor(-2.3125, device='cuda:0', dtype=torch.bfloat16);tensor(-11.8750, device='cuda:0', dtype=torch.bfloat16);tensor(-5.0625, device='cuda:0', dtype=torch.bfloat16);tensor(-6.4688, device='cuda:0', dtype=torch.bfloat16);tensor(-8.6875, device='cuda:0', dtype=torch.bfloat16);tensor(-13.3125, device='cuda:0', dtype=torch.bfloat16);tensor(-8.5625, device='cuda:0', dtype=torch.bfloat16)","tensor(-8.4375, device='cuda:0', dtype=torch.bfloat16);tensor(-2.3125, device='cuda:0', dtype=torch.bfloat16);tensor(-11.8750, device='cuda:0', dtype=torch.bfloat16);tensor(-10.5625, device='cuda:0', dtype=torch.bfloat16);tensor(-9.9375, device='cuda:0', dtype=torch.bfloat16);tensor(-6.7500, device='cuda:0', dtype=torch.bfloat16);tensor(-13.6250, device='cuda:0', dtype=torch.bfloat16);tensor(-8.6250, device='cuda:0', dtype=torch.bfloat16)",blimp
wh_vs_that_no_gap,Anna conceals that some guest did clean some hospital.,Anna conceals what some guest did clean some hospital.,737,-7.65625,-8.0625,-84.5,-89.0,"tensor(-9.3750, device='cuda:0', dtype=torch.bfloat16);tensor(-15.4375, device='cuda:0', dtype=torch.bfloat16);tensor(-0.5000, device='cuda:0', dtype=torch.bfloat16);tensor(-5.0625, device='cuda:0', dtype=torch.bfloat16);tensor(-6.6875, device='cuda:0', dtype=torch.bfloat16);tensor(-10.1250, device='cuda:0', dtype=torch.bfloat16);tensor(-7.4062, device='cuda:0', dtype=torch.bfloat16);tensor(-9.3750, device='cuda:0', dtype=torch.bfloat16);tensor(-5.9375, device='cuda:0', dtype=torch.bfloat16);tensor(-9.7500, device='cuda:0', dtype=torch.bfloat16);tensor(-4.6875, device='cuda:0', dtype=torch.bfloat16)","tensor(-9.3750, device='cuda:0', dtype=torch.bfloat16);tensor(-15.4375, device='cuda:0', dtype=torch.bfloat16);tensor(-0.5000, device='cuda:0', dtype=torch.bfloat16);tensor(-5.6250, device='cuda:0', dtype=torch.bfloat16);tensor(-6.6875, device='cuda:0', dtype=torch.bfloat16);tensor(-12.0625, device='cuda:0', dtype=torch.bfloat16);tensor(-6.7812, device='cuda:0', dtype=torch.bfloat16);tensor(-13.1250, device='cuda:0', dtype=torch.bfloat16);tensor(-6.8750, device='cuda:0', dtype=torch.bfloat16);tensor(-8.6875, device='cuda:0', dtype=torch.bfloat16);tensor(-3.6875, device='cuda:0', dtype=torch.bfloat16)",blimp
wh_vs_that_no_gap,Every organization realized that every pedestrian hadn't passed most rivers.,Every organization realized what every pedestrian hadn't passed most rivers.,740,-7.15625,-7.78125,-86.0,-93.5,"tensor(-7.5625, device='cuda:0', dtype=torch.bfloat16);tensor(-5.6875, device='cuda:0', dtype=torch.bfloat16);tensor(-11.6875, device='cuda:0', dtype=torch.bfloat16);tensor(-1.2500, device='cuda:0', dtype=torch.bfloat16);tensor(-6.3125, device='cuda:0', dtype=torch.bfloat16);tensor(-12.5625, device='cuda:0', dtype=torch.bfloat16);tensor(-12.5625, device='cuda:0', dtype=torch.bfloat16);tensor(-1.3750, device='cuda:0', dtype=torch.bfloat16);tensor(-6.0312, device='cuda:0', dtype=torch.bfloat16);tensor(-8.2500, device='cuda:0', dtype=torch.bfloat16);tensor(-9.6250, device='cuda:0', dtype=torch.bfloat16);tensor(-3.0625, device='cuda:0', dtype=torch.bfloat16)","tensor(-7.5625, device='cuda:0', dtype=torch.bfloat16);tensor(-5.6875, device='cuda:0', dtype=torch.bfloat16);tensor(-11.6875, device='cuda:0', dtype=torch.bfloat16);tensor(-6.4375, device='cuda:0', dtype=torch.bfloat16);tensor(-7.8438, device='cuda:0', dtype=torch.bfloat16);tensor(-11.2500, device='cuda:0', dtype=torch.bfloat16);tensor(-10.7500, device='cuda:0', dtype=torch.bfloat16);tensor(-1.2500, device='cuda:0', dtype=torch.bfloat16);tensor(-9.6250, device='cuda:0', dtype=torch.bfloat16);tensor(-8.3125, device='cuda:0', dtype=torch.bfloat16);tensor(-10.0625, device='cuda:0', dtype=torch.bfloat16);tensor(-3., device='cuda:0', dtype=torch.bfloat16)",blimp
wh_vs_that_no_gap,Carol hadn't investigated that a waiter should conceal that shirt.,Carol hadn't investigated what a waiter should conceal that shirt.,660,-7.15625,-7.375,-86.0,-88.5,"tensor(-9.6250, device='cuda:0', dtype=torch.bfloat16);tensor(-14.3125, device='cuda:0', dtype=torch.bfloat16);tensor(-0.5000, device='cuda:0', dtype=torch.bfloat16);tensor(-10.3750, device='cuda:0', dtype=torch.bfloat16);tensor(-4.8125, device='cuda:0', dtype=torch.bfloat16);tensor(-5.5000, device='cuda:0', dtype=torch.bfloat16);tensor(-9.8750, device='cuda:0', dtype=torch.bfloat16);tensor(-6.3438, device='cuda:0', dtype=torch.bfloat16);tensor(-8.9375, device='cuda:0', dtype=torch.bfloat16);tensor(-4., device='cuda:0', dtype=torch.bfloat16);tensor(-8.2500, device='cuda:0', dtype=torch.bfloat16);tensor(-3.5000, device='cuda:0', dtype=torch.bfloat16)","tensor(-9.6250, device='cuda:0', dtype=torch.bfloat16);tensor(-14.3125, device='cuda:0', dtype=torch.bfloat16);tensor(-0.5000, device='cuda:0', dtype=torch.bfloat16);tensor(-10.3750, device='cuda:0', dtype=torch.bfloat16);tensor(-3.8750, device='cuda:0', dtype=torch.bfloat16);tensor(-4.1875, device='cuda:0', dtype=torch.bfloat16);tensor(-9.9375, device='cuda:0', dtype=torch.bfloat16);tensor(-5.5625, device='cuda:0', dtype=torch.bfloat16);tensor(-9.8125, device='cuda:0', dtype=torch.bfloat16);tensor(-6.5000, device='cuda:0', dtype=torch.bfloat16);tensor(-9.2500, device='cuda:0', dtype=torch.bfloat16);tensor(-4.4375, device='cuda:0', dtype=torch.bfloat16)",blimp
wh_vs_that_no_gap,Marla shouldn't figure out that many museums insult the plays.,Marla shouldn't figure out what many museums insult the plays.,411,-7.9375,-7.4375,-103.5,-97.0,"tensor(-7.8125, device='cuda:0', dtype=torch.bfloat16);tensor(-5.2500, device='cuda:0', dtype=torch.bfloat16);tensor(-15.3125, device='cuda:0', dtype=torch.bfloat16);tensor(-0.2500, device='cuda:0', dtype=torch.bfloat16);tensor(-15.6250, device='cuda:0', dtype=torch.bfloat16);tensor(-1.5000, device='cuda:0', dtype=torch.bfloat16);tensor(-2.3750, device='cuda:0', dtype=torch.bfloat16);tensor(-9.1250, device='cuda:0', dtype=torch.bfloat16);tensor(-9.7500, device='cuda:0', dtype=torch.bfloat16);tensor(-15.9375, device='cuda:0', dtype=torch.bfloat16);tensor(-1.6875, device='cuda:0', dtype=torch.bfloat16);tensor(-13.4375, device='cuda:0', dtype=torch.bfloat16);tensor(-5.3125, device='cuda:0', dtype=torch.bfloat16)","tensor(-7.8125, device='cuda:0', dtype=torch.bfloat16);tensor(-5.2500, device='cuda:0', dtype=torch.bfloat16);tensor(-15.3125, device='cuda:0', dtype=torch.bfloat16);tensor(-0.2500, device='cuda:0', dtype=torch.bfloat16);tensor(-15.6250, device='cuda:0', dtype=torch.bfloat16);tensor(-1.5000, device='cuda:0', dtype=torch.bfloat16);tensor(-2., device='cuda:0', dtype=torch.bfloat16);tensor(-10.6250, device='cuda:0', dtype=torch.bfloat16);tensor(-9.1250, device='cuda:0', dtype=torch.bfloat16);tensor(-13.9375, device='cuda:0', dtype=torch.bfloat16);tensor(-2.4375, device='cuda:0', dtype=torch.bfloat16);tensor(-10.1875, device='cuda:0', dtype=torch.bfloat16);tensor(-2.8125, device='cuda:0', dtype=torch.bfloat16)",blimp
wh_vs_that_no_gap,Connie forgot that the steps worry Elizabeth.,Connie forgot who the steps worry Elizabeth.,678,-7.34375,-8.0625,-66.0,-72.5,"tensor(-11.0625, device='cuda:0', dtype=torch.bfloat16);tensor(-1.6250, device='cuda:0', dtype=torch.bfloat16);tensor(-13.1250, device='cuda:0', dtype=torch.bfloat16);tensor(-3.1875, device='cuda:0', dtype=torch.bfloat16);tensor(-2.3750, device='cuda:0', dtype=torch.bfloat16);tensor(-8.1250, device='cuda:0', dtype=torch.bfloat16);tensor(-14.3125, device='cuda:0', dtype=torch.bfloat16);tensor(-9.8750, device='cuda:0', dtype=torch.bfloat16);tensor(-2.4375, device='cuda:0', dtype=torch.bfloat16)","tensor(-11.0625, device='cuda:0', dtype=torch.bfloat16);tensor(-1.6250, device='cuda:0', dtype=torch.bfloat16);tensor(-13.1250, device='cuda:0', dtype=torch.bfloat16);tensor(-6.7500, device='cuda:0', dtype=torch.bfloat16);tensor(-3., device='cuda:0', dtype=torch.bfloat16);tensor(-10.5625, device='cuda:0', dtype=torch.bfloat16);tensor(-12.3750, device='cuda:0', dtype=torch.bfloat16);tensor(-11.0625, device='cuda:0', dtype=torch.bfloat16);tensor(-2.9375, device='cuda:0', dtype=torch.bfloat16)",blimp
wh_vs_that_no_gap,Some waiters know that some ladies would buy some bicycles.,Some waiters know what some ladies would buy some bicycles.,626,-6.0,-6.03125,-72.0,-72.5,"tensor(-7.7500, device='cuda:0', dtype=torch.bfloat16);tensor(-11.5625, device='cuda:0', dtype=torch.bfloat16);tensor(-1.3750, device='cuda:0', dtype=torch.bfloat16);tensor(-5.8750, device='cuda:0', dtype=torch.bfloat16);tensor(-2.5625, device='cuda:0', dtype=torch.bfloat16);tensor(-4.7500, device='cuda:0', dtype=torch.bfloat16);tensor(-8.9375, device='cuda:0', dtype=torch.bfloat16);tensor(-4.1250, device='cuda:0', dtype=torch.bfloat16);tensor(-6.7500, device='cuda:0', dtype=torch.bfloat16);tensor(-3.5000, device='cuda:0', dtype=torch.bfloat16);tensor(-11.0625, device='cuda:0', dtype=torch.bfloat16);tensor(-3.8750, device='cuda:0', dtype=torch.bfloat16)","tensor(-7.7500, device='cuda:0', dtype=torch.bfloat16);tensor(-11.5625, device='cuda:0', dtype=torch.bfloat16);tensor(-1.3750, device='cuda:0', dtype=torch.bfloat16);tensor(-5.8750, device='cuda:0', dtype=torch.bfloat16);tensor(-3.2500, device='cuda:0', dtype=torch.bfloat16);tensor(-7.1562, device='cuda:0', dtype=torch.bfloat16);tensor(-8.1875, device='cuda:0', dtype=torch.bfloat16);tensor(-4.0625, device='cuda:0', dtype=torch.bfloat16);tensor(-6.6250, device='cuda:0', dtype=torch.bfloat16);tensor(-3.9375, device='cuda:0', dtype=torch.bfloat16);tensor(-9.5000, device='cuda:0', dtype=torch.bfloat16);tensor(-3.0625, device='cuda:0', dtype=torch.bfloat16)",blimp
wh_vs_that_no_gap,Elaine can figure out that the child can embarrass Steven.,Elaine can figure out who the child can embarrass Steven.,513,-6.3125,-6.5,-75.5,-78.0,"tensor(-8.5000, device='cuda:0', dtype=torch.bfloat16);tensor(-3.7500, device='cuda:0', dtype=torch.bfloat16);tensor(-7.7812, device='cuda:0', dtype=torch.bfloat16);tensor(-9.8125, device='cuda:0', dtype=torch.bfloat16);tensor(-0.2500, device='cuda:0', dtype=torch.bfloat16);tensor(-3.6875, device='cuda:0', dtype=torch.bfloat16);tensor(-1.9375, device='cuda:0', dtype=torch.bfloat16);tensor(-7.6562, device='cuda:0', dtype=torch.bfloat16);tensor(-4.1875, device='cuda:0', dtype=torch.bfloat16);tensor(-12.9375, device='cuda:0', dtype=torch.bfloat16);tensor(-12.3750, device='cuda:0', dtype=torch.bfloat16);tensor(-2.8125, device='cuda:0', dtype=torch.bfloat16)","tensor(-8.5000, device='cuda:0', dtype=torch.bfloat16);tensor(-3.7500, device='cuda:0', dtype=torch.bfloat16);tensor(-7.7812, device='cuda:0', dtype=torch.bfloat16);tensor(-9.8125, device='cuda:0', dtype=torch.bfloat16);tensor(-0.2500, device='cuda:0', dtype=torch.bfloat16);tensor(-5.2500, device='cuda:0', dtype=torch.bfloat16);tensor(-2.2500, device='cuda:0', dtype=torch.bfloat16);tensor(-6.7500, device='cuda:0', dtype=torch.bfloat16);tensor(-6., device='cuda:0', dtype=torch.bfloat16);tensor(-12., device='cuda:0', dtype=torch.bfloat16);tensor(-12.8125, device='cuda:0', dtype=torch.bfloat16);tensor(-2.9375, device='cuda:0', dtype=torch.bfloat16)",blimp
wh_vs_that_no_gap,Carolyn will investigate that many boys hadn't worn this blouse.,Carolyn will investigate what many boys hadn't worn this blouse.,859,-6.53125,-6.71875,-84.5,-87.5,"tensor(-9.6250, device='cuda:0', dtype=torch.bfloat16);tensor(-1.8125, device='cuda:0', dtype=torch.bfloat16);tensor(-7.7500, device='cuda:0', dtype=torch.bfloat16);tensor(-7.8125, device='cuda:0', dtype=torch.bfloat16);tensor(-8.7500, device='cuda:0', dtype=torch.bfloat16);tensor(-6.8438, device='cuda:0', dtype=torch.bfloat16);tensor(-7.3438, device='cuda:0', dtype=torch.bfloat16);tensor(-12., device='cuda:0', dtype=torch.bfloat16);tensor(-0.6250, device='cuda:0', dtype=torch.bfloat16);tensor(-6.4375, device='cuda:0', dtype=torch.bfloat16);tensor(-6.2500, device='cuda:0', dtype=torch.bfloat16);tensor(-6.2188, device='cuda:0', dtype=torch.bfloat16);tensor(-3.2500, device='cuda:0', dtype=torch.bfloat16)","tensor(-9.6250, device='cuda:0', dtype=torch.bfloat16);tensor(-1.8125, device='cuda:0', dtype=torch.bfloat16);tensor(-7.7500, device='cuda:0', dtype=torch.bfloat16);tensor(-7.8125, device='cuda:0', dtype=torch.bfloat16);tensor(-4.1250, device='cuda:0', dtype=torch.bfloat16);tensor(-9.1250, device='cuda:0', dtype=torch.bfloat16);tensor(-8.5000, device='cuda:0', dtype=torch.bfloat16);tensor(-12.3750, device='cuda:0', dtype=torch.bfloat16);tensor(-0.7500, device='cuda:0', dtype=torch.bfloat16);tensor(-10.1250, device='cuda:0', dtype=torch.bfloat16);tensor(-5.5000, device='cuda:0', dtype=torch.bfloat16);tensor(-6.5625, device='cuda:0', dtype=torch.bfloat16);tensor(-3.2500, device='cuda:0', dtype=torch.bfloat16)",blimp
wh_vs_that_no_gap,Adam wouldn't find out that all fungi disgusted Rhonda.,Adam wouldn't find out who all fungi disgusted Rhonda.,136,-7.0,-7.25,-84.0,-87.0,"tensor(-9.6250, device='cuda:0', dtype=torch.bfloat16);tensor(-14.1250, device='cuda:0', dtype=torch.bfloat16);tensor(-0.5000, device='cuda:0', dtype=torch.bfloat16);tensor(-6.8750, device='cuda:0', dtype=torch.bfloat16);tensor(-2.1250, device='cuda:0', dtype=torch.bfloat16);tensor(-3.1250, device='cuda:0', dtype=torch.bfloat16);tensor(-6.0625, device='cuda:0', dtype=torch.bfloat16);tensor(-13.3750, device='cuda:0', dtype=torch.bfloat16);tensor(-16., device='cuda:0', dtype=torch.bfloat16);tensor(-7.8438, device='cuda:0', dtype=torch.bfloat16);tensor(-1.6250, device='cuda:0', dtype=torch.bfloat16);tensor(-2.6250, device='cuda:0', dtype=torch.bfloat16)","tensor(-9.6250, device='cuda:0', dtype=torch.bfloat16);tensor(-14.1250, device='cuda:0', dtype=torch.bfloat16);tensor(-0.5000, device='cuda:0', dtype=torch.bfloat16);tensor(-6.8750, device='cuda:0', dtype=torch.bfloat16);tensor(-2.1250, device='cuda:0', dtype=torch.bfloat16);tensor(-3.4375, device='cuda:0', dtype=torch.bfloat16);tensor(-7.3750, device='cuda:0', dtype=torch.bfloat16);tensor(-14.4375, device='cuda:0', dtype=torch.bfloat16);tensor(-14.4375, device='cuda:0', dtype=torch.bfloat16);tensor(-10.3125, device='cuda:0', dtype=torch.bfloat16);tensor(-2.1250, device='cuda:0', dtype=torch.bfloat16);tensor(-1.6250, device='cuda:0', dtype=torch.bfloat16)",blimp
wh_vs_that_no_gap_long_distance,The companies can't conceal that the screen that stuns Catherine can shock every boy.,The companies can't conceal who the screen that stuns Catherine can shock every boy.,521,-6.5625,-6.90625,-111.5,-117.0,"tensor(-3.5625, device='cuda:0', dtype=torch.bfloat16);tensor(-9.4375, device='cuda:0', dtype=torch.bfloat16);tensor(-6.0938, device='cuda:0', dtype=torch.bfloat16);tensor(-4.9375, device='cuda:0', dtype=torch.bfloat16);tensor(-7.5625, device='cuda:0', dtype=torch.bfloat16);tensor(-3.5625, device='cuda:0', dtype=torch.bfloat16);tensor(-2.2500, device='cuda:0', dtype=torch.bfloat16);tensor(-9.3125, device='cuda:0', dtype=torch.bfloat16);tensor(-6.1250, device='cuda:0', dtype=torch.bfloat16);tensor(-9.0625, device='cuda:0', dtype=torch.bfloat16);tensor(-1.1250, device='cuda:0', dtype=torch.bfloat16);tensor(-14.8125, device='cuda:0', dtype=torch.bfloat16);tensor(-7.5938, device='cuda:0', dtype=torch.bfloat16);tensor(-8.6250, device='cuda:0', dtype=torch.bfloat16);tensor(-6.3750, device='cuda:0', dtype=torch.bfloat16);tensor(-7.4375, device='cuda:0', dtype=torch.bfloat16);tensor(-3.6250, device='cuda:0', dtype=torch.bfloat16)","tensor(-3.5625, device='cuda:0', dtype=torch.bfloat16);tensor(-9.4375, device='cuda:0', dtype=torch.bfloat16);tensor(-6.0938, device='cuda:0', dtype=torch.bfloat16);tensor(-4.9375, device='cuda:0', dtype=torch.bfloat16);tensor(-7.5625, device='cuda:0', dtype=torch.bfloat16);tensor(-6.0312, device='cuda:0', dtype=torch.bfloat16);tensor(-2.8750, device='cuda:0', dtype=torch.bfloat16);tensor(-10.6250, device='cuda:0', dtype=torch.bfloat16);tensor(-7.3125, device='cuda:0', dtype=torch.bfloat16);tensor(-9.2500, device='cuda:0', dtype=torch.bfloat16);tensor(-1.8750, device='cuda:0', dtype=torch.bfloat16);tensor(-13.3125, device='cuda:0', dtype=torch.bfloat16);tensor(-6.9688, device='cuda:0', dtype=torch.bfloat16);tensor(-9.8125, device='cuda:0', dtype=torch.bfloat16);tensor(-7.2500, device='cuda:0', dtype=torch.bfloat16);tensor(-7.0625, device='cuda:0', dtype=torch.bfloat16);tensor(-3.2500, device='cuda:0', dtype=torch.bfloat16)",blimp
wh_vs_that_no_gap_long_distance,Dan isn't revealing that this sock that upset Harvard University wasn't hurting Suzanne.,Dan isn't revealing who this sock that upset Harvard University wasn't hurting Suzanne.,737,-7.625,-7.65625,-122.0,-122.5,"tensor(-8.4375, device='cuda:0', dtype=torch.bfloat16);tensor(-10.6875, device='cuda:0', dtype=torch.bfloat16);tensor(-0.6250, device='cuda:0', dtype=torch.bfloat16);tensor(-11.1250, device='cuda:0', dtype=torch.bfloat16);tensor(-4.0625, device='cuda:0', dtype=torch.bfloat16);tensor(-5.5938, device='cuda:0', dtype=torch.bfloat16);tensor(-10.6250, device='cuda:0', dtype=torch.bfloat16);tensor(-7.3125, device='cuda:0', dtype=torch.bfloat16);tensor(-12.3750, device='cuda:0', dtype=torch.bfloat16);tensor(-11.5625, device='cuda:0', dtype=torch.bfloat16);tensor(-2.6250, device='cuda:0', dtype=torch.bfloat16);tensor(-6.1250, device='cuda:0', dtype=torch.bfloat16);tensor(0., device='cuda:0', dtype=torch.bfloat16);tensor(-12., device='cuda:0', dtype=torch.bfloat16);tensor(-15.6875, device='cuda:0', dtype=torch.bfloat16);tensor(-3.1875, device='cuda:0', dtype=torch.bfloat16)","tensor(-8.4375, device='cuda:0', dtype=torch.bfloat16);tensor(-10.6875, device='cuda:0', dtype=torch.bfloat16);tensor(-0.6250, device='cuda:0', dtype=torch.bfloat16);tensor(-11.1250, device='cuda:0', dtype=torch.bfloat16);tensor(-4.3750, device='cuda:0', dtype=torch.bfloat16);tensor(-4.0625, device='cuda:0', dtype=torch.bfloat16);tensor(-10.7500, device='cuda:0', dtype=torch.bfloat16);tensor(-7.8125, device='cuda:0', dtype=torch.bfloat16);tensor(-12., device='cuda:0', dtype=torch.bfloat16);tensor(-12.8750, device='cuda:0', dtype=torch.bfloat16);tensor(-2.9375, device='cuda:0', dtype=torch.bfloat16);tensor(-8.0625, device='cuda:0', dtype=torch.bfloat16);tensor(0., device='cuda:0', dtype=torch.bfloat16);tensor(-10.8125, device='cuda:0', dtype=torch.bfloat16);tensor(-15., device='cuda:0', dtype=torch.bfloat16);tensor(-2.8750, device='cuda:0', dtype=torch.bfloat16)",blimp
wh_vs_that_no_gap_long_distance,Stacy remembered that a lot of waiters that would cough sell all steps.,Stacy remembered what a lot of waiters that would cough sell all steps.,740,-6.25,-6.375,-100.0,-102.0,"tensor(-7.1875, device='cuda:0', dtype=torch.bfloat16);tensor(-5.1875, device='cuda:0', dtype=torch.bfloat16);tensor(-11.4375, device='cuda:0', dtype=torch.bfloat16);tensor(-2.8125, device='cuda:0', dtype=torch.bfloat16);tensor(-3.8750, device='cuda:0', dtype=torch.bfloat16);tensor(-4.1250, device='cuda:0', dtype=torch.bfloat16);tensor(0., device='cuda:0', dtype=torch.bfloat16);tensor(-10.6250, device='cuda:0', dtype=torch.bfloat16);tensor(-1., device='cuda:0', dtype=torch.bfloat16);tensor(-5.8125, device='cuda:0', dtype=torch.bfloat16);tensor(-4.9375, device='cuda:0', dtype=torch.bfloat16);tensor(-10.4375, device='cuda:0', dtype=torch.bfloat16);tensor(-12.2500, device='cuda:0', dtype=torch.bfloat16);tensor(-5.6250, device='cuda:0', dtype=torch.bfloat16);tensor(-10.8125, device='cuda:0', dtype=torch.bfloat16);tensor(-4.0625, device='cuda:0', dtype=torch.bfloat16)","tensor(-7.1875, device='cuda:0', dtype=torch.bfloat16);tensor(-5.1875, device='cuda:0', dtype=torch.bfloat16);tensor(-11.4375, device='cuda:0', dtype=torch.bfloat16);tensor(-4.6875, device='cuda:0', dtype=torch.bfloat16);tensor(-2.6250, device='cuda:0', dtype=torch.bfloat16);tensor(-5.3125, device='cuda:0', dtype=torch.bfloat16);tensor(0., device='cuda:0', dtype=torch.bfloat16);tensor(-10.9375, device='cuda:0', dtype=torch.bfloat16);tensor(-0.8750, device='cuda:0', dtype=torch.bfloat16);tensor(-6.5000, device='cuda:0', dtype=torch.bfloat16);tensor(-5.6250, device='cuda:0', dtype=torch.bfloat16);tensor(-10.7500, device='cuda:0', dtype=torch.bfloat16);tensor(-11.6250, device='cuda:0', dtype=torch.bfloat16);tensor(-5.7500, device='cuda:0', dtype=torch.bfloat16);tensor(-10.1250, device='cuda:0', dtype=torch.bfloat16);tensor(-3.5000, device='cuda:0', dtype=torch.bfloat16)",blimp
wh_vs_that_no_gap_long_distance,Carl reveals that a pedestrian that wastes away hadn't sold every lamp.,Carl reveals what a pedestrian that wastes away hadn't sold every lamp.,660,-7.40625,-7.375,-103.5,-103.5,"tensor(-9.1250, device='cuda:0', dtype=torch.bfloat16);tensor(-11.9375, device='cuda:0', dtype=torch.bfloat16);tensor(-2.6875, device='cuda:0', dtype=torch.bfloat16);tensor(-4.6250, device='cuda:0', dtype=torch.bfloat16);tensor(-9.5000, device='cuda:0', dtype=torch.bfloat16);tensor(-6.5625, device='cuda:0', dtype=torch.bfloat16);tensor(-15.5000, device='cuda:0', dtype=torch.bfloat16);tensor(-2.6250, device='cuda:0', dtype=torch.bfloat16);tensor(-13.3750, device='cuda:0', dtype=torch.bfloat16);tensor(-0.6250, device='cuda:0', dtype=torch.bfloat16);tensor(-6.5625, device='cuda:0', dtype=torch.bfloat16);tensor(-7.9375, device='cuda:0', dtype=torch.bfloat16);tensor(-9.3750, device='cuda:0', dtype=torch.bfloat16);tensor(-3.1250, device='cuda:0', dtype=torch.bfloat16)","tensor(-9.1250, device='cuda:0', dtype=torch.bfloat16);tensor(-11.9375, device='cuda:0', dtype=torch.bfloat16);tensor(-3.5000, device='cuda:0', dtype=torch.bfloat16);tensor(-4.3750, device='cuda:0', dtype=torch.bfloat16);tensor(-10.0625, device='cuda:0', dtype=torch.bfloat16);tensor(-9.2500, device='cuda:0', dtype=torch.bfloat16);tensor(-9.5625, device='cuda:0', dtype=torch.bfloat16);tensor(-4.5000, device='cuda:0', dtype=torch.bfloat16);tensor(-13.3750, device='cuda:0', dtype=torch.bfloat16);tensor(-0.6875, device='cuda:0', dtype=torch.bfloat16);tensor(-7.4062, device='cuda:0', dtype=torch.bfloat16);tensor(-7.4062, device='cuda:0', dtype=torch.bfloat16);tensor(-8.9375, device='cuda:0', dtype=torch.bfloat16);tensor(-3.3125, device='cuda:0', dtype=torch.bfloat16)",blimp
wh_vs_that_no_gap_long_distance,That dancer figures out that those teachers that hide care for Travis.,That dancer figures out who those teachers that hide care for Travis.,411,-7.25,-7.28125,-94.5,-95.0,"tensor(-7.7500, device='cuda:0', dtype=torch.bfloat16);tensor(-13.0625, device='cuda:0', dtype=torch.bfloat16);tensor(-9.6250, device='cuda:0', dtype=torch.bfloat16);tensor(-2.1875, device='cuda:0', dtype=torch.bfloat16);tensor(-2.8750, device='cuda:0', dtype=torch.bfloat16);tensor(-6.1875, device='cuda:0', dtype=torch.bfloat16);tensor(-8., device='cuda:0', dtype=torch.bfloat16);tensor(-4.3125, device='cuda:0', dtype=torch.bfloat16);tensor(-8.8750, device='cuda:0', dtype=torch.bfloat16);tensor(-11.1250, device='cuda:0', dtype=torch.bfloat16);tensor(-3.0625, device='cuda:0', dtype=torch.bfloat16);tensor(-13.8750, device='cuda:0', dtype=torch.bfloat16);tensor(-3.4375, device='cuda:0', dtype=torch.bfloat16)","tensor(-7.7500, device='cuda:0', dtype=torch.bfloat16);tensor(-13.0625, device='cuda:0', dtype=torch.bfloat16);tensor(-9.6250, device='cuda:0', dtype=torch.bfloat16);tensor(-2.1875, device='cuda:0', dtype=torch.bfloat16);tensor(-4.9375, device='cuda:0', dtype=torch.bfloat16);tensor(-6.0625, device='cuda:0', dtype=torch.bfloat16);tensor(-7.7500, device='cuda:0', dtype=torch.bfloat16);tensor(-5.2500, device='cuda:0', dtype=torch.bfloat16);tensor(-8.5000, device='cuda:0', dtype=torch.bfloat16);tensor(-10.3750, device='cuda:0', dtype=torch.bfloat16);tensor(-3.0625, device='cuda:0', dtype=torch.bfloat16);tensor(-13., device='cuda:0', dtype=torch.bfloat16);tensor(-3.1875, device='cuda:0', dtype=torch.bfloat16)",blimp
wh_vs_that_no_gap_long_distance,The boy conceals that this steak that was appearing isn't aggravating the bank.,The boy conceals what this steak that was appearing isn't aggravating the bank.,678,-6.375,-6.53125,-108.5,-111.0,"tensor(-3.5625, device='cuda:0', dtype=torch.bfloat16);tensor(-9.8750, device='cuda:0', dtype=torch.bfloat16);tensor(-12.2500, device='cuda:0', dtype=torch.bfloat16);tensor(-0.2500, device='cuda:0', dtype=torch.bfloat16);tensor(-6.1562, device='cuda:0', dtype=torch.bfloat16);tensor(-5.8750, device='cuda:0', dtype=torch.bfloat16);tensor(-10.5000, device='cuda:0', dtype=torch.bfloat16);tensor(-5.5625, device='cuda:0', dtype=torch.bfloat16);tensor(-4.3125, device='cuda:0', dtype=torch.bfloat16);tensor(-9.3750, device='cuda:0', dtype=torch.bfloat16);tensor(-10.1250, device='cuda:0', dtype=torch.bfloat16);tensor(-0.5000, device='cuda:0', dtype=torch.bfloat16);tensor(-14.1250, device='cuda:0', dtype=torch.bfloat16);tensor(-0.3750, device='cuda:0', dtype=torch.bfloat16);tensor(-3.1875, device='cuda:0', dtype=torch.bfloat16);tensor(-9.5000, device='cuda:0', dtype=torch.bfloat16);tensor(-3.0625, device='cuda:0', dtype=torch.bfloat16)","tensor(-3.5625, device='cuda:0', dtype=torch.bfloat16);tensor(-9.8750, device='cuda:0', dtype=torch.bfloat16);tensor(-12.2500, device='cuda:0', dtype=torch.bfloat16);tensor(-0.2500, device='cuda:0', dtype=torch.bfloat16);tensor(-5.6875, device='cuda:0', dtype=torch.bfloat16);tensor(-8.1875, device='cuda:0', dtype=torch.bfloat16);tensor(-11.4375, device='cuda:0', dtype=torch.bfloat16);tensor(-6.4375, device='cuda:0', dtype=torch.bfloat16);tensor(-4.3125, device='cuda:0', dtype=torch.bfloat16);tensor(-9.7500, device='cuda:0', dtype=torch.bfloat16);tensor(-10.4375, device='cuda:0', dtype=torch.bfloat16);tensor(-0.5625, device='cuda:0', dtype=torch.bfloat16);tensor(-12.3750, device='cuda:0', dtype=torch.bfloat16);tensor(-0.3750, device='cuda:0', dtype=torch.bfloat16);tensor(-3.3125, device='cuda:0', dtype=torch.bfloat16);tensor(-9.1875, device='cuda:0', dtype=torch.bfloat16);tensor(-3., device='cuda:0', dtype=torch.bfloat16)",blimp
wh_vs_that_no_gap_long_distance,Most teachers realize that the patients that were studying hadn't remembered Regina.,Most teachers realize who the patients that were studying hadn't remembered Regina.,626,-6.65625,-7.40625,-93.0,-104.0,"tensor(-7.6250, device='cuda:0', dtype=torch.bfloat16);tensor(-7.3750, device='cuda:0', dtype=torch.bfloat16);tensor(-6.3125, device='cuda:0', dtype=torch.bfloat16);tensor(-0.6250, device='cuda:0', dtype=torch.bfloat16);tensor(-2.6875, device='cuda:0', dtype=torch.bfloat16);tensor(-11.1250, device='cuda:0', dtype=torch.bfloat16);tensor(-3.5000, device='cuda:0', dtype=torch.bfloat16);tensor(-6.0625, device='cuda:0', dtype=torch.bfloat16);tensor(-8.3750, device='cuda:0', dtype=torch.bfloat16);tensor(-12.1875, device='cuda:0', dtype=torch.bfloat16);tensor(-1.5000, device='cuda:0', dtype=torch.bfloat16);tensor(-6.8125, device='cuda:0', dtype=torch.bfloat16);tensor(-15.6250, device='cuda:0', dtype=torch.bfloat16);tensor(-3.3125, device='cuda:0', dtype=torch.bfloat16)","tensor(-7.6250, device='cuda:0', dtype=torch.bfloat16);tensor(-7.3750, device='cuda:0', dtype=torch.bfloat16);tensor(-6.3125, device='cuda:0', dtype=torch.bfloat16);tensor(-10.9375, device='cuda:0', dtype=torch.bfloat16);tensor(-1.9375, device='cuda:0', dtype=torch.bfloat16);tensor(-10.6250, device='cuda:0', dtype=torch.bfloat16);tensor(-4.3750, device='cuda:0', dtype=torch.bfloat16);tensor(-6.1250, device='cuda:0', dtype=torch.bfloat16);tensor(-8.5000, device='cuda:0', dtype=torch.bfloat16);tensor(-11.6250, device='cuda:0', dtype=torch.bfloat16);tensor(-2.2500, device='cuda:0', dtype=torch.bfloat16);tensor(-7., device='cuda:0', dtype=torch.bfloat16);tensor(-15.8750, device='cuda:0', dtype=torch.bfloat16);tensor(-3.1875, device='cuda:0', dtype=torch.bfloat16)",blimp
wh_vs_that_no_gap_long_distance,Rachelle could discover that some child that observes William healed Chad.,Rachelle could discover who some child that observes William healed Chad.,513,-7.59375,-7.90625,-106.5,-110.5,"tensor(-6.5000, device='cuda:0', dtype=torch.bfloat16);tensor(-5.0625, device='cuda:0', dtype=torch.bfloat16);tensor(-1.9375, device='cuda:0', dtype=torch.bfloat16);tensor(-12., device='cuda:0', dtype=torch.bfloat16);tensor(-9., device='cuda:0', dtype=torch.bfloat16);tensor(-2.5625, device='cuda:0', dtype=torch.bfloat16);tensor(-4.7188, device='cuda:0', dtype=torch.bfloat16);tensor(-8.3750, device='cuda:0', dtype=torch.bfloat16);tensor(-6.0625, device='cuda:0', dtype=torch.bfloat16);tensor(-10., device='cuda:0', dtype=torch.bfloat16);tensor(-11.1250, device='cuda:0', dtype=torch.bfloat16);tensor(-13.3125, device='cuda:0', dtype=torch.bfloat16);tensor(-12., device='cuda:0', dtype=torch.bfloat16);tensor(-3.8125, device='cuda:0', dtype=torch.bfloat16)","tensor(-6.5000, device='cuda:0', dtype=torch.bfloat16);tensor(-5.0625, device='cuda:0', dtype=torch.bfloat16);tensor(-1.9375, device='cuda:0', dtype=torch.bfloat16);tensor(-12., device='cuda:0', dtype=torch.bfloat16);tensor(-9., device='cuda:0', dtype=torch.bfloat16);tensor(-5.9375, device='cuda:0', dtype=torch.bfloat16);tensor(-8.0625, device='cuda:0', dtype=torch.bfloat16);tensor(-7.9062, device='cuda:0', dtype=torch.bfloat16);tensor(-5.8750, device='cuda:0', dtype=torch.bfloat16);tensor(-11.2500, device='cuda:0', dtype=torch.bfloat16);tensor(-10., device='cuda:0', dtype=torch.bfloat16);tensor(-13.0625, device='cuda:0', dtype=torch.bfloat16);tensor(-10.7500, device='cuda:0', dtype=torch.bfloat16);tensor(-3.3750, device='cuda:0', dtype=torch.bfloat16)",blimp
wh_vs_that_no_gap_long_distance,The schools discover that all geese that can alarm Carl will astound Adam.,The schools discover who all geese that can alarm Carl will astound Adam.,859,-6.625,-7.34375,-106.0,-117.5,"tensor(-3.5625, device='cuda:0', dtype=torch.bfloat16);tensor(-9.9375, device='cuda:0', dtype=torch.bfloat16);tensor(-11.1875, device='cuda:0', dtype=torch.bfloat16);tensor(-2.1250, device='cuda:0', dtype=torch.bfloat16);tensor(-5.3750, device='cuda:0', dtype=torch.bfloat16);tensor(-10.8125, device='cuda:0', dtype=torch.bfloat16);tensor(-2.4375, device='cuda:0', dtype=torch.bfloat16);tensor(-4.1250, device='cuda:0', dtype=torch.bfloat16);tensor(-4.3125, device='cuda:0', dtype=torch.bfloat16);tensor(-12.6250, device='cuda:0', dtype=torch.bfloat16);tensor(-14.1875, device='cuda:0', dtype=torch.bfloat16);tensor(-6.2812, device='cuda:0', dtype=torch.bfloat16);tensor(-10.6875, device='cuda:0', dtype=torch.bfloat16);tensor(-0.1250, device='cuda:0', dtype=torch.bfloat16);tensor(-7., device='cuda:0', dtype=torch.bfloat16);tensor(-1., device='cuda:0', dtype=torch.bfloat16)","tensor(-3.5625, device='cuda:0', dtype=torch.bfloat16);tensor(-9.9375, device='cuda:0', dtype=torch.bfloat16);tensor(-11.1875, device='cuda:0', dtype=torch.bfloat16);tensor(-7.0625, device='cuda:0', dtype=torch.bfloat16);tensor(-6.1250, device='cuda:0', dtype=torch.bfloat16);tensor(-10.7500, device='cuda:0', dtype=torch.bfloat16);tensor(-3.6250, device='cuda:0', dtype=torch.bfloat16);tensor(-5.0938, device='cuda:0', dtype=torch.bfloat16);tensor(-3.9375, device='cuda:0', dtype=torch.bfloat16);tensor(-12.6250, device='cuda:0', dtype=torch.bfloat16);tensor(-14.3750, device='cuda:0', dtype=torch.bfloat16);tensor(-8.5000, device='cuda:0', dtype=torch.bfloat16);tensor(-10.8125, device='cuda:0', dtype=torch.bfloat16);tensor(-0.2500, device='cuda:0', dtype=torch.bfloat16);tensor(-8.1250, device='cuda:0', dtype=torch.bfloat16);tensor(-1.5625, device='cuda:0', dtype=torch.bfloat16)",blimp
wh_vs_that_no_gap_long_distance,Nancy was finding out that a driver that was working with Monet wouldn't bring some popsicle.,Nancy was finding out what a driver that was working with Monet wouldn't bring some popsicle.,136,-5.46875,-5.5625,-114.5,-117.0,"tensor(-6.5625, device='cuda:0', dtype=torch.bfloat16);tensor(-4.3750, device='cuda:0', dtype=torch.bfloat16);tensor(-5.8750, device='cuda:0', dtype=torch.bfloat16);tensor(-9.8125, device='cuda:0', dtype=torch.bfloat16);tensor(-3.5625, device='cuda:0', dtype=torch.bfloat16);tensor(-2.1250, device='cuda:0', dtype=torch.bfloat16);tensor(-3.9375, device='cuda:0', dtype=torch.bfloat16);tensor(-9.2500, device='cuda:0', dtype=torch.bfloat16);tensor(-4.3125, device='cuda:0', dtype=torch.bfloat16);tensor(-2.1875, device='cuda:0', dtype=torch.bfloat16);tensor(-5., device='cuda:0', dtype=torch.bfloat16);tensor(-2.0625, device='cuda:0', dtype=torch.bfloat16);tensor(-9.2500, device='cuda:0', dtype=torch.bfloat16);tensor(-4.0625, device='cuda:0', dtype=torch.bfloat16);tensor(-8.1250, device='cuda:0', dtype=torch.bfloat16);tensor(-0.7500, device='cuda:0', dtype=torch.bfloat16);tensor(-5.2500, device='cuda:0', dtype=torch.bfloat16);tensor(-6.7812, device='cuda:0', dtype=torch.bfloat16);tensor(-11.6250, device='cuda:0', dtype=torch.bfloat16);tensor(-3.8750, device='cuda:0', dtype=torch.bfloat16);tensor(-5.7500, device='cuda:0', dtype=torch.bfloat16)","tensor(-6.5625, device='cuda:0', dtype=torch.bfloat16);tensor(-4.3750, device='cuda:0', dtype=torch.bfloat16);tensor(-5.8750, device='cuda:0', dtype=torch.bfloat16);tensor(-9.8125, device='cuda:0', dtype=torch.bfloat16);tensor(-3.5625, device='cuda:0', dtype=torch.bfloat16);tensor(-2.9375, device='cuda:0', dtype=torch.bfloat16);tensor(-3.5625, device='cuda:0', dtype=torch.bfloat16);tensor(-9., device='cuda:0', dtype=torch.bfloat16);tensor(-6.6250, device='cuda:0', dtype=torch.bfloat16);tensor(-2.4375, device='cuda:0', dtype=torch.bfloat16);tensor(-5.3125, device='cuda:0', dtype=torch.bfloat16);tensor(-2., device='cuda:0', dtype=torch.bfloat16);tensor(-9.3750, device='cuda:0', dtype=torch.bfloat16);tensor(-4.1875, device='cuda:0', dtype=torch.bfloat16);tensor(-9.3750, device='cuda:0', dtype=torch.bfloat16);tensor(-0.7500, device='cuda:0', dtype=torch.bfloat16);tensor(-5.4375, device='cuda:0', dtype=torch.bfloat16);tensor(-6.2500, device='cuda:0', dtype=torch.bfloat16);tensor(-10.8750, device='cuda:0', dtype=torch.bfloat16);tensor(-3.5625, device='cuda:0', dtype=torch.bfloat16);tensor(-5.1875, device='cuda:0', dtype=torch.bfloat16)",blimp
wh_vs_that_with_gap,Some boy can't reveal who a customer escapes from.,Some boy can't reveal that a customer escapes from.,521,-6.78125,-6.625,-74.5,-73.0,"tensor(-7.7500, device='cuda:0', dtype=torch.bfloat16);tensor(-10.1875, device='cuda:0', dtype=torch.bfloat16);tensor(-7.4688, device='cuda:0', dtype=torch.bfloat16);tensor(-1.9375, device='cuda:0', dtype=torch.bfloat16);tensor(-9.8125, device='cuda:0', dtype=torch.bfloat16);tensor(-3.5625, device='cuda:0', dtype=torch.bfloat16);tensor(-5.7500, device='cuda:0', dtype=torch.bfloat16);tensor(-6.8125, device='cuda:0', dtype=torch.bfloat16);tensor(-13.8750, device='cuda:0', dtype=torch.bfloat16);tensor(-2.5000, device='cuda:0', dtype=torch.bfloat16);tensor(-4.8125, device='cuda:0', dtype=torch.bfloat16)","tensor(-7.7500, device='cuda:0', dtype=torch.bfloat16);tensor(-10.1875, device='cuda:0', dtype=torch.bfloat16);tensor(-7.4688, device='cuda:0', dtype=torch.bfloat16);tensor(-1.9375, device='cuda:0', dtype=torch.bfloat16);tensor(-9.8125, device='cuda:0', dtype=torch.bfloat16);tensor(-4.0625, device='cuda:0', dtype=torch.bfloat16);tensor(-3.6250, device='cuda:0', dtype=torch.bfloat16);tensor(-7.2500, device='cuda:0', dtype=torch.bfloat16);tensor(-11.2500, device='cuda:0', dtype=torch.bfloat16);tensor(-1.8750, device='cuda:0', dtype=torch.bfloat16);tensor(-7.6250, device='cuda:0', dtype=torch.bfloat16)",blimp
wh_vs_that_with_gap,Thomas figures out who many cashiers haven't disliked.,Thomas figures out that many cashiers haven't disliked.,737,-7.21875,-7.0625,-79.5,-77.5,"tensor(-8.8750, device='cuda:0', dtype=torch.bfloat16);tensor(-14.1250, device='cuda:0', dtype=torch.bfloat16);tensor(-1.9375, device='cuda:0', dtype=torch.bfloat16);tensor(-4.8125, device='cuda:0', dtype=torch.bfloat16);tensor(-9.5000, device='cuda:0', dtype=torch.bfloat16);tensor(-10.9375, device='cuda:0', dtype=torch.bfloat16);tensor(-2.6875, device='cuda:0', dtype=torch.bfloat16);tensor(-9.3125, device='cuda:0', dtype=torch.bfloat16);tensor(-0.6250, device='cuda:0', dtype=torch.bfloat16);tensor(-12.3750, device='cuda:0', dtype=torch.bfloat16);tensor(-4.3125, device='cuda:0', dtype=torch.bfloat16)","tensor(-8.8750, device='cuda:0', dtype=torch.bfloat16);tensor(-14.1250, device='cuda:0', dtype=torch.bfloat16);tensor(-1.9375, device='cuda:0', dtype=torch.bfloat16);tensor(-2.4375, device='cuda:0', dtype=torch.bfloat16);tensor(-6.5625, device='cuda:0', dtype=torch.bfloat16);tensor(-9.9375, device='cuda:0', dtype=torch.bfloat16);tensor(-2.4375, device='cuda:0', dtype=torch.bfloat16);tensor(-9.0625, device='cuda:0', dtype=torch.bfloat16);tensor(-0.6250, device='cuda:0', dtype=torch.bfloat16);tensor(-13.5000, device='cuda:0', dtype=torch.bfloat16);tensor(-8.1250, device='cuda:0', dtype=torch.bfloat16)",blimp
wh_vs_that_with_gap,This hospital reveals what that octopus didn't find.,This hospital reveals that that octopus didn't find.,740,-5.96875,-6.8125,-66.0,-75.0,"tensor(-4.7500, device='cuda:0', dtype=torch.bfloat16);tensor(-10.3750, device='cuda:0', dtype=torch.bfloat16);tensor(-11.6875, device='cuda:0', dtype=torch.bfloat16);tensor(-3.2500, device='cuda:0', dtype=torch.bfloat16);tensor(-7.8125, device='cuda:0', dtype=torch.bfloat16);tensor(-11., device='cuda:0', dtype=torch.bfloat16);tensor(-0.2500, device='cuda:0', dtype=torch.bfloat16);tensor(-6.7500, device='cuda:0', dtype=torch.bfloat16);tensor(-0.7500, device='cuda:0', dtype=torch.bfloat16);tensor(-4.9375, device='cuda:0', dtype=torch.bfloat16);tensor(-4.1875, device='cuda:0', dtype=torch.bfloat16)","tensor(-4.7500, device='cuda:0', dtype=torch.bfloat16);tensor(-10.3750, device='cuda:0', dtype=torch.bfloat16);tensor(-11.6875, device='cuda:0', dtype=torch.bfloat16);tensor(-3.6250, device='cuda:0', dtype=torch.bfloat16);tensor(-7.1875, device='cuda:0', dtype=torch.bfloat16);tensor(-11.4375, device='cuda:0', dtype=torch.bfloat16);tensor(-1.8125, device='cuda:0', dtype=torch.bfloat16);tensor(-8., device='cuda:0', dtype=torch.bfloat16);tensor(-0.7500, device='cuda:0', dtype=torch.bfloat16);tensor(-5.8125, device='cuda:0', dtype=torch.bfloat16);tensor(-9.3750, device='cuda:0', dtype=torch.bfloat16)",blimp
wh_vs_that_with_gap,Denise shouldn't investigate what those bikes look like.,Denise shouldn't investigate that those bikes look like.,660,-6.46875,-7.34375,-71.0,-81.0,"tensor(-9.6250, device='cuda:0', dtype=torch.bfloat16);tensor(-2.5625, device='cuda:0', dtype=torch.bfloat16);tensor(-13.3125, device='cuda:0', dtype=torch.bfloat16);tensor(-0.3750, device='cuda:0', dtype=torch.bfloat16);tensor(-12., device='cuda:0', dtype=torch.bfloat16);tensor(-5.8750, device='cuda:0', dtype=torch.bfloat16);tensor(-7.3750, device='cuda:0', dtype=torch.bfloat16);tensor(-11.3750, device='cuda:0', dtype=torch.bfloat16);tensor(-5.2500, device='cuda:0', dtype=torch.bfloat16);tensor(0., device='cuda:0', dtype=torch.bfloat16);tensor(-3.3750, device='cuda:0', dtype=torch.bfloat16)","tensor(-9.6250, device='cuda:0', dtype=torch.bfloat16);tensor(-2.5625, device='cuda:0', dtype=torch.bfloat16);tensor(-13.3125, device='cuda:0', dtype=torch.bfloat16);tensor(-0.3750, device='cuda:0', dtype=torch.bfloat16);tensor(-12., device='cuda:0', dtype=torch.bfloat16);tensor(-3.1250, device='cuda:0', dtype=torch.bfloat16);tensor(-12.8125, device='cuda:0', dtype=torch.bfloat16);tensor(-10.2500, device='cuda:0', dtype=torch.bfloat16);tensor(-7.8750, device='cuda:0', dtype=torch.bfloat16);tensor(-2.2500, device='cuda:0', dtype=torch.bfloat16);tensor(-6.6250, device='cuda:0', dtype=torch.bfloat16)",blimp
wh_vs_that_with_gap,Most organizations reveal who the drivers worked with.,Most organizations reveal that the drivers worked with.,411,-7.0625,-6.71875,-63.5,-60.5,"tensor(-7.6250, device='cuda:0', dtype=torch.bfloat16);tensor(-6.2500, device='cuda:0', dtype=torch.bfloat16);tensor(-10.8125, device='cuda:0', dtype=torch.bfloat16);tensor(-9.1250, device='cuda:0', dtype=torch.bfloat16);tensor(-2.9375, device='cuda:0', dtype=torch.bfloat16);tensor(-7.9375, device='cuda:0', dtype=torch.bfloat16);tensor(-13.5000, device='cuda:0', dtype=torch.bfloat16);tensor(-2.1250, device='cuda:0', dtype=torch.bfloat16);tensor(-3.3125, device='cuda:0', dtype=torch.bfloat16)","tensor(-7.6250, device='cuda:0', dtype=torch.bfloat16);tensor(-6.2500, device='cuda:0', dtype=torch.bfloat16);tensor(-10.8125, device='cuda:0', dtype=torch.bfloat16);tensor(-2.0625, device='cuda:0', dtype=torch.bfloat16);tensor(-3.1250, device='cuda:0', dtype=torch.bfloat16);tensor(-8.2500, device='cuda:0', dtype=torch.bfloat16);tensor(-12.5000, device='cuda:0', dtype=torch.bfloat16);tensor(-2.7500, device='cuda:0', dtype=torch.bfloat16);tensor(-7.2188, device='cuda:0', dtype=torch.bfloat16)",blimp
wh_vs_that_with_gap,The Borgias reveal who most legislatures like.,The Borgias reveal that most legislatures like.,678,-7.15625,-6.84375,-71.5,-68.5,"tensor(-3.5625, device='cuda:0', dtype=torch.bfloat16);tensor(-11.0625, device='cuda:0', dtype=torch.bfloat16);tensor(-2.8750, device='cuda:0', dtype=torch.bfloat16);tensor(-9.8125, device='cuda:0', dtype=torch.bfloat16);tensor(-5.3750, device='cuda:0', dtype=torch.bfloat16);tensor(-8.1250, device='cuda:0', dtype=torch.bfloat16);tensor(-16.7500, device='cuda:0', dtype=torch.bfloat16);tensor(-0.5000, device='cuda:0', dtype=torch.bfloat16);tensor(-6.3750, device='cuda:0', dtype=torch.bfloat16);tensor(-7.0312, device='cuda:0', dtype=torch.bfloat16)","tensor(-3.5625, device='cuda:0', dtype=torch.bfloat16);tensor(-11.0625, device='cuda:0', dtype=torch.bfloat16);tensor(-2.8750, device='cuda:0', dtype=torch.bfloat16);tensor(-9.8125, device='cuda:0', dtype=torch.bfloat16);tensor(-3.8750, device='cuda:0', dtype=torch.bfloat16);tensor(-5.6875, device='cuda:0', dtype=torch.bfloat16);tensor(-13.8750, device='cuda:0', dtype=torch.bfloat16);tensor(-0.1250, device='cuda:0', dtype=torch.bfloat16);tensor(-7.1250, device='cuda:0', dtype=torch.bfloat16);tensor(-10.3750, device='cuda:0', dtype=torch.bfloat16)",blimp
wh_vs_that_with_gap,Becca is learning who the woman isn't finding.,Becca is learning that the woman isn't finding.,626,-6.375,-6.1875,-70.0,-68.0,"tensor(-7.8750, device='cuda:0', dtype=torch.bfloat16);tensor(-6., device='cuda:0', dtype=torch.bfloat16);tensor(-3.6875, device='cuda:0', dtype=torch.bfloat16);tensor(-7.4062, device='cuda:0', dtype=torch.bfloat16);tensor(-9.1250, device='cuda:0', dtype=torch.bfloat16);tensor(-3.1875, device='cuda:0', dtype=torch.bfloat16);tensor(-6.0312, device='cuda:0', dtype=torch.bfloat16);tensor(-10.9375, device='cuda:0', dtype=torch.bfloat16);tensor(-0.6250, device='cuda:0', dtype=torch.bfloat16);tensor(-9.3750, device='cuda:0', dtype=torch.bfloat16);tensor(-5.8125, device='cuda:0', dtype=torch.bfloat16)","tensor(-7.8750, device='cuda:0', dtype=torch.bfloat16);tensor(-6., device='cuda:0', dtype=torch.bfloat16);tensor(-3.6875, device='cuda:0', dtype=torch.bfloat16);tensor(-7.4062, device='cuda:0', dtype=torch.bfloat16);tensor(-3.7500, device='cuda:0', dtype=torch.bfloat16);tensor(-2.7500, device='cuda:0', dtype=torch.bfloat16);tensor(-8.8125, device='cuda:0', dtype=torch.bfloat16);tensor(-7.7500, device='cuda:0', dtype=torch.bfloat16);tensor(-0.6250, device='cuda:0', dtype=torch.bfloat16);tensor(-9.7500, device='cuda:0', dtype=torch.bfloat16);tensor(-9.8125, device='cuda:0', dtype=torch.bfloat16)",blimp
wh_vs_that_with_gap,Scott remembers who these waitresses disagree with.,Scott remembers that these waitresses disagree with.,513,-7.34375,-7.28125,-66.0,-65.5,"tensor(-8.5000, device='cuda:0', dtype=torch.bfloat16);tensor(-12.0625, device='cuda:0', dtype=torch.bfloat16);tensor(-8.1875, device='cuda:0', dtype=torch.bfloat16);tensor(-8., device='cuda:0', dtype=torch.bfloat16);tensor(-12.3125, device='cuda:0', dtype=torch.bfloat16);tensor(-1.2500, device='cuda:0', dtype=torch.bfloat16);tensor(-11.1250, device='cuda:0', dtype=torch.bfloat16);tensor(-1.3125, device='cuda:0', dtype=torch.bfloat16);tensor(-3.3125, device='cuda:0', dtype=torch.bfloat16)","tensor(-8.5000, device='cuda:0', dtype=torch.bfloat16);tensor(-12.0625, device='cuda:0', dtype=torch.bfloat16);tensor(-4.0625, device='cuda:0', dtype=torch.bfloat16);tensor(-7.4688, device='cuda:0', dtype=torch.bfloat16);tensor(-12., device='cuda:0', dtype=torch.bfloat16);tensor(-1.6875, device='cuda:0', dtype=torch.bfloat16);tensor(-11.8750, device='cuda:0', dtype=torch.bfloat16);tensor(-1.3125, device='cuda:0', dtype=torch.bfloat16);tensor(-6.6875, device='cuda:0', dtype=torch.bfloat16)",blimp
wh_vs_that_with_gap,Kevin isn't figuring out what some guests lifted.,Kevin isn't figuring out that some guests lifted.,859,-7.1875,-7.71875,-72.0,-77.0,"tensor(-9.1250, device='cuda:0', dtype=torch.bfloat16);tensor(-11.4375, device='cuda:0', dtype=torch.bfloat16);tensor(-0.6250, device='cuda:0', dtype=torch.bfloat16);tensor(-12.4375, device='cuda:0', dtype=torch.bfloat16);tensor(-1., device='cuda:0', dtype=torch.bfloat16);tensor(-2.5000, device='cuda:0', dtype=torch.bfloat16);tensor(-8.7500, device='cuda:0', dtype=torch.bfloat16);tensor(-7.9688, device='cuda:0', dtype=torch.bfloat16);tensor(-13.1875, device='cuda:0', dtype=torch.bfloat16);tensor(-4.7500, device='cuda:0', dtype=torch.bfloat16)","tensor(-9.1250, device='cuda:0', dtype=torch.bfloat16);tensor(-11.4375, device='cuda:0', dtype=torch.bfloat16);tensor(-0.6250, device='cuda:0', dtype=torch.bfloat16);tensor(-12.4375, device='cuda:0', dtype=torch.bfloat16);tensor(-1., device='cuda:0', dtype=torch.bfloat16);tensor(-4.1250, device='cuda:0', dtype=torch.bfloat16);tensor(-6.3125, device='cuda:0', dtype=torch.bfloat16);tensor(-8., device='cuda:0', dtype=torch.bfloat16);tensor(-14.8750, device='cuda:0', dtype=torch.bfloat16);tensor(-9.2500, device='cuda:0', dtype=torch.bfloat16)",blimp
wh_vs_that_with_gap,Melinda wasn't realizing who these photographs look like.,Melinda wasn't realizing that these photographs look like.,136,-6.1875,-6.40625,-68.0,-70.5,"tensor(-9.2500, device='cuda:0', dtype=torch.bfloat16);tensor(-3.7500, device='cuda:0', dtype=torch.bfloat16);tensor(-10.8750, device='cuda:0', dtype=torch.bfloat16);tensor(-0.5000, device='cuda:0', dtype=torch.bfloat16);tensor(-12.5625, device='cuda:0', dtype=torch.bfloat16);tensor(-5.6875, device='cuda:0', dtype=torch.bfloat16);tensor(-5.7500, device='cuda:0', dtype=torch.bfloat16);tensor(-7.5625, device='cuda:0', dtype=torch.bfloat16);tensor(-9.1250, device='cuda:0', dtype=torch.bfloat16);tensor(-0.8125, device='cuda:0', dtype=torch.bfloat16);tensor(-2.1250, device='cuda:0', dtype=torch.bfloat16)","tensor(-9.2500, device='cuda:0', dtype=torch.bfloat16);tensor(-3.7500, device='cuda:0', dtype=torch.bfloat16);tensor(-10.8750, device='cuda:0', dtype=torch.bfloat16);tensor(-0.5000, device='cuda:0', dtype=torch.bfloat16);tensor(-12.5625, device='cuda:0', dtype=torch.bfloat16);tensor(-1.2500, device='cuda:0', dtype=torch.bfloat16);tensor(-5.4375, device='cuda:0', dtype=torch.bfloat16);tensor(-7.6562, device='cuda:0', dtype=torch.bfloat16);tensor(-8., device='cuda:0', dtype=torch.bfloat16);tensor(-2.3750, device='cuda:0', dtype=torch.bfloat16);tensor(-8.7500, device='cuda:0', dtype=torch.bfloat16)",blimp
wh_vs_that_with_gap_long_distance,All women revealed who those children that haven't bothered Carlos can return to.,All women revealed that those children that haven't bothered Carlos can return to.,521,-7.03125,-6.90625,-105.0,-104.0,"tensor(-6.9375, device='cuda:0', dtype=torch.bfloat16);tensor(-6.7812, device='cuda:0', dtype=torch.bfloat16);tensor(-11.7500, device='cuda:0', dtype=torch.bfloat16);tensor(-6.6875, device='cuda:0', dtype=torch.bfloat16);tensor(-8.3750, device='cuda:0', dtype=torch.bfloat16);tensor(-5.7812, device='cuda:0', dtype=torch.bfloat16);tensor(-4.3125, device='cuda:0', dtype=torch.bfloat16);tensor(-8.6875, device='cuda:0', dtype=torch.bfloat16);tensor(-0.9375, device='cuda:0', dtype=torch.bfloat16);tensor(-9.1250, device='cuda:0', dtype=torch.bfloat16);tensor(-14., device='cuda:0', dtype=torch.bfloat16);tensor(-7.8750, device='cuda:0', dtype=torch.bfloat16);tensor(-6.9062, device='cuda:0', dtype=torch.bfloat16);tensor(-0.7500, device='cuda:0', dtype=torch.bfloat16);tensor(-6.3438, device='cuda:0', dtype=torch.bfloat16)","tensor(-6.9375, device='cuda:0', dtype=torch.bfloat16);tensor(-6.7812, device='cuda:0', dtype=torch.bfloat16);tensor(-11.7500, device='cuda:0', dtype=torch.bfloat16);tensor(-2.5000, device='cuda:0', dtype=torch.bfloat16);tensor(-7.5000, device='cuda:0', dtype=torch.bfloat16);tensor(-6.4375, device='cuda:0', dtype=torch.bfloat16);tensor(-4.1250, device='cuda:0', dtype=torch.bfloat16);tensor(-8.8125, device='cuda:0', dtype=torch.bfloat16);tensor(-1.1250, device='cuda:0', dtype=torch.bfloat16);tensor(-9.4375, device='cuda:0', dtype=torch.bfloat16);tensor(-16.8750, device='cuda:0', dtype=torch.bfloat16);tensor(-6.8125, device='cuda:0', dtype=torch.bfloat16);tensor(-7.0625, device='cuda:0', dtype=torch.bfloat16);tensor(-1.1875, device='cuda:0', dtype=torch.bfloat16);tensor(-6.4375, device='cuda:0', dtype=torch.bfloat16)",blimp
wh_vs_that_with_gap_long_distance,Tiffany knows who every man that exited the cafe talked about.,Tiffany knows that every man that exited the cafe talked about.,737,-6.46875,-6.5,-84.0,-84.5,"tensor(-7.0938, device='cuda:0', dtype=torch.bfloat16);tensor(-5.8125, device='cuda:0', dtype=torch.bfloat16);tensor(-10.6250, device='cuda:0', dtype=torch.bfloat16);tensor(-6.7812, device='cuda:0', dtype=torch.bfloat16);tensor(-9., device='cuda:0', dtype=torch.bfloat16);tensor(-4.4375, device='cuda:0', dtype=torch.bfloat16);tensor(-4.4375, device='cuda:0', dtype=torch.bfloat16);tensor(-11.7500, device='cuda:0', dtype=torch.bfloat16);tensor(-0.6875, device='cuda:0', dtype=torch.bfloat16);tensor(-8.6250, device='cuda:0', dtype=torch.bfloat16);tensor(-8.8750, device='cuda:0', dtype=torch.bfloat16);tensor(-3.5000, device='cuda:0', dtype=torch.bfloat16);tensor(-2.5000, device='cuda:0', dtype=torch.bfloat16)","tensor(-7.0938, device='cuda:0', dtype=torch.bfloat16);tensor(-5.8125, device='cuda:0', dtype=torch.bfloat16);tensor(-10.6250, device='cuda:0', dtype=torch.bfloat16);tensor(-2.1250, device='cuda:0', dtype=torch.bfloat16);tensor(-5.2500, device='cuda:0', dtype=torch.bfloat16);tensor(-6.5000, device='cuda:0', dtype=torch.bfloat16);tensor(-4.9375, device='cuda:0', dtype=torch.bfloat16);tensor(-13.5000, device='cuda:0', dtype=torch.bfloat16);tensor(-1.0625, device='cuda:0', dtype=torch.bfloat16);tensor(-8.7500, device='cuda:0', dtype=torch.bfloat16);tensor(-8.5625, device='cuda:0', dtype=torch.bfloat16);tensor(-1.1875, device='cuda:0', dtype=torch.bfloat16);tensor(-9.2500, device='cuda:0', dtype=torch.bfloat16)",blimp
wh_vs_that_with_gap_long_distance,Aaron is remembering who some men that would cure Noah escaped from.,Aaron is remembering that some men that would cure Noah escaped from.,740,-7.46875,-7.375,-97.0,-96.0,"tensor(-9.6250, device='cuda:0', dtype=torch.bfloat16);tensor(-4.7500, device='cuda:0', dtype=torch.bfloat16);tensor(-12.0625, device='cuda:0', dtype=torch.bfloat16);tensor(-6.9062, device='cuda:0', dtype=torch.bfloat16);tensor(-8.5625, device='cuda:0', dtype=torch.bfloat16);tensor(-6.7500, device='cuda:0', dtype=torch.bfloat16);tensor(-5.4375, device='cuda:0', dtype=torch.bfloat16);tensor(-5.8125, device='cuda:0', dtype=torch.bfloat16);tensor(-9.6250, device='cuda:0', dtype=torch.bfloat16);tensor(-10.1875, device='cuda:0', dtype=torch.bfloat16);tensor(-12.5000, device='cuda:0', dtype=torch.bfloat16);tensor(-2.0625, device='cuda:0', dtype=torch.bfloat16);tensor(-2.9375, device='cuda:0', dtype=torch.bfloat16)","tensor(-9.6250, device='cuda:0', dtype=torch.bfloat16);tensor(-4.7500, device='cuda:0', dtype=torch.bfloat16);tensor(-12.0625, device='cuda:0', dtype=torch.bfloat16);tensor(-3.7500, device='cuda:0', dtype=torch.bfloat16);tensor(-5.3438, device='cuda:0', dtype=torch.bfloat16);tensor(-5.8125, device='cuda:0', dtype=torch.bfloat16);tensor(-5.7500, device='cuda:0', dtype=torch.bfloat16);tensor(-6.3125, device='cuda:0', dtype=torch.bfloat16);tensor(-9.6250, device='cuda:0', dtype=torch.bfloat16);tensor(-11.3750, device='cuda:0', dtype=torch.bfloat16);tensor(-10.5000, device='cuda:0', dtype=torch.bfloat16);tensor(-2.3125, device='cuda:0', dtype=torch.bfloat16);tensor(-8.7500, device='cuda:0', dtype=torch.bfloat16)",blimp
wh_vs_that_with_gap_long_distance,Many cashiers remember what some children that won't sneeze arrive at.,Many cashiers remember that some children that won't sneeze arrive at.,660,-5.8125,-5.625,-93.0,-90.0,"tensor(-7.5000, device='cuda:0', dtype=torch.bfloat16);tensor(-9.6250, device='cuda:0', dtype=torch.bfloat16);tensor(-3.5000, device='cuda:0', dtype=torch.bfloat16);tensor(-7.5625, device='cuda:0', dtype=torch.bfloat16);tensor(-4.3750, device='cuda:0', dtype=torch.bfloat16);tensor(-6.8750, device='cuda:0', dtype=torch.bfloat16);tensor(-5.8125, device='cuda:0', dtype=torch.bfloat16);tensor(-8., device='cuda:0', dtype=torch.bfloat16);tensor(-7.6562, device='cuda:0', dtype=torch.bfloat16);tensor(-1.4375, device='cuda:0', dtype=torch.bfloat16);tensor(-12.1875, device='cuda:0', dtype=torch.bfloat16);tensor(-0.2500, device='cuda:0', dtype=torch.bfloat16);tensor(0., device='cuda:0', dtype=torch.bfloat16);tensor(-11.1875, device='cuda:0', dtype=torch.bfloat16);tensor(-1.3750, device='cuda:0', dtype=torch.bfloat16);tensor(-5.6875, device='cuda:0', dtype=torch.bfloat16)","tensor(-7.5000, device='cuda:0', dtype=torch.bfloat16);tensor(-9.6250, device='cuda:0', dtype=torch.bfloat16);tensor(-3.5000, device='cuda:0', dtype=torch.bfloat16);tensor(-7.5625, device='cuda:0', dtype=torch.bfloat16);tensor(-3.5625, device='cuda:0', dtype=torch.bfloat16);tensor(-4.6875, device='cuda:0', dtype=torch.bfloat16);tensor(-6.3125, device='cuda:0', dtype=torch.bfloat16);tensor(-6.7500, device='cuda:0', dtype=torch.bfloat16);tensor(-8., device='cuda:0', dtype=torch.bfloat16);tensor(-1.8125, device='cuda:0', dtype=torch.bfloat16);tensor(-11.0625, device='cuda:0', dtype=torch.bfloat16);tensor(-0.2500, device='cuda:0', dtype=torch.bfloat16);tensor(0., device='cuda:0', dtype=torch.bfloat16);tensor(-10.8750, device='cuda:0', dtype=torch.bfloat16);tensor(-1.1250, device='cuda:0', dtype=torch.bfloat16);tensor(-7.4062, device='cuda:0', dtype=torch.bfloat16)",blimp
wh_vs_that_with_gap_long_distance,April wasn't realizing who many waiters that aren't reacting could cure.,April wasn't realizing that many waiters that aren't reacting could cure.,411,-6.6875,-6.46875,-100.0,-97.0,"tensor(-8.1250, device='cuda:0', dtype=torch.bfloat16);tensor(-10.5000, device='cuda:0', dtype=torch.bfloat16);tensor(-0.7500, device='cuda:0', dtype=torch.bfloat16);tensor(-13.1875, device='cuda:0', dtype=torch.bfloat16);tensor(-6.9375, device='cuda:0', dtype=torch.bfloat16);tensor(-7.7188, device='cuda:0', dtype=torch.bfloat16);tensor(-10., device='cuda:0', dtype=torch.bfloat16);tensor(-1., device='cuda:0', dtype=torch.bfloat16);tensor(-5.2500, device='cuda:0', dtype=torch.bfloat16);tensor(-6.5938, device='cuda:0', dtype=torch.bfloat16);tensor(-0.1250, device='cuda:0', dtype=torch.bfloat16);tensor(-10.1250, device='cuda:0', dtype=torch.bfloat16);tensor(-8.1250, device='cuda:0', dtype=torch.bfloat16);tensor(-8.8750, device='cuda:0', dtype=torch.bfloat16);tensor(-2.8750, device='cuda:0', dtype=torch.bfloat16)","tensor(-8.1250, device='cuda:0', dtype=torch.bfloat16);tensor(-10.5000, device='cuda:0', dtype=torch.bfloat16);tensor(-0.7500, device='cuda:0', dtype=torch.bfloat16);tensor(-13.1875, device='cuda:0', dtype=torch.bfloat16);tensor(-1.2500, device='cuda:0', dtype=torch.bfloat16);tensor(-5.8125, device='cuda:0', dtype=torch.bfloat16);tensor(-10.1875, device='cuda:0', dtype=torch.bfloat16);tensor(-0.9375, device='cuda:0', dtype=torch.bfloat16);tensor(-6.3750, device='cuda:0', dtype=torch.bfloat16);tensor(-5.4375, device='cuda:0', dtype=torch.bfloat16);tensor(0., device='cuda:0', dtype=torch.bfloat16);tensor(-12.5625, device='cuda:0', dtype=torch.bfloat16);tensor(-7.2812, device='cuda:0', dtype=torch.bfloat16);tensor(-10.3750, device='cuda:0', dtype=torch.bfloat16);tensor(-4.3750, device='cuda:0', dtype=torch.bfloat16)",blimp
wh_vs_that_with_gap_long_distance,Companies do conceal what these customers that compete walk through.,Companies do conceal that these customers that compete walk through.,678,-7.4375,-7.6875,-82.0,-84.5,"tensor(-9.8125, device='cuda:0', dtype=torch.bfloat16);tensor(-6.6562, device='cuda:0', dtype=torch.bfloat16);tensor(-12.8750, device='cuda:0', dtype=torch.bfloat16);tensor(-4.6875, device='cuda:0', dtype=torch.bfloat16);tensor(-7.5938, device='cuda:0', dtype=torch.bfloat16);tensor(-6.1875, device='cuda:0', dtype=torch.bfloat16);tensor(-5.9688, device='cuda:0', dtype=torch.bfloat16);tensor(-8.3750, device='cuda:0', dtype=torch.bfloat16);tensor(-12.2500, device='cuda:0', dtype=torch.bfloat16);tensor(-3.6250, device='cuda:0', dtype=torch.bfloat16);tensor(-3.7500, device='cuda:0', dtype=torch.bfloat16)","tensor(-9.8125, device='cuda:0', dtype=torch.bfloat16);tensor(-6.6562, device='cuda:0', dtype=torch.bfloat16);tensor(-12.8750, device='cuda:0', dtype=torch.bfloat16);tensor(-6.2812, device='cuda:0', dtype=torch.bfloat16);tensor(-5.7500, device='cuda:0', dtype=torch.bfloat16);tensor(-7.3438, device='cuda:0', dtype=torch.bfloat16);tensor(-4.8750, device='cuda:0', dtype=torch.bfloat16);tensor(-9.2500, device='cuda:0', dtype=torch.bfloat16);tensor(-12.8125, device='cuda:0', dtype=torch.bfloat16);tensor(-3.6875, device='cuda:0', dtype=torch.bfloat16);tensor(-5.3125, device='cuda:0', dtype=torch.bfloat16)",blimp
wh_vs_that_with_gap_long_distance,James wasn't concealing what some customer that ate does conceal.,James wasn't concealing that some customer that ate does conceal.,626,-7.0,-7.21875,-91.0,-94.0,"tensor(-8.3750, device='cuda:0', dtype=torch.bfloat16);tensor(-11.8750, device='cuda:0', dtype=torch.bfloat16);tensor(-0.7500, device='cuda:0', dtype=torch.bfloat16);tensor(-9.8750, device='cuda:0', dtype=torch.bfloat16);tensor(-0.8750, device='cuda:0', dtype=torch.bfloat16);tensor(-5.3125, device='cuda:0', dtype=torch.bfloat16);tensor(-7.0938, device='cuda:0', dtype=torch.bfloat16);tensor(-9.5000, device='cuda:0', dtype=torch.bfloat16);tensor(-6.6250, device='cuda:0', dtype=torch.bfloat16);tensor(-9., device='cuda:0', dtype=torch.bfloat16);tensor(-11., device='cuda:0', dtype=torch.bfloat16);tensor(-9.1250, device='cuda:0', dtype=torch.bfloat16);tensor(-1.6250, device='cuda:0', dtype=torch.bfloat16)","tensor(-8.3750, device='cuda:0', dtype=torch.bfloat16);tensor(-11.8750, device='cuda:0', dtype=torch.bfloat16);tensor(-0.7500, device='cuda:0', dtype=torch.bfloat16);tensor(-9.8750, device='cuda:0', dtype=torch.bfloat16);tensor(-0.8750, device='cuda:0', dtype=torch.bfloat16);tensor(-4.8125, device='cuda:0', dtype=torch.bfloat16);tensor(-6.6562, device='cuda:0', dtype=torch.bfloat16);tensor(-9.6250, device='cuda:0', dtype=torch.bfloat16);tensor(-6.0625, device='cuda:0', dtype=torch.bfloat16);tensor(-9.1250, device='cuda:0', dtype=torch.bfloat16);tensor(-11.3125, device='cuda:0', dtype=torch.bfloat16);tensor(-10.3750, device='cuda:0', dtype=torch.bfloat16);tensor(-4.2500, device='cuda:0', dtype=torch.bfloat16)",blimp
wh_vs_that_with_gap_long_distance,Some boy will discover who those committees that shouldn't alarm Jason conceal.,Some boy will discover that those committees that shouldn't alarm Jason conceal.,513,-7.84375,-7.90625,-109.5,-111.0,"tensor(-7.7500, device='cuda:0', dtype=torch.bfloat16);tensor(-10.1875, device='cuda:0', dtype=torch.bfloat16);tensor(-7.4062, device='cuda:0', dtype=torch.bfloat16);tensor(-6.6250, device='cuda:0', dtype=torch.bfloat16);tensor(-6.2812, device='cuda:0', dtype=torch.bfloat16);tensor(-5.9375, device='cuda:0', dtype=torch.bfloat16);tensor(-11.8125, device='cuda:0', dtype=torch.bfloat16);tensor(-5.6562, device='cuda:0', dtype=torch.bfloat16);tensor(-10., device='cuda:0', dtype=torch.bfloat16);tensor(-0.7500, device='cuda:0', dtype=torch.bfloat16);tensor(-11.5625, device='cuda:0', dtype=torch.bfloat16);tensor(-12.5000, device='cuda:0', dtype=torch.bfloat16);tensor(-10.8750, device='cuda:0', dtype=torch.bfloat16);tensor(-2.2500, device='cuda:0', dtype=torch.bfloat16)","tensor(-7.7500, device='cuda:0', dtype=torch.bfloat16);tensor(-10.1875, device='cuda:0', dtype=torch.bfloat16);tensor(-7.4062, device='cuda:0', dtype=torch.bfloat16);tensor(-6.6250, device='cuda:0', dtype=torch.bfloat16);tensor(-2.6250, device='cuda:0', dtype=torch.bfloat16);tensor(-6.4375, device='cuda:0', dtype=torch.bfloat16);tensor(-11.9375, device='cuda:0', dtype=torch.bfloat16);tensor(-4.2500, device='cuda:0', dtype=torch.bfloat16);tensor(-10.8750, device='cuda:0', dtype=torch.bfloat16);tensor(-0.6250, device='cuda:0', dtype=torch.bfloat16);tensor(-11.7500, device='cuda:0', dtype=torch.bfloat16);tensor(-12.2500, device='cuda:0', dtype=torch.bfloat16);tensor(-11.1250, device='cuda:0', dtype=torch.bfloat16);tensor(-6.9375, device='cuda:0', dtype=torch.bfloat16)",blimp
wh_vs_that_with_gap_long_distance,Winston Churchill wouldn't figure out who the student that was disappearing disagrees with.,Winston Churchill wouldn't figure out that the student that was disappearing disagrees with.,859,-6.03125,-6.125,-96.5,-98.0,"tensor(-6.6250, device='cuda:0', dtype=torch.bfloat16);tensor(-5.7500, device='cuda:0', dtype=torch.bfloat16);tensor(-2.5625, device='cuda:0', dtype=torch.bfloat16);tensor(-10.5000, device='cuda:0', dtype=torch.bfloat16);tensor(-0.8750, device='cuda:0', dtype=torch.bfloat16);tensor(-11.5625, device='cuda:0', dtype=torch.bfloat16);tensor(-2.0625, device='cuda:0', dtype=torch.bfloat16);tensor(-5.1875, device='cuda:0', dtype=torch.bfloat16);tensor(-2.3750, device='cuda:0', dtype=torch.bfloat16);tensor(-10.2500, device='cuda:0', dtype=torch.bfloat16);tensor(-6.1250, device='cuda:0', dtype=torch.bfloat16);tensor(-2.8125, device='cuda:0', dtype=torch.bfloat16);tensor(-10.2500, device='cuda:0', dtype=torch.bfloat16);tensor(-15.2500, device='cuda:0', dtype=torch.bfloat16);tensor(-0.9375, device='cuda:0', dtype=torch.bfloat16);tensor(-3.4375, device='cuda:0', dtype=torch.bfloat16)","tensor(-6.6250, device='cuda:0', dtype=torch.bfloat16);tensor(-5.7500, device='cuda:0', dtype=torch.bfloat16);tensor(-2.5625, device='cuda:0', dtype=torch.bfloat16);tensor(-10.5000, device='cuda:0', dtype=torch.bfloat16);tensor(-0.8750, device='cuda:0', dtype=torch.bfloat16);tensor(-11.5625, device='cuda:0', dtype=torch.bfloat16);tensor(-2.0625, device='cuda:0', dtype=torch.bfloat16);tensor(-4.7500, device='cuda:0', dtype=torch.bfloat16);tensor(-2.2500, device='cuda:0', dtype=torch.bfloat16);tensor(-9.8125, device='cuda:0', dtype=torch.bfloat16);tensor(-5.5625, device='cuda:0', dtype=torch.bfloat16);tensor(-2.6875, device='cuda:0', dtype=torch.bfloat16);tensor(-10.3125, device='cuda:0', dtype=torch.bfloat16);tensor(-15.3750, device='cuda:0', dtype=torch.bfloat16);tensor(-0.8125, device='cuda:0', dtype=torch.bfloat16);tensor(-6.5000, device='cuda:0', dtype=torch.bfloat16)",blimp
wh_vs_that_with_gap_long_distance,Charles hasn't remembered who every offspring that got a job shouldn't escape from.,Charles hasn't remembered that every offspring that got a job shouldn't escape from.,136,-6.375,-6.25,-102.0,-100.0,"tensor(-9., device='cuda:0', dtype=torch.bfloat16);tensor(-12.8750, device='cuda:0', dtype=torch.bfloat16);tensor(-0.3750, device='cuda:0', dtype=torch.bfloat16);tensor(-8.1875, device='cuda:0', dtype=torch.bfloat16);tensor(-4.1875, device='cuda:0', dtype=torch.bfloat16);tensor(-10.1250, device='cuda:0', dtype=torch.bfloat16);tensor(-10.7500, device='cuda:0', dtype=torch.bfloat16);tensor(-4.5625, device='cuda:0', dtype=torch.bfloat16);tensor(-6.5312, device='cuda:0', dtype=torch.bfloat16);tensor(-3.6250, device='cuda:0', dtype=torch.bfloat16);tensor(-4.1875, device='cuda:0', dtype=torch.bfloat16);tensor(-12.1250, device='cuda:0', dtype=torch.bfloat16);tensor(0., device='cuda:0', dtype=torch.bfloat16);tensor(-8.1250, device='cuda:0', dtype=torch.bfloat16);tensor(-3.1250, device='cuda:0', dtype=torch.bfloat16);tensor(-4.1875, device='cuda:0', dtype=torch.bfloat16)","tensor(-9., device='cuda:0', dtype=torch.bfloat16);tensor(-12.8750, device='cuda:0', dtype=torch.bfloat16);tensor(-0.3750, device='cuda:0', dtype=torch.bfloat16);tensor(-8.1875, device='cuda:0', dtype=torch.bfloat16);tensor(-3.0625, device='cuda:0', dtype=torch.bfloat16);tensor(-7.1562, device='cuda:0', dtype=torch.bfloat16);tensor(-11., device='cuda:0', dtype=torch.bfloat16);tensor(-3.8750, device='cuda:0', dtype=torch.bfloat16);tensor(-7.6250, device='cuda:0', dtype=torch.bfloat16);tensor(-2.6875, device='cuda:0', dtype=torch.bfloat16);tensor(-4.3125, device='cuda:0', dtype=torch.bfloat16);tensor(-11.2500, device='cuda:0', dtype=torch.bfloat16);tensor(0., device='cuda:0', dtype=torch.bfloat16);tensor(-8.2500, device='cuda:0', dtype=torch.bfloat16);tensor(-2.6875, device='cuda:0', dtype=torch.bfloat16);tensor(-7.5000, device='cuda:0', dtype=torch.bfloat16)",blimp
