story_id,story_name,story_format,story_text,question_format,question_type,question_level,option_a,option_b,correct_option,correct_lesion_mean_logprob,incorrect_lesion_mean_logprob,correct_lesion_sum_logprob,incorrect_lesion_sum_logprob,correct_lesion_logprob,incorrect_lesion_logprob,scored_condition
1,Bernard,explicit,"One evening, Megan finds out that her sister Lauren wants to go out with a boy in her Biology class, Stephen. Megan tells Lauren that Stephen used to be best friends with a boy called Chris, who is now Megan’s best friend. Lauren tells Megan that she saw Stephen smiling and flirting with their cousin, Elaine, and so she thinks Stephen might want to go out with Elaine. Because Lauren thinks Stephen likes someone else, she is too nervous to ask him out.
Megan talks to Elaine at school and finds out that Elaine actually wants to go out with Bernard, whom Megan knows from the school play. Megan learns that Elaine and Bernard are next-door neighbours, and that Bernard thinks that Elaine doesn’t know him well enough to date. Elaine tells Megan that Stephen knows how Elaine feels about Bernard and how Bernard feels about Elaine.
Megan later talks to her friend Chris about the situation, realizing that if Lauren knew about Elaine’s situation, and knew that Stephen knows about it too, Lauren would realize that Stephen doesn’t want to go out with Elaine, and might work up the courage to ask him out. Megan plans to tell Lauren about everything that evening.",explicit,mental,1,Elaine likes Bernard,Elaine likes Stephen,a,-4.8046875,-4.70703125,-43.21875,-42.375,"tensor(-11.1719, dtype=torch.float16);tensor(0., dtype=torch.float16);tensor(-6.5156, dtype=torch.float16);tensor(0., dtype=torch.float16);tensor(-0.4609, dtype=torch.float16);tensor(-11.1875, dtype=torch.float16);tensor(-4.8750, dtype=torch.float16);tensor(-0.4531, dtype=torch.float16);tensor(-8.5625, dtype=torch.float16)","tensor(-11.1719, dtype=torch.float16);tensor(0., dtype=torch.float16);tensor(-6.5156, dtype=torch.float16);tensor(0., dtype=torch.float16);tensor(-5.9219, dtype=torch.float16);tensor(-10.5547, dtype=torch.float16);tensor(-0.2891, dtype=torch.float16);tensor(-0.6719, dtype=torch.float16);tensor(-7.2500, dtype=torch.float16)",epitome_rm
1,Bernard,explicit,"One evening, Megan finds out that her sister Lauren wants to go out with a boy in her Biology class, Stephen. Megan tells Lauren that Stephen used to be best friends with a boy called Chris, who is now Megan’s best friend. Lauren tells Megan that she saw Stephen smiling and flirting with their cousin, Elaine, and so she thinks Stephen might want to go out with Elaine. Because Lauren thinks Stephen likes someone else, she is too nervous to ask him out.
Megan talks to Elaine at school and finds out that Elaine actually wants to go out with Bernard, whom Megan knows from the school play. Megan learns that Elaine and Bernard are next-door neighbours, and that Bernard thinks that Elaine doesn’t know him well enough to date. Elaine tells Megan that Stephen knows how Elaine feels about Bernard and how Bernard feels about Elaine.
Megan later talks to her friend Chris about the situation, realizing that if Lauren knew about Elaine’s situation, and knew that Stephen knows about it too, Lauren would realize that Stephen doesn’t want to go out with Elaine, and might work up the courage to ask him out. Megan plans to tell Lauren about everything that evening.",explicit,mental,2,Megan knows that Lauren wants to ask Stephen out,Megan doesn’t know that Lauren wants to ask Stephen out,a,-2.36328125,-2.3984375,-35.4375,-43.1875,"tensor(-6.3750, dtype=torch.float16);tensor(0., dtype=torch.float16);tensor(-3.5391, dtype=torch.float16);tensor(-0.1250, dtype=torch.float16);tensor(-1.6875, dtype=torch.float16);tensor(0., dtype=torch.float16);tensor(-2.6797, dtype=torch.float16);tensor(-0.0156, dtype=torch.float16);tensor(-1.7656, dtype=torch.float16);tensor(-0.1406, dtype=torch.float16);tensor(-0.0156, dtype=torch.float16);tensor(-12.9531, dtype=torch.float16);tensor(-1.1484, dtype=torch.float16);tensor(-0.2422, dtype=torch.float16);tensor(-4.7656, dtype=torch.float16)","tensor(-6.3750, dtype=torch.float16);tensor(0., dtype=torch.float16);tensor(-5.3047, dtype=torch.float16);tensor(-0.1094, dtype=torch.float16);tensor(0., dtype=torch.float16);tensor(-1.2188, dtype=torch.float16);tensor(-0.7656, dtype=torch.float16);tensor(-0.7500, dtype=torch.float16);tensor(0., dtype=torch.float16);tensor(-8.1953, dtype=torch.float16);tensor(-0.0156, dtype=torch.float16);tensor(-1.3125, dtype=torch.float16);tensor(-0.2812, dtype=torch.float16);tensor(-0.0312, dtype=torch.float16);tensor(-11.7500, dtype=torch.float16);tensor(-1.2500, dtype=torch.float16);tensor(-0.9844, dtype=torch.float16);tensor(-4.8438, dtype=torch.float16)",epitome_rm
1,Bernard,explicit,"One evening, Megan finds out that her sister Lauren wants to go out with a boy in her Biology class, Stephen. Megan tells Lauren that Stephen used to be best friends with a boy called Chris, who is now Megan’s best friend. Lauren tells Megan that she saw Stephen smiling and flirting with their cousin, Elaine, and so she thinks Stephen might want to go out with Elaine. Because Lauren thinks Stephen likes someone else, she is too nervous to ask him out.
Megan talks to Elaine at school and finds out that Elaine actually wants to go out with Bernard, whom Megan knows from the school play. Megan learns that Elaine and Bernard are next-door neighbours, and that Bernard thinks that Elaine doesn’t know him well enough to date. Elaine tells Megan that Stephen knows how Elaine feels about Bernard and how Bernard feels about Elaine.
Megan later talks to her friend Chris about the situation, realizing that if Lauren knew about Elaine’s situation, and knew that Stephen knows about it too, Lauren would realize that Stephen doesn’t want to go out with Elaine, and might work up the courage to ask him out. Megan plans to tell Lauren about everything that evening.",explicit,mental,3,Elaine doesn’t know that Bernard feels that she doesn’t know him well enough to date,Elaine knows that Bernard feels that she doesn’t know him well enough to date,b,-2.91015625,-2.58984375,-61.125,-62.15625,"tensor(-11.1875, dtype=torch.float16);tensor(0., dtype=torch.float16);tensor(-6.3984, dtype=torch.float16);tensor(-0.7812, dtype=torch.float16);tensor(-2.8906, dtype=torch.float16);tensor(-7.0625, dtype=torch.float16);tensor(-5.0625, dtype=torch.float16);tensor(-0.5000, dtype=torch.float16);tensor(-0.0781, dtype=torch.float16);tensor(-0.0469, dtype=torch.float16);tensor(0., dtype=torch.float16);tensor(-0.1250, dtype=torch.float16);tensor(0., dtype=torch.float16);tensor(-0.0156, dtype=torch.float16);tensor(0., dtype=torch.float16);tensor(-0.0312, dtype=torch.float16);tensor(0., dtype=torch.float16);tensor(-10.9688, dtype=torch.float16);tensor(-5.2070, dtype=torch.float16);tensor(-0.5781, dtype=torch.float16);tensor(-10.1797, dtype=torch.float16)","tensor(-11.1875, dtype=torch.float16);tensor(0., dtype=torch.float16);tensor(-5.1797, dtype=torch.float16);tensor(-0.0625, dtype=torch.float16);tensor(0., dtype=torch.float16);tensor(-1., dtype=torch.float16);tensor(-0.4531, dtype=torch.float16);tensor(-7.7812, dtype=torch.float16);tensor(-6.2656, dtype=torch.float16);tensor(-2.2812, dtype=torch.float16);tensor(-6.8828, dtype=torch.float16);tensor(-0.0312, dtype=torch.float16);tensor(0., dtype=torch.float16);tensor(0., dtype=torch.float16);tensor(0., dtype=torch.float16);tensor(0., dtype=torch.float16);tensor(0., dtype=torch.float16);tensor(0., dtype=torch.float16);tensor(-0.0156, dtype=torch.float16);tensor(0., dtype=torch.float16);tensor(-11.5000, dtype=torch.float16);tensor(-2.4531, dtype=torch.float16);tensor(-0.2578, dtype=torch.float16);tensor(-6.8047, dtype=torch.float16)",epitome_rm
1,Bernard,explicit,"One evening, Megan finds out that her sister Lauren wants to go out with a boy in her Biology class, Stephen. Megan tells Lauren that Stephen used to be best friends with a boy called Chris, who is now Megan’s best friend. Lauren tells Megan that she saw Stephen smiling and flirting with their cousin, Elaine, and so she thinks Stephen might want to go out with Elaine. Because Lauren thinks Stephen likes someone else, she is too nervous to ask him out.
Megan talks to Elaine at school and finds out that Elaine actually wants to go out with Bernard, whom Megan knows from the school play. Megan learns that Elaine and Bernard are next-door neighbours, and that Bernard thinks that Elaine doesn’t know him well enough to date. Elaine tells Megan that Stephen knows how Elaine feels about Bernard and how Bernard feels about Elaine.
Megan later talks to her friend Chris about the situation, realizing that if Lauren knew about Elaine’s situation, and knew that Stephen knows about it too, Lauren would realize that Stephen doesn’t want to go out with Elaine, and might work up the courage to ask him out. Megan plans to tell Lauren about everything that evening.",explicit,mental,4,Stephen knows that Elaine knows that Bernard feels she doesn’t know him well enough to date,Stephen doesn’t know that Elaine knows that Bernard feels she doesn’t know him well enough to date,a,-3.0078125,-2.46875,-69.1875,-64.1875,"tensor(-12.0859, dtype=torch.float16);tensor(-4.1250, dtype=torch.float16);tensor(-0.8594, dtype=torch.float16);tensor(-0.2188, dtype=torch.float16);tensor(0., dtype=torch.float16);tensor(-7.4375, dtype=torch.float16);tensor(-1.7344, dtype=torch.float16);tensor(-2.4375, dtype=torch.float16);tensor(-6.8750, dtype=torch.float16);tensor(-10.6172, dtype=torch.float16);tensor(-0.0625, dtype=torch.float16);tensor(-0.0625, dtype=torch.float16);tensor(0., dtype=torch.float16);tensor(0., dtype=torch.float16);tensor(0., dtype=torch.float16);tensor(-0.0156, dtype=torch.float16);tensor(0., dtype=torch.float16);tensor(-0.0625, dtype=torch.float16);tensor(0., dtype=torch.float16);tensor(-10.4141, dtype=torch.float16);tensor(-2.2422, dtype=torch.float16);tensor(-0.2969, dtype=torch.float16);tensor(-9.6406, dtype=torch.float16)","tensor(-12.0859, dtype=torch.float16);tensor(-3.4219, dtype=torch.float16);tensor(-0.0625, dtype=torch.float16);tensor(0., dtype=torch.float16);tensor(-0.8906, dtype=torch.float16);tensor(-0.1406, dtype=torch.float16);tensor(-2., dtype=torch.float16);tensor(0., dtype=torch.float16);tensor(-4.8516, dtype=torch.float16);tensor(-2.4844, dtype=torch.float16);tensor(-1.9688, dtype=torch.float16);tensor(-6.4844, dtype=torch.float16);tensor(-11.3125, dtype=torch.float16);tensor(-0.0312, dtype=torch.float16);tensor(-0.0156, dtype=torch.float16);tensor(0., dtype=torch.float16);tensor(0., dtype=torch.float16);tensor(0., dtype=torch.float16);tensor(0., dtype=torch.float16);tensor(0., dtype=torch.float16);tensor(-0.0625, dtype=torch.float16);tensor(0., dtype=torch.float16);tensor(-11.0469, dtype=torch.float16);tensor(-1.2969, dtype=torch.float16);tensor(-0.4922, dtype=torch.float16);tensor(-5.5312, dtype=torch.float16)",epitome_rm
1,Bernard,explicit,"One evening, Megan finds out that her sister Lauren wants to go out with a boy in her Biology class, Stephen. Megan tells Lauren that Stephen used to be best friends with a boy called Chris, who is now Megan’s best friend. Lauren tells Megan that she saw Stephen smiling and flirting with their cousin, Elaine, and so she thinks Stephen might want to go out with Elaine. Because Lauren thinks Stephen likes someone else, she is too nervous to ask him out.
Megan talks to Elaine at school and finds out that Elaine actually wants to go out with Bernard, whom Megan knows from the school play. Megan learns that Elaine and Bernard are next-door neighbours, and that Bernard thinks that Elaine doesn’t know him well enough to date. Elaine tells Megan that Stephen knows how Elaine feels about Bernard and how Bernard feels about Elaine.
Megan later talks to her friend Chris about the situation, realizing that if Lauren knew about Elaine’s situation, and knew that Stephen knows about it too, Lauren would realize that Stephen doesn’t want to go out with Elaine, and might work up the courage to ask him out. Megan plans to tell Lauren about everything that evening.",explicit,mental,5,Megan knows that Stephen doesn’t know that Elaine knows that Bernard feels that she doesn’t know him well enough to date,Megan knows that Stephen knows that Elaine knows that Bernard feels that she doesn’t know him well enough to date,b,-2.3828125,-2.158203125,-66.6875,-66.9375,"tensor(-6.3750, dtype=torch.float16);tensor(0., dtype=torch.float16);tensor(-3.5391, dtype=torch.float16);tensor(-0.1250, dtype=torch.float16);tensor(-4.1719, dtype=torch.float16);tensor(-5.3125, dtype=torch.float16);tensor(-1.2969, dtype=torch.float16);tensor(-0.6719, dtype=torch.float16);tensor(0., dtype=torch.float16);tensor(-7.3672, dtype=torch.float16);tensor(-1.0781, dtype=torch.float16);tensor(-0.6250, dtype=torch.float16);tensor(-6.6641, dtype=torch.float16);tensor(-3.0938, dtype=torch.float16);tensor(-4.4219, dtype=torch.float16);tensor(-0.0156, dtype=torch.float16);tensor(-0.0625, dtype=torch.float16);tensor(0., dtype=torch.float16);tensor(0., dtype=torch.float16);tensor(0., dtype=torch.float16);tensor(-0.0156, dtype=torch.float16);tensor(0., dtype=torch.float16);tensor(-0.0625, dtype=torch.float16);tensor(0., dtype=torch.float16);tensor(-10.3672, dtype=torch.float16);tensor(-2.8359, dtype=torch.float16);tensor(-0.3281, dtype=torch.float16);tensor(-8.2656, dtype=torch.float16)","tensor(-6.3750, dtype=torch.float16);tensor(0., dtype=torch.float16);tensor(-3.5391, dtype=torch.float16);tensor(-0.1250, dtype=torch.float16);tensor(-4.1719, dtype=torch.float16);tensor(-3.9922, dtype=torch.float16);tensor(-0.1094, dtype=torch.float16);tensor(0., dtype=torch.float16);tensor(-3.4688, dtype=torch.float16);tensor(-0.4062, dtype=torch.float16);tensor(-1.0312, dtype=torch.float16);tensor(0., dtype=torch.float16);tensor(-4.5703, dtype=torch.float16);tensor(-2.5156, dtype=torch.float16);tensor(-1.4375, dtype=torch.float16);tensor(-5.9297, dtype=torch.float16);tensor(-0.8125, dtype=torch.float16);tensor(-8.9609, dtype=torch.float16);tensor(0., dtype=torch.float16);tensor(-0.0156, dtype=torch.float16);tensor(0., dtype=torch.float16);tensor(0., dtype=torch.float16);tensor(0., dtype=torch.float16);tensor(0., dtype=torch.float16);tensor(0., dtype=torch.float16);tensor(-0.0469, dtype=torch.float16);tensor(0., dtype=torch.float16);tensor(-11.3281, dtype=torch.float16);tensor(-2.6641, dtype=torch.float16);tensor(-0.3281, dtype=torch.float16);tensor(-5.0938, dtype=torch.float16)",epitome_rm
1,Bernard,explicit,"One evening, Megan finds out that her sister Lauren wants to go out with a boy in her Biology class, Stephen. Megan tells Lauren that Stephen used to be best friends with a boy called Chris, who is now Megan’s best friend. Lauren tells Megan that she saw Stephen smiling and flirting with their cousin, Elaine, and so she thinks Stephen might want to go out with Elaine. Because Lauren thinks Stephen likes someone else, she is too nervous to ask him out.
Megan talks to Elaine at school and finds out that Elaine actually wants to go out with Bernard, whom Megan knows from the school play. Megan learns that Elaine and Bernard are next-door neighbours, and that Bernard thinks that Elaine doesn’t know him well enough to date. Elaine tells Megan that Stephen knows how Elaine feels about Bernard and how Bernard feels about Elaine.
Megan later talks to her friend Chris about the situation, realizing that if Lauren knew about Elaine’s situation, and knew that Stephen knows about it too, Lauren would realize that Stephen doesn’t want to go out with Elaine, and might work up the courage to ask him out. Megan plans to tell Lauren about everything that evening.",explicit,mental,6,Chris knows that Megan knows that Stephen knows that Elaine knows that Bernard feels that she doesn’t know him well enough to date,Chris doesn’t know that Megan knows that Stephen knows that Elaine knows that Bernard feels that she doesn’t know him well enough to date,a,-2.60546875,-2.58984375,-80.75,-88.0625,"tensor(-12.7734, dtype=torch.float16);tensor(-7.3281, dtype=torch.float16);tensor(-0.9062, dtype=torch.float16);tensor(-0.6406, dtype=torch.float16);tensor(0., dtype=torch.float16);tensor(-4.9141, dtype=torch.float16);tensor(-2.4141, dtype=torch.float16);tensor(-1.6094, dtype=torch.float16);tensor(-4.0078, dtype=torch.float16);tensor(-1.7812, dtype=torch.float16);tensor(-0.0312, dtype=torch.float16);tensor(0., dtype=torch.float16);tensor(-4.7812, dtype=torch.float16);tensor(-0.5469, dtype=torch.float16);tensor(-0.0156, dtype=torch.float16);tensor(-6.0312, dtype=torch.float16);tensor(-2.8281, dtype=torch.float16);tensor(-5.6719, dtype=torch.float16);tensor(-0.0156, dtype=torch.float16);tensor(-0.0312, dtype=torch.float16);tensor(0., dtype=torch.float16);tensor(0., dtype=torch.float16);tensor(0., dtype=torch.float16);tensor(-0.0156, dtype=torch.float16);tensor(0., dtype=torch.float16);tensor(-0.1094, dtype=torch.float16);tensor(0., dtype=torch.float16);tensor(-10.3672, dtype=torch.float16);tensor(-6.1133, dtype=torch.float16);tensor(-0.0547, dtype=torch.float16);tensor(-7.7578, dtype=torch.float16)","tensor(-12.7734, dtype=torch.float16);tensor(-5.9375, dtype=torch.float16);tensor(-0.0469, dtype=torch.float16);tensor(0., dtype=torch.float16);tensor(-4.0938, dtype=torch.float16);tensor(-2.5156, dtype=torch.float16);tensor(-0.2344, dtype=torch.float16);tensor(0., dtype=torch.float16);tensor(-2.9219, dtype=torch.float16);tensor(-1.3906, dtype=torch.float16);tensor(-1.8594, dtype=torch.float16);tensor(-4.1328, dtype=torch.float16);tensor(-5.6016, dtype=torch.float16);tensor(0., dtype=torch.float16);tensor(0., dtype=torch.float16);tensor(-5.9375, dtype=torch.float16);tensor(-1.9219, dtype=torch.float16);tensor(-0.0156, dtype=torch.float16);tensor(-5.5391, dtype=torch.float16);tensor(-1.7266, dtype=torch.float16);tensor(-7.6094, dtype=torch.float16);tensor(-0.0156, dtype=torch.float16);tensor(-0.0156, dtype=torch.float16);tensor(0., dtype=torch.float16);tensor(0., dtype=torch.float16);tensor(0., dtype=torch.float16);tensor(0., dtype=torch.float16);tensor(0., dtype=torch.float16);tensor(-0.1094, dtype=torch.float16);tensor(0., dtype=torch.float16);tensor(-10.5312, dtype=torch.float16);tensor(-5.9375, dtype=torch.float16);tensor(-0.2031, dtype=torch.float16);tensor(-7.0156, dtype=torch.float16)",epitome_rm
1,Bernard,explicit,"One evening, Megan finds out that her sister Lauren wants to go out with a boy in her Biology class, Stephen. Megan tells Lauren that Stephen used to be best friends with a boy called Chris, who is now Megan’s best friend. Lauren tells Megan that she saw Stephen smiling and flirting with their cousin, Elaine, and so she thinks Stephen might want to go out with Elaine. Because Lauren thinks Stephen likes someone else, she is too nervous to ask him out.
Megan talks to Elaine at school and finds out that Elaine actually wants to go out with Bernard, whom Megan knows from the school play. Megan learns that Elaine and Bernard are next-door neighbours, and that Bernard thinks that Elaine doesn’t know him well enough to date. Elaine tells Megan that Stephen knows how Elaine feels about Bernard and how Bernard feels about Elaine.
Megan later talks to her friend Chris about the situation, realizing that if Lauren knew about Elaine’s situation, and knew that Stephen knows about it too, Lauren would realize that Stephen doesn’t want to go out with Elaine, and might work up the courage to ask him out. Megan plans to tell Lauren about everything that evening.",explicit,mental,7,"Megan wants Lauren to know that she, Megan, knows that Stephen knows that Elaine knows that Bernard feels she doesn’t know him well enough to date, so that Lauren asks Stephen out","Megan doesn’t want Lauren to know that she, Megan, knows that Stephen knows that Elaine knows that Bernard feels she doesn’t know him well enough to date, so that Lauren doesn’t ask Stephen out",a,-2.248046875,-2.087890625,-103.4375,-108.5625,"tensor(-6.3750, dtype=torch.float16);tensor(0., dtype=torch.float16);tensor(-3., dtype=torch.float16);tensor(-5.2812, dtype=torch.float16);tensor(0., dtype=torch.float16);tensor(0., dtype=torch.float16);tensor(-0.8438, dtype=torch.float16);tensor(-0.8906, dtype=torch.float16);tensor(-0.6719, dtype=torch.float16);tensor(-7.0547, dtype=torch.float16);tensor(-0.1875, dtype=torch.float16);tensor(0., dtype=torch.float16);tensor(-0.0156, dtype=torch.float16);tensor(-2.5078, dtype=torch.float16);tensor(-2.1875, dtype=torch.float16);tensor(-1.8750, dtype=torch.float16);tensor(-5.2422, dtype=torch.float16);tensor(-2.5938, dtype=torch.float16);tensor(0., dtype=torch.float16);tensor(0., dtype=torch.float16);tensor(-7.5625, dtype=torch.float16);tensor(-1.2656, dtype=torch.float16);tensor(-0.0312, dtype=torch.float16);tensor(-6.3594, dtype=torch.float16);tensor(-9.8359, dtype=torch.float16);tensor(-0.0312, dtype=torch.float16);tensor(-0.0469, dtype=torch.float16);tensor(0., dtype=torch.float16);tensor(0., dtype=torch.float16);tensor(0., dtype=torch.float16);tensor(-0.0156, dtype=torch.float16);tensor(0., dtype=torch.float16);tensor(-0.1094, dtype=torch.float16);tensor(-0.0156, dtype=torch.float16);tensor(-1.1719, dtype=torch.float16);tensor(-2.7344, dtype=torch.float16);tensor(-1.1406, dtype=torch.float16);tensor(-0.4688, dtype=torch.float16);tensor(0., dtype=torch.float16);tensor(-9.2344, dtype=torch.float16);tensor(-0.7500, dtype=torch.float16);tensor(-0.0312, dtype=torch.float16);tensor(-11.7344, dtype=torch.float16);tensor(-4.5117, dtype=torch.float16);tensor(-1., dtype=torch.float16);tensor(-6.6445, dtype=torch.float16)","tensor(-6.3750, dtype=torch.float16);tensor(0., dtype=torch.float16);tensor(-5.3047, dtype=torch.float16);tensor(-0.1094, dtype=torch.float16);tensor(0., dtype=torch.float16);tensor(-0.6250, dtype=torch.float16);tensor(-1.6250, dtype=torch.float16);tensor(0., dtype=torch.float16);tensor(-0.0156, dtype=torch.float16);tensor(-7.4297, dtype=torch.float16);tensor(-0.0312, dtype=torch.float16);tensor(-0.1250, dtype=torch.float16);tensor(-5.3047, dtype=torch.float16);tensor(-0.0938, dtype=torch.float16);tensor(0., dtype=torch.float16);tensor(-0.0156, dtype=torch.float16);tensor(-0.7656, dtype=torch.float16);tensor(-1.8750, dtype=torch.float16);tensor(-0.6875, dtype=torch.float16);tensor(-3.7188, dtype=torch.float16);tensor(-4.9375, dtype=torch.float16);tensor(0., dtype=torch.float16);tensor(0., dtype=torch.float16);tensor(-7.7422, dtype=torch.float16);tensor(-1.9375, dtype=torch.float16);tensor(-0.0156, dtype=torch.float16);tensor(-6.1250, dtype=torch.float16);tensor(-11.0781, dtype=torch.float16);tensor(-0.0156, dtype=torch.float16);tensor(-0.0156, dtype=torch.float16);tensor(0., dtype=torch.float16);tensor(0., dtype=torch.float16);tensor(0., dtype=torch.float16);tensor(0., dtype=torch.float16);tensor(0., dtype=torch.float16);tensor(-0.1406, dtype=torch.float16);tensor(0., dtype=torch.float16);tensor(-2.0469, dtype=torch.float16);tensor(-2.6875, dtype=torch.float16);tensor(-6.1406, dtype=torch.float16);tensor(-2.1016, dtype=torch.float16);tensor(0., dtype=torch.float16);tensor(-1.4531, dtype=torch.float16);tensor(0., dtype=torch.float16);tensor(0., dtype=torch.float16);tensor(-6.0547, dtype=torch.float16);tensor(-3.0781, dtype=torch.float16);tensor(-1.3125, dtype=torch.float16);tensor(-10.8906, dtype=torch.float16);tensor(-1.7578, dtype=torch.float16);tensor(-0.0938, dtype=torch.float16);tensor(-4.8516, dtype=torch.float16)",epitome_rm
1,Bernard,explicit,"One evening, Megan finds out that her sister Lauren wants to go out with a boy in her Biology class, Stephen. Megan tells Lauren that Stephen used to be best friends with a boy called Chris, who is now Megan’s best friend. Lauren tells Megan that she saw Stephen smiling and flirting with their cousin, Elaine, and so she thinks Stephen might want to go out with Elaine. Because Lauren thinks Stephen likes someone else, she is too nervous to ask him out.
Megan talks to Elaine at school and finds out that Elaine actually wants to go out with Bernard, whom Megan knows from the school play. Megan learns that Elaine and Bernard are next-door neighbours, and that Bernard thinks that Elaine doesn’t know him well enough to date. Elaine tells Megan that Stephen knows how Elaine feels about Bernard and how Bernard feels about Elaine.
Megan later talks to her friend Chris about the situation, realizing that if Lauren knew about Elaine’s situation, and knew that Stephen knows about it too, Lauren would realize that Stephen doesn’t want to go out with Elaine, and might work up the courage to ask him out. Megan plans to tell Lauren about everything that evening.",explicit,control,1,Lauren is Megan’s sister,Lauren is Megan’s friend,a,-2.98828125,-3.896484375,-35.875,-46.75,"tensor(-10.7109, dtype=torch.float16);tensor(0., dtype=torch.float16);tensor(-2.0156, dtype=torch.float16);tensor(-3.6797, dtype=torch.float16);tensor(0., dtype=torch.float16);tensor(-0.3438, dtype=torch.float16);tensor(0., dtype=torch.float16);tensor(-1.0469, dtype=torch.float16);tensor(-11.1875, dtype=torch.float16);tensor(-0.1641, dtype=torch.float16);tensor(-0.2188, dtype=torch.float16);tensor(-6.4922, dtype=torch.float16)","tensor(-10.7109, dtype=torch.float16);tensor(0., dtype=torch.float16);tensor(-2.0156, dtype=torch.float16);tensor(-3.6797, dtype=torch.float16);tensor(0., dtype=torch.float16);tensor(-0.3438, dtype=torch.float16);tensor(0., dtype=torch.float16);tensor(-9.6562, dtype=torch.float16);tensor(-10.2578, dtype=torch.float16);tensor(-2.6328, dtype=torch.float16);tensor(-0.3906, dtype=torch.float16);tensor(-7.0781, dtype=torch.float16)",epitome_rm
1,Bernard,explicit,"One evening, Megan finds out that her sister Lauren wants to go out with a boy in her Biology class, Stephen. Megan tells Lauren that Stephen used to be best friends with a boy called Chris, who is now Megan’s best friend. Lauren tells Megan that she saw Stephen smiling and flirting with their cousin, Elaine, and so she thinks Stephen might want to go out with Elaine. Because Lauren thinks Stephen likes someone else, she is too nervous to ask him out.
Megan talks to Elaine at school and finds out that Elaine actually wants to go out with Bernard, whom Megan knows from the school play. Megan learns that Elaine and Bernard are next-door neighbours, and that Bernard thinks that Elaine doesn’t know him well enough to date. Elaine tells Megan that Stephen knows how Elaine feels about Bernard and how Bernard feels about Elaine.
Megan later talks to her friend Chris about the situation, realizing that if Lauren knew about Elaine’s situation, and knew that Stephen knows about it too, Lauren would realize that Stephen doesn’t want to go out with Elaine, and might work up the courage to ask him out. Megan plans to tell Lauren about everything that evening.",explicit,control,2,Stephen has Biology with Megan’s sister Lauren,Stephen was in the school play with Megan’s friend Chris,a,-3.703125,-3.05859375,-59.25,-52.0,"tensor(-12.0859, dtype=torch.float16);tensor(-3.7734, dtype=torch.float16);tensor(-14.7500, dtype=torch.float16);tensor(0., dtype=torch.float16);tensor(-1.0312, dtype=torch.float16);tensor(-1.5781, dtype=torch.float16);tensor(0., dtype=torch.float16);tensor(-3.4688, dtype=torch.float16);tensor(0., dtype=torch.float16);tensor(-0.5156, dtype=torch.float16);tensor(-0.0625, dtype=torch.float16);tensor(0., dtype=torch.float16);tensor(-12.2031, dtype=torch.float16);tensor(-3.3281, dtype=torch.float16);tensor(-0.4141, dtype=torch.float16);tensor(-6.0547, dtype=torch.float16)","tensor(-12.0859, dtype=torch.float16);tensor(-5.7344, dtype=torch.float16);tensor(-2.9219, dtype=torch.float16);tensor(-1.0078, dtype=torch.float16);tensor(-0.7422, dtype=torch.float16);tensor(-0.0156, dtype=torch.float16);tensor(-0.4062, dtype=torch.float16);tensor(-0.1562, dtype=torch.float16);tensor(0., dtype=torch.float16);tensor(-5.4141, dtype=torch.float16);tensor(0., dtype=torch.float16);tensor(-0.1406, dtype=torch.float16);tensor(-0.5156, dtype=torch.float16);tensor(-10.1562, dtype=torch.float16);tensor(-5.0117, dtype=torch.float16);tensor(-0.7734, dtype=torch.float16);tensor(-6.9023, dtype=torch.float16)",epitome_rm
1,Bernard,explicit,"One evening, Megan finds out that her sister Lauren wants to go out with a boy in her Biology class, Stephen. Megan tells Lauren that Stephen used to be best friends with a boy called Chris, who is now Megan’s best friend. Lauren tells Megan that she saw Stephen smiling and flirting with their cousin, Elaine, and so she thinks Stephen might want to go out with Elaine. Because Lauren thinks Stephen likes someone else, she is too nervous to ask him out.
Megan talks to Elaine at school and finds out that Elaine actually wants to go out with Bernard, whom Megan knows from the school play. Megan learns that Elaine and Bernard are next-door neighbours, and that Bernard thinks that Elaine doesn’t know him well enough to date. Elaine tells Megan that Stephen knows how Elaine feels about Bernard and how Bernard feels about Elaine.
Megan later talks to her friend Chris about the situation, realizing that if Lauren knew about Elaine’s situation, and knew that Stephen knows about it too, Lauren would realize that Stephen doesn’t want to go out with Elaine, and might work up the courage to ask him out. Megan plans to tell Lauren about everything that evening.",explicit,control,3,"Chris used to be best friends with Stephen, who has Biology with Megan’s sister","Chris used to be best friends with Bernard, who acted in the school play with Megan’s sister",a,-3.583984375,-3.35546875,-82.4375,-83.875,"tensor(-12.7734, dtype=torch.float16);tensor(-12.1641, dtype=torch.float16);tensor(0., dtype=torch.float16);tensor(0., dtype=torch.float16);tensor(-0.0938, dtype=torch.float16);tensor(0., dtype=torch.float16);tensor(0., dtype=torch.float16);tensor(-0.0312, dtype=torch.float16);tensor(-0.7188, dtype=torch.float16);tensor(-3.8203, dtype=torch.float16);tensor(-2.7188, dtype=torch.float16);tensor(-15.2656, dtype=torch.float16);tensor(0., dtype=torch.float16);tensor(-0.7188, dtype=torch.float16);tensor(-3.5938, dtype=torch.float16);tensor(0., dtype=torch.float16);tensor(-4.0156, dtype=torch.float16);tensor(0., dtype=torch.float16);tensor(0., dtype=torch.float16);tensor(-13.3359, dtype=torch.float16);tensor(-6.3359, dtype=torch.float16);tensor(-1.4766, dtype=torch.float16);tensor(-5.3672, dtype=torch.float16)","tensor(-12.7734, dtype=torch.float16);tensor(-12.1641, dtype=torch.float16);tensor(0., dtype=torch.float16);tensor(0., dtype=torch.float16);tensor(-0.0938, dtype=torch.float16);tensor(0., dtype=torch.float16);tensor(0., dtype=torch.float16);tensor(-6.4922, dtype=torch.float16);tensor(-0.7344, dtype=torch.float16);tensor(-2.6953, dtype=torch.float16);tensor(-10.0312, dtype=torch.float16);tensor(-4.0234, dtype=torch.float16);tensor(-0.2656, dtype=torch.float16);tensor(-0.0781, dtype=torch.float16);tensor(0., dtype=torch.float16);tensor(-0.6094, dtype=torch.float16);tensor(-0.2344, dtype=torch.float16);tensor(0., dtype=torch.float16);tensor(-5.2812, dtype=torch.float16);tensor(0., dtype=torch.float16);tensor(-0.8906, dtype=torch.float16);tensor(-11.9531, dtype=torch.float16);tensor(-6.9336, dtype=torch.float16);tensor(-1.8984, dtype=torch.float16);tensor(-6.7227, dtype=torch.float16)",epitome_rm
1,Bernard,explicit,"One evening, Megan finds out that her sister Lauren wants to go out with a boy in her Biology class, Stephen. Megan tells Lauren that Stephen used to be best friends with a boy called Chris, who is now Megan’s best friend. Lauren tells Megan that she saw Stephen smiling and flirting with their cousin, Elaine, and so she thinks Stephen might want to go out with Elaine. Because Lauren thinks Stephen likes someone else, she is too nervous to ask him out.
Megan talks to Elaine at school and finds out that Elaine actually wants to go out with Bernard, whom Megan knows from the school play. Megan learns that Elaine and Bernard are next-door neighbours, and that Bernard thinks that Elaine doesn’t know him well enough to date. Elaine tells Megan that Stephen knows how Elaine feels about Bernard and how Bernard feels about Elaine.
Megan later talks to her friend Chris about the situation, realizing that if Lauren knew about Elaine’s situation, and knew that Stephen knows about it too, Lauren would realize that Stephen doesn’t want to go out with Elaine, and might work up the courage to ask him out. Megan plans to tell Lauren about everything that evening.",explicit,control,4,"Megan is best friends with Chris, who used to be best friends with Stephen, who has Biology with Megan’s sister Lauren","Megan’s sister Lauren used to go out with Chris, who is best friends with Elaine, who has Biology with Stephen",a,-2.1171875,-2.63671875,-69.875,-84.375,"tensor(-6.3750, dtype=torch.float16);tensor(0., dtype=torch.float16);tensor(-2.0312, dtype=torch.float16);tensor(-5.8594, dtype=torch.float16);tensor(-0.0938, dtype=torch.float16);tensor(0., dtype=torch.float16);tensor(-0.6094, dtype=torch.float16);tensor(-0.9844, dtype=torch.float16);tensor(-1.6172, dtype=torch.float16);tensor(-0.7188, dtype=torch.float16);tensor(0., dtype=torch.float16);tensor(0., dtype=torch.float16);tensor(-0.0156, dtype=torch.float16);tensor(0., dtype=torch.float16);tensor(0., dtype=torch.float16);tensor(0., dtype=torch.float16);tensor(-2.5938, dtype=torch.float16);tensor(-2.1094, dtype=torch.float16);tensor(-5.0156, dtype=torch.float16);tensor(-14.5781, dtype=torch.float16);tensor(0., dtype=torch.float16);tensor(-1.6875, dtype=torch.float16);tensor(-4.3750, dtype=torch.float16);tensor(0., dtype=torch.float16);tensor(-3.7656, dtype=torch.float16);tensor(0., dtype=torch.float16);tensor(0., dtype=torch.float16);tensor(-0.0312, dtype=torch.float16);tensor(0., dtype=torch.float16);tensor(-10.5625, dtype=torch.float16);tensor(-0.2578, dtype=torch.float16);tensor(-1.6641, dtype=torch.float16);tensor(-4.9219, dtype=torch.float16)","tensor(-6.3750, dtype=torch.float16);tensor(0., dtype=torch.float16);tensor(-2.3281, dtype=torch.float16);tensor(0., dtype=torch.float16);tensor(-4.3516, dtype=torch.float16);tensor(-0.0625, dtype=torch.float16);tensor(0., dtype=torch.float16);tensor(-9.4688, dtype=torch.float16);tensor(0., dtype=torch.float16);tensor(-1.8281, dtype=torch.float16);tensor(-0.1406, dtype=torch.float16);tensor(0., dtype=torch.float16);tensor(-1.5156, dtype=torch.float16);tensor(-0.7969, dtype=torch.float16);tensor(-2.0469, dtype=torch.float16);tensor(-0.2500, dtype=torch.float16);tensor(-5.7500, dtype=torch.float16);tensor(-0.1719, dtype=torch.float16);tensor(0., dtype=torch.float16);tensor(-3.5938, dtype=torch.float16);tensor(0., dtype=torch.float16);tensor(-1.8750, dtype=torch.float16);tensor(-1.3750, dtype=torch.float16);tensor(-3.1250, dtype=torch.float16);tensor(-16.6562, dtype=torch.float16);tensor(0., dtype=torch.float16);tensor(-1.5469, dtype=torch.float16);tensor(-2.1250, dtype=torch.float16);tensor(-9.8047, dtype=torch.float16);tensor(-1.0938, dtype=torch.float16);tensor(-1.5234, dtype=torch.float16);tensor(-6.5586, dtype=torch.float16)",epitome_rm
1,Bernard,explicit,"One evening, Megan finds out that her sister Lauren wants to go out with a boy in her Biology class, Stephen. Megan tells Lauren that Stephen used to be best friends with a boy called Chris, who is now Megan’s best friend. Lauren tells Megan that she saw Stephen smiling and flirting with their cousin, Elaine, and so she thinks Stephen might want to go out with Elaine. Because Lauren thinks Stephen likes someone else, she is too nervous to ask him out.
Megan talks to Elaine at school and finds out that Elaine actually wants to go out with Bernard, whom Megan knows from the school play. Megan learns that Elaine and Bernard are next-door neighbours, and that Bernard thinks that Elaine doesn’t know him well enough to date. Elaine tells Megan that Stephen knows how Elaine feels about Bernard and how Bernard feels about Elaine.
Megan later talks to her friend Chris about the situation, realizing that if Lauren knew about Elaine’s situation, and knew that Stephen knows about it too, Lauren would realize that Stephen doesn’t want to go out with Elaine, and might work up the courage to ask him out. Megan plans to tell Lauren about everything that evening.",explicit,control,5,"Bernard acted in the play with Megan, who is the best friend of Chris, who used to be best friends with Stephen, who takes Biology with Lauren who is Megan’s sister","Bernard acted in the play with Lauren, who used to go out with Chris, who used to be best friends with Stephen, who lives next door to Elaine who is Lauren’s cousin",a,-2.400390625,-2.341796875,-105.625,-103.0,"tensor(-15.3672, dtype=torch.float16);tensor(-11.7500, dtype=torch.float16);tensor(-1.9297, dtype=torch.float16);tensor(-0.3750, dtype=torch.float16);tensor(-3.1719, dtype=torch.float16);tensor(-1.5156, dtype=torch.float16);tensor(-0.1719, dtype=torch.float16);tensor(0., dtype=torch.float16);tensor(-1.5469, dtype=torch.float16);tensor(-4.3203, dtype=torch.float16);tensor(-1.9375, dtype=torch.float16);tensor(-1.8516, dtype=torch.float16);tensor(-3.2266, dtype=torch.float16);tensor(-0.2500, dtype=torch.float16);tensor(0., dtype=torch.float16);tensor(-2.6641, dtype=torch.float16);tensor(-1.0938, dtype=torch.float16);tensor(-0.3750, dtype=torch.float16);tensor(-0.4531, dtype=torch.float16);tensor(0., dtype=torch.float16);tensor(0., dtype=torch.float16);tensor(-0.0312, dtype=torch.float16);tensor(-0.0156, dtype=torch.float16);tensor(0., dtype=torch.float16);tensor(-0.0156, dtype=torch.float16);tensor(-3.3906, dtype=torch.float16);tensor(-0.4375, dtype=torch.float16);tensor(-11.4141, dtype=torch.float16);tensor(-4.6797, dtype=torch.float16);tensor(0., dtype=torch.float16);tensor(-0.2188, dtype=torch.float16);tensor(-0.0156, dtype=torch.float16);tensor(0., dtype=torch.float16);tensor(-6.2656, dtype=torch.float16);tensor(-2.2812, dtype=torch.float16);tensor(-5.7188, dtype=torch.float16);tensor(0., dtype=torch.float16);tensor(-0.3281, dtype=torch.float16);tensor(0., dtype=torch.float16);tensor(-0.0156, dtype=torch.float16);tensor(-10.3906, dtype=torch.float16);tensor(-0.0234, dtype=torch.float16);tensor(-0.7109, dtype=torch.float16);tensor(-7.6914, dtype=torch.float16)","tensor(-15.3672, dtype=torch.float16);tensor(-11.7500, dtype=torch.float16);tensor(-1.9297, dtype=torch.float16);tensor(-0.3750, dtype=torch.float16);tensor(-3.1719, dtype=torch.float16);tensor(-1.5156, dtype=torch.float16);tensor(-4.1016, dtype=torch.float16);tensor(0., dtype=torch.float16);tensor(-1.4844, dtype=torch.float16);tensor(-3.8281, dtype=torch.float16);tensor(-6., dtype=torch.float16);tensor(0., dtype=torch.float16);tensor(-2.5391, dtype=torch.float16);tensor(-0.2188, dtype=torch.float16);tensor(0., dtype=torch.float16);tensor(-0.8750, dtype=torch.float16);tensor(-1.9141, dtype=torch.float16);tensor(-0.7344, dtype=torch.float16);tensor(-1.6250, dtype=torch.float16);tensor(0., dtype=torch.float16);tensor(0., dtype=torch.float16);tensor(-0.0312, dtype=torch.float16);tensor(0., dtype=torch.float16);tensor(0., dtype=torch.float16);tensor(-0.8125, dtype=torch.float16);tensor(-1.6250, dtype=torch.float16);tensor(-0.2344, dtype=torch.float16);tensor(-7.7031, dtype=torch.float16);tensor(-0.0156, dtype=torch.float16);tensor(-0.1562, dtype=torch.float16);tensor(0., dtype=torch.float16);tensor(0., dtype=torch.float16);tensor(0., dtype=torch.float16);tensor(-4.5859, dtype=torch.float16);tensor(-3.1172, dtype=torch.float16);tensor(-8.2344, dtype=torch.float16);tensor(0., dtype=torch.float16);tensor(-0.2188, dtype=torch.float16);tensor(0., dtype=torch.float16);tensor(-0.0938, dtype=torch.float16);tensor(-11.1875, dtype=torch.float16);tensor(-0.3438, dtype=torch.float16);tensor(-0.4141, dtype=torch.float16);tensor(-6.7969, dtype=torch.float16)",epitome_rm
1,Bernard,explicit,"One evening, Megan finds out that her sister Lauren wants to go out with a boy in her Biology class, Stephen. Megan tells Lauren that Stephen used to be best friends with a boy called Chris, who is now Megan’s best friend. Lauren tells Megan that she saw Stephen smiling and flirting with their cousin, Elaine, and so she thinks Stephen might want to go out with Elaine. Because Lauren thinks Stephen likes someone else, she is too nervous to ask him out.
Megan talks to Elaine at school and finds out that Elaine actually wants to go out with Bernard, whom Megan knows from the school play. Megan learns that Elaine and Bernard are next-door neighbours, and that Bernard thinks that Elaine doesn’t know him well enough to date. Elaine tells Megan that Stephen knows how Elaine feels about Bernard and how Bernard feels about Elaine.
Megan later talks to her friend Chris about the situation, realizing that if Lauren knew about Elaine’s situation, and knew that Stephen knows about it too, Lauren would realize that Stephen doesn’t want to go out with Elaine, and might work up the courage to ask him out. Megan plans to tell Lauren about everything that evening.",explicit,control,6,"Elaine lives next door to Bernard, who acted in the play with Megan, who is the best friend of Chris, who used to be best friends with Stephen, who takes Biology with Lauren, who is Megan’s sister","Elaine lives next door to Bernard, who is the best friend of Chris, who used to be best friends with Stephen, who was in the play with Lauren’s sister Megan, who has Biology with Elaine",a,-1.984375,-2.291015625,-105.125,-114.5625,"tensor(-11.1875, dtype=torch.float16);tensor(0., dtype=torch.float16);tensor(-11.1719, dtype=torch.float16);tensor(-0.5938, dtype=torch.float16);tensor(-0.1094, dtype=torch.float16);tensor(-0.0312, dtype=torch.float16);tensor(-2.3984, dtype=torch.float16);tensor(-1.1641, dtype=torch.float16);tensor(-1.7031, dtype=torch.float16);tensor(-13.4531, dtype=torch.float16);tensor(-0.0938, dtype=torch.float16);tensor(-0.1406, dtype=torch.float16);tensor(-4.0156, dtype=torch.float16);tensor(-0.5312, dtype=torch.float16);tensor(-0.0938, dtype=torch.float16);tensor(0., dtype=torch.float16);tensor(-2.5781, dtype=torch.float16);tensor(-3.0312, dtype=torch.float16);tensor(-0.4375, dtype=torch.float16);tensor(-4.3828, dtype=torch.float16);tensor(-0.9922, dtype=torch.float16);tensor(-0.0156, dtype=torch.float16);tensor(0., dtype=torch.float16);tensor(-2.8281, dtype=torch.float16);tensor(-0.5781, dtype=torch.float16);tensor(-0.1250, dtype=torch.float16);tensor(-0.3438, dtype=torch.float16);tensor(0., dtype=torch.float16);tensor(0., dtype=torch.float16);tensor(-0.0469, dtype=torch.float16);tensor(-0.0156, dtype=torch.float16);tensor(0., dtype=torch.float16);tensor(-0.0156, dtype=torch.float16);tensor(-2.5625, dtype=torch.float16);tensor(-0.2344, dtype=torch.float16);tensor(-11.4844, dtype=torch.float16);tensor(-4.7891, dtype=torch.float16);tensor(0., dtype=torch.float16);tensor(-0.2188, dtype=torch.float16);tensor(-0.0312, dtype=torch.float16);tensor(0., dtype=torch.float16);tensor(-2.6250, dtype=torch.float16);tensor(-0.5000, dtype=torch.float16);tensor(-1.3750, dtype=torch.float16);tensor(-0.7812, dtype=torch.float16);tensor(0., dtype=torch.float16);tensor(-0.2031, dtype=torch.float16);tensor(0., dtype=torch.float16);tensor(-0.0156, dtype=torch.float16);tensor(-11.6641, dtype=torch.float16);tensor(-0.0547, dtype=torch.float16);tensor(-0.3359, dtype=torch.float16);tensor(-6.2031, dtype=torch.float16)","tensor(-11.1875, dtype=torch.float16);tensor(0., dtype=torch.float16);tensor(-11.1719, dtype=torch.float16);tensor(-0.5938, dtype=torch.float16);tensor(-0.1094, dtype=torch.float16);tensor(-0.0312, dtype=torch.float16);tensor(-2.3984, dtype=torch.float16);tensor(-1.1641, dtype=torch.float16);tensor(-1.7031, dtype=torch.float16);tensor(-1.7188, dtype=torch.float16);tensor(-3.0938, dtype=torch.float16);tensor(-1.5938, dtype=torch.float16);tensor(-0.0625, dtype=torch.float16);tensor(0., dtype=torch.float16);tensor(-1.2500, dtype=torch.float16);tensor(-1.5391, dtype=torch.float16);tensor(-0.7344, dtype=torch.float16);tensor(-3.2188, dtype=torch.float16);tensor(0., dtype=torch.float16);tensor(0., dtype=torch.float16);tensor(-0.1562, dtype=torch.float16);tensor(-0.0156, dtype=torch.float16);tensor(0., dtype=torch.float16);tensor(-0.0156, dtype=torch.float16);tensor(-2., dtype=torch.float16);tensor(-0.2031, dtype=torch.float16);tensor(-6.2969, dtype=torch.float16);tensor(-2.8750, dtype=torch.float16);tensor(-1., dtype=torch.float16);tensor(-6.9453, dtype=torch.float16);tensor(-0.0156, dtype=torch.float16);tensor(-3.2969, dtype=torch.float16);tensor(0., dtype=torch.float16);tensor(-6.8828, dtype=torch.float16);tensor(0., dtype=torch.float16);tensor(-0.3594, dtype=torch.float16);tensor(-0.9062, dtype=torch.float16);tensor(0., dtype=torch.float16);tensor(-3.2578, dtype=torch.float16);tensor(-0.4531, dtype=torch.float16);tensor(-2.8281, dtype=torch.float16);tensor(-14.0938, dtype=torch.float16);tensor(0., dtype=torch.float16);tensor(-1.9062, dtype=torch.float16);tensor(-2.1719, dtype=torch.float16);tensor(0., dtype=torch.float16);tensor(-10.6484, dtype=torch.float16);tensor(-0.1484, dtype=torch.float16);tensor(-0.3125, dtype=torch.float16);tensor(-6.1758, dtype=torch.float16)",epitome_rm
1,Bernard,explicit,"One evening, Megan finds out that her sister Lauren wants to go out with a boy in her Biology class, Stephen. Megan tells Lauren that Stephen used to be best friends with a boy called Chris, who is now Megan’s best friend. Lauren tells Megan that she saw Stephen smiling and flirting with their cousin, Elaine, and so she thinks Stephen might want to go out with Elaine. Because Lauren thinks Stephen likes someone else, she is too nervous to ask him out.
Megan talks to Elaine at school and finds out that Elaine actually wants to go out with Bernard, whom Megan knows from the school play. Megan learns that Elaine and Bernard are next-door neighbours, and that Bernard thinks that Elaine doesn’t know him well enough to date. Elaine tells Megan that Stephen knows how Elaine feels about Bernard and how Bernard feels about Elaine.
Megan later talks to her friend Chris about the situation, realizing that if Lauren knew about Elaine’s situation, and knew that Stephen knows about it too, Lauren would realize that Stephen doesn’t want to go out with Elaine, and might work up the courage to ask him out. Megan plans to tell Lauren about everything that evening.",explicit,control,7,"Megan’s cousin is Elaine, who lives next door to Bernard, who acted in the play with Megan, who is the best friend of Chris, who used to be best friends with Stephen, who has Biology with Megan’s sister Lauren","Megan’s cousin is Elaine, who has Biology with Bernard, who acted in the play with Stephen, who used to go out with Megan, who is the best friend of Chris, who has Biology with Megan’s sister Lauren",a,-2.06640625,-2.599609375,-119.875,-148.125,"tensor(-6.3750, dtype=torch.float16);tensor(0., dtype=torch.float16);tensor(-2.3359, dtype=torch.float16);tensor(0., dtype=torch.float16);tensor(-6.3984, dtype=torch.float16);tensor(-5.5781, dtype=torch.float16);tensor(-0.8438, dtype=torch.float16);tensor(0., dtype=torch.float16);tensor(-1.4062, dtype=torch.float16);tensor(-1.9062, dtype=torch.float16);tensor(-7.1953, dtype=torch.float16);tensor(-0.0156, dtype=torch.float16);tensor(-0.1719, dtype=torch.float16);tensor(-0.0156, dtype=torch.float16);tensor(-0.4688, dtype=torch.float16);tensor(-2.2891, dtype=torch.float16);tensor(-1.0781, dtype=torch.float16);tensor(-14.6250, dtype=torch.float16);tensor(-0.1250, dtype=torch.float16);tensor(-0.0938, dtype=torch.float16);tensor(-4.1875, dtype=torch.float16);tensor(-0.2188, dtype=torch.float16);tensor(-0.0469, dtype=torch.float16);tensor(0., dtype=torch.float16);tensor(-3.3984, dtype=torch.float16);tensor(-2.2734, dtype=torch.float16);tensor(-0.7188, dtype=torch.float16);tensor(-6.1172, dtype=torch.float16);tensor(-0.8594, dtype=torch.float16);tensor(0., dtype=torch.float16);tensor(0., dtype=torch.float16);tensor(-0.8438, dtype=torch.float16);tensor(-0.3594, dtype=torch.float16);tensor(-0.0938, dtype=torch.float16);tensor(-0.4531, dtype=torch.float16);tensor(0., dtype=torch.float16);tensor(0., dtype=torch.float16);tensor(-0.1094, dtype=torch.float16);tensor(-0.0156, dtype=torch.float16);tensor(0., dtype=torch.float16);tensor(-0.0312, dtype=torch.float16);tensor(-2.4688, dtype=torch.float16);tensor(-0.2812, dtype=torch.float16);tensor(-5.1406, dtype=torch.float16);tensor(-14.9375, dtype=torch.float16);tensor(0., dtype=torch.float16);tensor(-2.2656, dtype=torch.float16);tensor(-4.4531, dtype=torch.float16);tensor(0., dtype=torch.float16);tensor(-0.9219, dtype=torch.float16);tensor(0., dtype=torch.float16);tensor(0., dtype=torch.float16);tensor(-0.0312, dtype=torch.float16);tensor(0., dtype=torch.float16);tensor(-10.9922, dtype=torch.float16);tensor(-0.0234, dtype=torch.float16);tensor(-0.7500, dtype=torch.float16);tensor(-6.9805, dtype=torch.float16)","tensor(-6.3750, dtype=torch.float16);tensor(0., dtype=torch.float16);tensor(-2.3359, dtype=torch.float16);tensor(0., dtype=torch.float16);tensor(-6.3984, dtype=torch.float16);tensor(-5.5781, dtype=torch.float16);tensor(-0.8438, dtype=torch.float16);tensor(0., dtype=torch.float16);tensor(-1.4062, dtype=torch.float16);tensor(-1.9062, dtype=torch.float16);tensor(-2.8906, dtype=torch.float16);tensor(-16.3438, dtype=torch.float16);tensor(0., dtype=torch.float16);tensor(-1.3750, dtype=torch.float16);tensor(-9.9297, dtype=torch.float16);tensor(-1.8516, dtype=torch.float16);tensor(-1.5938, dtype=torch.float16);tensor(-13.5156, dtype=torch.float16);tensor(-0.0469, dtype=torch.float16);tensor(-0.1406, dtype=torch.float16);tensor(-3.2969, dtype=torch.float16);tensor(-0.2500, dtype=torch.float16);tensor(-8.0781, dtype=torch.float16);tensor(-1.5625, dtype=torch.float16);tensor(-0.4375, dtype=torch.float16);tensor(-0.9141, dtype=torch.float16);tensor(0., dtype=torch.float16);tensor(-8.2734, dtype=torch.float16);tensor(-0.4688, dtype=torch.float16);tensor(0., dtype=torch.float16);tensor(-0.7500, dtype=torch.float16);tensor(0., dtype=torch.float16);tensor(-4.1406, dtype=torch.float16);tensor(-0.7188, dtype=torch.float16);tensor(-1.0156, dtype=torch.float16);tensor(-5.5625, dtype=torch.float16);tensor(-2.1797, dtype=torch.float16);tensor(-0.0156, dtype=torch.float16);tensor(-0.0156, dtype=torch.float16);tensor(-1.5469, dtype=torch.float16);tensor(-1.1875, dtype=torch.float16);tensor(-0.1250, dtype=torch.float16);tensor(-3.3750, dtype=torch.float16);tensor(-5.0312, dtype=torch.float16);tensor(0., dtype=torch.float16);tensor(0., dtype=torch.float16);tensor(-4.6172, dtype=torch.float16);tensor(0., dtype=torch.float16);tensor(-3.5312, dtype=torch.float16);tensor(0., dtype=torch.float16);tensor(0., dtype=torch.float16);tensor(-0.0312, dtype=torch.float16);tensor(0., dtype=torch.float16);tensor(-10.3516, dtype=torch.float16);tensor(-0.0625, dtype=torch.float16);tensor(-0.7578, dtype=torch.float16);tensor(-7.3242, dtype=torch.float16)",epitome_rm
1,Bernard,explicit,"One evening, Megan finds out that her sister Lauren wants to go out with a boy in her Biology class, Stephen. Megan tells Lauren that Stephen used to be best friends with a boy called Chris, who is now Megan’s best friend. Lauren tells Megan that she saw Stephen smiling and flirting with their cousin, Elaine, and so she thinks Stephen might want to go out with Elaine. Because Lauren thinks Stephen likes someone else, she is too nervous to ask him out.
Megan talks to Elaine at school and finds out that Elaine actually wants to go out with Bernard, whom Megan knows from the school play. Megan learns that Elaine and Bernard are next-door neighbours, and that Bernard thinks that Elaine doesn’t know him well enough to date. Elaine tells Megan that Stephen knows how Elaine feels about Bernard and how Bernard feels about Elaine.
Megan later talks to her friend Chris about the situation, realizing that if Lauren knew about Elaine’s situation, and knew that Stephen knows about it too, Lauren would realize that Stephen doesn’t want to go out with Elaine, and might work up the courage to ask him out. Megan plans to tell Lauren about everything that evening.",implicit,mental,1,"Elaine: Ahhh, there goes Bernard, he’s so cute...can’t remember the last time I liked someone so much.","Elaine: Ahhh, there goes Stephen, he’s so cute...can’t remember the last time I liked someone so much.",a,-3.271484375,-3.359375,-111.1875,-114.25,"tensor(-11.1719, dtype=torch.float16);tensor(0., dtype=torch.float16);tensor(-10.5938, dtype=torch.float16);tensor(-9.0938, dtype=torch.float16);tensor(-6.3672, dtype=torch.float16);tensor(-0.9531, dtype=torch.float16);tensor(-5.6484, dtype=torch.float16);tensor(-3.4141, dtype=torch.float16);tensor(-2.1328, dtype=torch.float16);tensor(-2.5078, dtype=torch.float16);tensor(-0.9531, dtype=torch.float16);tensor(-0.6406, dtype=torch.float16);tensor(0., dtype=torch.float16);tensor(-0.7188, dtype=torch.float16);tensor(-0.3906, dtype=torch.float16);tensor(0., dtype=torch.float16);tensor(-7.6406, dtype=torch.float16);tensor(-8.6094, dtype=torch.float16);tensor(-2.0625, dtype=torch.float16);tensor(0., dtype=torch.float16);tensor(-7.3750, dtype=torch.float16);tensor(-0.3594, dtype=torch.float16);tensor(0., dtype=torch.float16);tensor(0., dtype=torch.float16);tensor(-0.2812, dtype=torch.float16);tensor(-10.2969, dtype=torch.float16);tensor(-0.9375, dtype=torch.float16);tensor(-1.8125, dtype=torch.float16);tensor(0., dtype=torch.float16);tensor(-1., dtype=torch.float16);tensor(-7.0469, dtype=torch.float16);tensor(-1.3125, dtype=torch.float16);tensor(-0.0703, dtype=torch.float16);tensor(-7.8086, dtype=torch.float16)","tensor(-11.1719, dtype=torch.float16);tensor(0., dtype=torch.float16);tensor(-10.5938, dtype=torch.float16);tensor(-9.0938, dtype=torch.float16);tensor(-6.3672, dtype=torch.float16);tensor(-0.9531, dtype=torch.float16);tensor(-5.6484, dtype=torch.float16);tensor(-3.4141, dtype=torch.float16);tensor(-5.6484, dtype=torch.float16);tensor(-2.4219, dtype=torch.float16);tensor(-0.9062, dtype=torch.float16);tensor(-0.5781, dtype=torch.float16);tensor(0., dtype=torch.float16);tensor(-0.5078, dtype=torch.float16);tensor(-0.2188, dtype=torch.float16);tensor(0., dtype=torch.float16);tensor(-7.9766, dtype=torch.float16);tensor(-8.9453, dtype=torch.float16);tensor(-2.1094, dtype=torch.float16);tensor(0., dtype=torch.float16);tensor(-8.0078, dtype=torch.float16);tensor(-0.2344, dtype=torch.float16);tensor(0., dtype=torch.float16);tensor(0., dtype=torch.float16);tensor(-0.1875, dtype=torch.float16);tensor(-10.2734, dtype=torch.float16);tensor(-1.3594, dtype=torch.float16);tensor(-1.8750, dtype=torch.float16);tensor(0., dtype=torch.float16);tensor(-0.9453, dtype=torch.float16);tensor(-6.3125, dtype=torch.float16);tensor(-1.2969, dtype=torch.float16);tensor(-0.0859, dtype=torch.float16);tensor(-7.0938, dtype=torch.float16)",epitome_rm
1,Bernard,explicit,"One evening, Megan finds out that her sister Lauren wants to go out with a boy in her Biology class, Stephen. Megan tells Lauren that Stephen used to be best friends with a boy called Chris, who is now Megan’s best friend. Lauren tells Megan that she saw Stephen smiling and flirting with their cousin, Elaine, and so she thinks Stephen might want to go out with Elaine. Because Lauren thinks Stephen likes someone else, she is too nervous to ask him out.
Megan talks to Elaine at school and finds out that Elaine actually wants to go out with Bernard, whom Megan knows from the school play. Megan learns that Elaine and Bernard are next-door neighbours, and that Bernard thinks that Elaine doesn’t know him well enough to date. Elaine tells Megan that Stephen knows how Elaine feels about Bernard and how Bernard feels about Elaine.
Megan later talks to her friend Chris about the situation, realizing that if Lauren knew about Elaine’s situation, and knew that Stephen knows about it too, Lauren would realize that Stephen doesn’t want to go out with Elaine, and might work up the courage to ask him out. Megan plans to tell Lauren about everything that evening.",implicit,mental,2,"Chris: I heard your sister wants to ask Stephen out!
Megan: What? She hasn’t told me that!","Chris: Lauren told me today that she wants to ask Stephen out.
Megan: Oh, yeah, she told me about it last night.",b,-2.755859375,-2.986328125,-99.1875,-92.5625,"tensor(-12.7734, dtype=torch.float16);tensor(-9.6641, dtype=torch.float16);tensor(-9.0781, dtype=torch.float16);tensor(0., dtype=torch.float16);tensor(-6.7266, dtype=torch.float16);tensor(-0.7031, dtype=torch.float16);tensor(-7.4297, dtype=torch.float16);tensor(-0.0469, dtype=torch.float16);tensor(-0.0469, dtype=torch.float16);tensor(-2.5078, dtype=torch.float16);tensor(0., dtype=torch.float16);tensor(-1.1250, dtype=torch.float16);tensor(-0.0781, dtype=torch.float16);tensor(0., dtype=torch.float16);tensor(-1.0625, dtype=torch.float16);tensor(-1.1406, dtype=torch.float16);tensor(-0.7422, dtype=torch.float16);tensor(0., dtype=torch.float16);tensor(0., dtype=torch.float16);tensor(-0.0156, dtype=torch.float16);tensor(-2.6406, dtype=torch.float16);tensor(-2.1875, dtype=torch.float16);tensor(-2.5859, dtype=torch.float16);tensor(-6.2891, dtype=torch.float16);tensor(-2.6484, dtype=torch.float16);tensor(-0.2969, dtype=torch.float16);tensor(0., dtype=torch.float16);tensor(-2.5625, dtype=torch.float16);tensor(-2.6250, dtype=torch.float16);tensor(-4.7500, dtype=torch.float16);tensor(0., dtype=torch.float16);tensor(-0.2031, dtype=torch.float16);tensor(-7.3281, dtype=torch.float16);tensor(-5.0078, dtype=torch.float16);tensor(-0.1719, dtype=torch.float16);tensor(-6.7773, dtype=torch.float16)","tensor(-12.7734, dtype=torch.float16);tensor(-9.6641, dtype=torch.float16);tensor(-4.4219, dtype=torch.float16);tensor(-5.1016, dtype=torch.float16);tensor(-5.0938, dtype=torch.float16);tensor(-0.0312, dtype=torch.float16);tensor(-2.0312, dtype=torch.float16);tensor(0., dtype=torch.float16);tensor(-2.9062, dtype=torch.float16);tensor(-1.4531, dtype=torch.float16);tensor(0., dtype=torch.float16);tensor(-4.1953, dtype=torch.float16);tensor(-1.3984, dtype=torch.float16);tensor(-0.1562, dtype=torch.float16);tensor(0., dtype=torch.float16);tensor(0., dtype=torch.float16);tensor(-0.0156, dtype=torch.float16);tensor(-5.1250, dtype=torch.float16);tensor(-0.1719, dtype=torch.float16);tensor(-8.1641, dtype=torch.float16);tensor(-3.7656, dtype=torch.float16);tensor(-0.0938, dtype=torch.float16);tensor(0., dtype=torch.float16);tensor(-0.1406, dtype=torch.float16);tensor(-0.0156, dtype=torch.float16);tensor(-4.6875, dtype=torch.float16);tensor(-0.1719, dtype=torch.float16);tensor(-7.6016, dtype=torch.float16);tensor(-5.3047, dtype=torch.float16);tensor(-0.2266, dtype=torch.float16);tensor(-7.8672, dtype=torch.float16)",epitome_rm
1,Bernard,explicit,"One evening, Megan finds out that her sister Lauren wants to go out with a boy in her Biology class, Stephen. Megan tells Lauren that Stephen used to be best friends with a boy called Chris, who is now Megan’s best friend. Lauren tells Megan that she saw Stephen smiling and flirting with their cousin, Elaine, and so she thinks Stephen might want to go out with Elaine. Because Lauren thinks Stephen likes someone else, she is too nervous to ask him out.
Megan talks to Elaine at school and finds out that Elaine actually wants to go out with Bernard, whom Megan knows from the school play. Megan learns that Elaine and Bernard are next-door neighbours, and that Bernard thinks that Elaine doesn’t know him well enough to date. Elaine tells Megan that Stephen knows how Elaine feels about Bernard and how Bernard feels about Elaine.
Megan later talks to her friend Chris about the situation, realizing that if Lauren knew about Elaine’s situation, and knew that Stephen knows about it too, Lauren would realize that Stephen doesn’t want to go out with Elaine, and might work up the courage to ask him out. Megan plans to tell Lauren about everything that evening.",implicit,mental,3,"Elaine: I worked up the guts to ask Bernard out today. He said no, but I have no idea why he won’t go out with me.",Elaine: I worked up the guts to ask Bernard out today. He said no. He reckons I don’t know him well enough.,b,-2.74609375,-2.650390625,-96.125,-100.6875,"tensor(-11.1875, dtype=torch.float16);tensor(0., dtype=torch.float16);tensor(-10.6016, dtype=torch.float16);tensor(-3.0078, dtype=torch.float16);tensor(-10.4922, dtype=torch.float16);tensor(-0.5312, dtype=torch.float16);tensor(-0.0312, dtype=torch.float16);tensor(-7.9297, dtype=torch.float16);tensor(0., dtype=torch.float16);tensor(-0.0156, dtype=torch.float16);tensor(-0.4375, dtype=torch.float16);tensor(-0.5000, dtype=torch.float16);tensor(-1.0156, dtype=torch.float16);tensor(-3.8516, dtype=torch.float16);tensor(-1.3594, dtype=torch.float16);tensor(-2.0547, dtype=torch.float16);tensor(-0.1719, dtype=torch.float16);tensor(-1.0781, dtype=torch.float16);tensor(-0.7188, dtype=torch.float16);tensor(-3.8359, dtype=torch.float16);tensor(-9.8594, dtype=torch.float16);tensor(0., dtype=torch.float16);tensor(-0.9531, dtype=torch.float16);tensor(-0.0312, dtype=torch.float16);tensor(-0.2188, dtype=torch.float16);tensor(0., dtype=torch.float16);tensor(-0.0156, dtype=torch.float16);tensor(0., dtype=torch.float16);tensor(0., dtype=torch.float16);tensor(0., dtype=torch.float16);tensor(-1.0469, dtype=torch.float16);tensor(-8.7188, dtype=torch.float16);tensor(-7.3164, dtype=torch.float16);tensor(-0.3984, dtype=torch.float16);tensor(-8.7578, dtype=torch.float16)","tensor(-11.1875, dtype=torch.float16);tensor(0., dtype=torch.float16);tensor(-10.6016, dtype=torch.float16);tensor(-3.0078, dtype=torch.float16);tensor(-10.4922, dtype=torch.float16);tensor(-0.5312, dtype=torch.float16);tensor(-0.0312, dtype=torch.float16);tensor(-7.9297, dtype=torch.float16);tensor(0., dtype=torch.float16);tensor(-0.0156, dtype=torch.float16);tensor(-0.4375, dtype=torch.float16);tensor(-0.5000, dtype=torch.float16);tensor(-1.0156, dtype=torch.float16);tensor(-3.8516, dtype=torch.float16);tensor(-1.3594, dtype=torch.float16);tensor(-2.0547, dtype=torch.float16);tensor(-0.1719, dtype=torch.float16);tensor(-1.0781, dtype=torch.float16);tensor(-1.2812, dtype=torch.float16);tensor(-0.2969, dtype=torch.float16);tensor(-0.6406, dtype=torch.float16);tensor(-4.8047, dtype=torch.float16);tensor(-4.2656, dtype=torch.float16);tensor(-0.6875, dtype=torch.float16);tensor(-0.2344, dtype=torch.float16);tensor(-5.4141, dtype=torch.float16);tensor(-7.0078, dtype=torch.float16);tensor(-0.2812, dtype=torch.float16);tensor(0., dtype=torch.float16);tensor(-2.1562, dtype=torch.float16);tensor(-0.0156, dtype=torch.float16);tensor(0., dtype=torch.float16);tensor(0., dtype=torch.float16);tensor(-0.5156, dtype=torch.float16);tensor(-8.5078, dtype=torch.float16);tensor(-2.0781, dtype=torch.float16);tensor(-0.2969, dtype=torch.float16);tensor(-7.9609, dtype=torch.float16)",epitome_rm
1,Bernard,explicit,"One evening, Megan finds out that her sister Lauren wants to go out with a boy in her Biology class, Stephen. Megan tells Lauren that Stephen used to be best friends with a boy called Chris, who is now Megan’s best friend. Lauren tells Megan that she saw Stephen smiling and flirting with their cousin, Elaine, and so she thinks Stephen might want to go out with Elaine. Because Lauren thinks Stephen likes someone else, she is too nervous to ask him out.
Megan talks to Elaine at school and finds out that Elaine actually wants to go out with Bernard, whom Megan knows from the school play. Megan learns that Elaine and Bernard are next-door neighbours, and that Bernard thinks that Elaine doesn’t know him well enough to date. Elaine tells Megan that Stephen knows how Elaine feels about Bernard and how Bernard feels about Elaine.
Megan later talks to her friend Chris about the situation, realizing that if Lauren knew about Elaine’s situation, and knew that Stephen knows about it too, Lauren would realize that Stephen doesn’t want to go out with Elaine, and might work up the courage to ask him out. Megan plans to tell Lauren about everything that evening.",implicit,mental,4,"Megan: Hey, Stephen, I thought you should know something.
Stephen: Yeah?
Megan: It’s about Elaine – you know she has a thing for Bernard?
Stephen:Yeah, and he doesn’t want to go out with her because he thinks she doesn’t know him enough? Poor girl, she was crushed when she found out.","Megan: Oh, I have some hot gossip – did you hear about Elaine?Stephen:No – what about her? Megan: She’s really into Bernard, but Bernard doesn’t like her back because he thinks Elaine doesn’t know him well enough.Stephen:Seriously? That’s a weird reason not to go out with someone. Why didn’t Elaine tell me about this?",a,-1.9912109375,-2.263671875,-175.25,-215.125,"tensor(-6.3672, dtype=torch.float16);tensor(0., dtype=torch.float16);tensor(-5.5234, dtype=torch.float16);tensor(-0.9922, dtype=torch.float16);tensor(-1.5312, dtype=torch.float16);tensor(-10.1406, dtype=torch.float16);tensor(-2.6328, dtype=torch.float16);tensor(-1.3047, dtype=torch.float16);tensor(-7.5000, dtype=torch.float16);tensor(-0.0312, dtype=torch.float16);tensor(-2.4141, dtype=torch.float16);tensor(0., dtype=torch.float16);tensor(-5.5469, dtype=torch.float16);tensor(-0.2188, dtype=torch.float16);tensor(-1.3359, dtype=torch.float16);tensor(-0.9453, dtype=torch.float16);tensor(0., dtype=torch.float16);tensor(0., dtype=torch.float16);tensor(-2.9766, dtype=torch.float16);tensor(-0.3594, dtype=torch.float16);tensor(-4.6250, dtype=torch.float16);tensor(0., dtype=torch.float16);tensor(0., dtype=torch.float16);tensor(0., dtype=torch.float16);tensor(0., dtype=torch.float16);tensor(-5.8594, dtype=torch.float16);tensor(-0.5000, dtype=torch.float16);tensor(0., dtype=torch.float16);tensor(0., dtype=torch.float16);tensor(-0.2500, dtype=torch.float16);tensor(0., dtype=torch.float16);tensor(-9.5000, dtype=torch.float16);tensor(-2.2969, dtype=torch.float16);tensor(-0.0156, dtype=torch.float16);tensor(-3.1875, dtype=torch.float16);tensor(-1.3906, dtype=torch.float16);tensor(-0.0156, dtype=torch.float16);tensor(-3.6719, dtype=torch.float16);tensor(0., dtype=torch.float16);tensor(0., dtype=torch.float16);tensor(-3.3438, dtype=torch.float16);tensor(-0.0156, dtype=torch.float16);tensor(0., dtype=torch.float16);tensor(0., dtype=torch.float16);tensor(-0.0156, dtype=torch.float16);tensor(-7.9062, dtype=torch.float16);tensor(0., dtype=torch.float16);tensor(0., dtype=torch.float16);tensor(-0.0938, dtype=torch.float16);tensor(-5.8125, dtype=torch.float16);tensor(-3.7188, dtype=torch.float16);tensor(-5.4219, dtype=torch.float16);tensor(-0.0469, dtype=torch.float16);tensor(0., dtype=torch.float16);tensor(-2.1562, dtype=torch.float16);tensor(-0.0156, dtype=torch.float16);tensor(-0.2500, dtype=torch.float16);tensor(0., dtype=torch.float16);tensor(0., dtype=torch.float16);tensor(0., dtype=torch.float16);tensor(-0.5781, dtype=torch.float16);tensor(-0.3906, dtype=torch.float16);tensor(-0.9531, dtype=torch.float16);tensor(0., dtype=torch.float16);tensor(0., dtype=torch.float16);tensor(0., dtype=torch.float16);tensor(0., dtype=torch.float16);tensor(0., dtype=torch.float16);tensor(0., dtype=torch.float16);tensor(-7.5000, dtype=torch.float16);tensor(-3.2656, dtype=torch.float16);tensor(-13.6875, dtype=torch.float16);tensor(0., dtype=torch.float16);tensor(-4.7734, dtype=torch.float16);tensor(-3.1328, dtype=torch.float16);tensor(-0.6484, dtype=torch.float16);tensor(-6.1797, dtype=torch.float16);tensor(-3.5938, dtype=torch.float16);tensor(-0.0938, dtype=torch.float16);tensor(-1.5156, dtype=torch.float16);tensor(-1.9219, dtype=torch.float16);tensor(-0.0469, dtype=torch.float16);tensor(0., dtype=torch.float16);tensor(-0.2188, dtype=torch.float16);tensor(-8.6953, dtype=torch.float16);tensor(-3.3672, dtype=torch.float16);tensor(-0.0469, dtype=torch.float16);tensor(-4.6719, dtype=torch.float16)","tensor(-6.3672, dtype=torch.float16);tensor(0., dtype=torch.float16);tensor(-5.5234, dtype=torch.float16);tensor(-5.4922, dtype=torch.float16);tensor(-4.7500, dtype=torch.float16);tensor(-2.4844, dtype=torch.float16);tensor(-1.1719, dtype=torch.float16);tensor(-3.8516, dtype=torch.float16);tensor(-6.3594, dtype=torch.float16);tensor(-0.0156, dtype=torch.float16);tensor(0., dtype=torch.float16);tensor(0., dtype=torch.float16);tensor(-9.8281, dtype=torch.float16);tensor(-4.0469, dtype=torch.float16);tensor(-0.0156, dtype=torch.float16);tensor(-0.5938, dtype=torch.float16);tensor(-0.1875, dtype=torch.float16);tensor(-0.2969, dtype=torch.float16);tensor(0., dtype=torch.float16);tensor(-2.4062, dtype=torch.float16);tensor(-15.3047, dtype=torch.float16);tensor(-11.7188, dtype=torch.float16);tensor(-1.1094, dtype=torch.float16);tensor(-0.5859, dtype=torch.float16);tensor(-9.3750, dtype=torch.float16);tensor(-3.3750, dtype=torch.float16);tensor(-0.1719, dtype=torch.float16);tensor(-0.7500, dtype=torch.float16);tensor(-0.1406, dtype=torch.float16);tensor(0., dtype=torch.float16);tensor(-1.3438, dtype=torch.float16);tensor(0., dtype=torch.float16);tensor(-0.0312, dtype=torch.float16);tensor(-5.0625, dtype=torch.float16);tensor(-0.7031, dtype=torch.float16);tensor(0., dtype=torch.float16);tensor(-6.4062, dtype=torch.float16);tensor(-0.0156, dtype=torch.float16);tensor(-0.0156, dtype=torch.float16);tensor(-0.3125, dtype=torch.float16);tensor(-0.1094, dtype=torch.float16);tensor(-2.2969, dtype=torch.float16);tensor(-0.4844, dtype=torch.float16);tensor(-0.0312, dtype=torch.float16);tensor(0., dtype=torch.float16);tensor(-5.7031, dtype=torch.float16);tensor(0., dtype=torch.float16);tensor(-6.8359, dtype=torch.float16);tensor(-3.2969, dtype=torch.float16);tensor(-0.0938, dtype=torch.float16);tensor(-0.4688, dtype=torch.float16);tensor(-8.1797, dtype=torch.float16);tensor(0., dtype=torch.float16);tensor(0., dtype=torch.float16);tensor(0., dtype=torch.float16);tensor(0., dtype=torch.float16);tensor(0., dtype=torch.float16);tensor(0., dtype=torch.float16);tensor(-0.0312, dtype=torch.float16);tensor(0., dtype=torch.float16);tensor(-10.3047, dtype=torch.float16);tensor(-1.0234, dtype=torch.float16);tensor(0., dtype=torch.float16);tensor(-0.0156, dtype=torch.float16);tensor(-10.5938, dtype=torch.float16);tensor(0., dtype=torch.float16);tensor(-0.0156, dtype=torch.float16);tensor(-0.8906, dtype=torch.float16);tensor(-0.1250, dtype=torch.float16);tensor(0., dtype=torch.float16);tensor(-5.8516, dtype=torch.float16);tensor(-7.3047, dtype=torch.float16);tensor(-0.2500, dtype=torch.float16);tensor(-0.3594, dtype=torch.float16);tensor(0., dtype=torch.float16);tensor(-6.3906, dtype=torch.float16);tensor(-0.0156, dtype=torch.float16);tensor(0., dtype=torch.float16);tensor(-0.0156, dtype=torch.float16);tensor(-1.0156, dtype=torch.float16);tensor(-3.4062, dtype=torch.float16);tensor(-4.0078, dtype=torch.float16);tensor(0., dtype=torch.float16);tensor(0., dtype=torch.float16);tensor(-2.8125, dtype=torch.float16);tensor(0., dtype=torch.float16);tensor(-0.4844, dtype=torch.float16);tensor(-5.2188, dtype=torch.float16);tensor(-1.7344, dtype=torch.float16);tensor(-0.0781, dtype=torch.float16);tensor(-0.0156, dtype=torch.float16);tensor(-9.3125, dtype=torch.float16);tensor(-0.2734, dtype=torch.float16);tensor(-0.1250, dtype=torch.float16);tensor(-6.0859, dtype=torch.float16)",epitome_rm
1,Bernard,explicit,"One evening, Megan finds out that her sister Lauren wants to go out with a boy in her Biology class, Stephen. Megan tells Lauren that Stephen used to be best friends with a boy called Chris, who is now Megan’s best friend. Lauren tells Megan that she saw Stephen smiling and flirting with their cousin, Elaine, and so she thinks Stephen might want to go out with Elaine. Because Lauren thinks Stephen likes someone else, she is too nervous to ask him out.
Megan talks to Elaine at school and finds out that Elaine actually wants to go out with Bernard, whom Megan knows from the school play. Megan learns that Elaine and Bernard are next-door neighbours, and that Bernard thinks that Elaine doesn’t know him well enough to date. Elaine tells Megan that Stephen knows how Elaine feels about Bernard and how Bernard feels about Elaine.
Megan later talks to her friend Chris about the situation, realizing that if Lauren knew about Elaine’s situation, and knew that Stephen knows about it too, Lauren would realize that Stephen doesn’t want to go out with Elaine, and might work up the courage to ask him out. Megan plans to tell Lauren about everything that evening.",implicit,mental,5,"Megan: So Elaine told me today that she has a thing for Bernard, but Bernard doesn’t like her back because he thinks Elaine doesn’t know him well enough.Chris: Elaine has a thing for Bernard? But I saw her flirting with Stephen!Megan: Mm-hmm, and Stephen has no idea, either that Elaine likes Bernard, or that Bernard doesn’t like her back.Chris: Yikes, that’s not cool – she needs to tell him.","Megan: So Elaine told me today that she has a thing for Bernard, but Bernard doesn’t like her back because he thinks Elaine doesn’t know him well enough.Chris: Elaine has a thing for Bernard? But I saw her flirting with Stephen!Megan: Oh, yeah, he knows, she told him.Chris: Knows which bit?Megan: Knows that Elaine likes Bernard and that Bernard told Elaine that he won’t go out with her.",b,-2.375,-2.33984375,-275.5,-271.25,"tensor(-6.3672, dtype=torch.float16);tensor(0., dtype=torch.float16);tensor(-5.5312, dtype=torch.float16);tensor(-2.4219, dtype=torch.float16);tensor(-7.6094, dtype=torch.float16);tensor(0., dtype=torch.float16);tensor(-5.7188, dtype=torch.float16);tensor(0., dtype=torch.float16);tensor(-5.0625, dtype=torch.float16);tensor(-0.0156, dtype=torch.float16);tensor(-0.6719, dtype=torch.float16);tensor(-2.4453, dtype=torch.float16);tensor(-0.1250, dtype=torch.float16);tensor(-4.3516, dtype=torch.float16);tensor(0., dtype=torch.float16);tensor(-0.0156, dtype=torch.float16);tensor(-0.7656, dtype=torch.float16);tensor(-0.2500, dtype=torch.float16);tensor(-1.8125, dtype=torch.float16);tensor(-0.4062, dtype=torch.float16);tensor(-0.2188, dtype=torch.float16);tensor(0., dtype=torch.float16);tensor(-7.4297, dtype=torch.float16);tensor(-0.0781, dtype=torch.float16);tensor(-7.6250, dtype=torch.float16);tensor(-3.3125, dtype=torch.float16);tensor(-0.0625, dtype=torch.float16);tensor(-0.6875, dtype=torch.float16);tensor(-8.0391, dtype=torch.float16);tensor(0., dtype=torch.float16);tensor(0., dtype=torch.float16);tensor(-0.0156, dtype=torch.float16);tensor(0., dtype=torch.float16);tensor(0., dtype=torch.float16);tensor(0., dtype=torch.float16);tensor(-0.0312, dtype=torch.float16);tensor(0., dtype=torch.float16);tensor(-19.1094, dtype=torch.float16);tensor(-8.1875, dtype=torch.float16);tensor(0., dtype=torch.float16);tensor(0., dtype=torch.float16);tensor(-9.3828, dtype=torch.float16);tensor(0., dtype=torch.float16);tensor(-0.5312, dtype=torch.float16);tensor(-0.0156, dtype=torch.float16);tensor(-0.7500, dtype=torch.float16);tensor(0., dtype=torch.float16);tensor(0., dtype=torch.float16);tensor(-0.0469, dtype=torch.float16);tensor(-4.1953, dtype=torch.float16);tensor(-1.9141, dtype=torch.float16);tensor(-8.1016, dtype=torch.float16);tensor(-1.2500, dtype=torch.float16);tensor(-0.6562, dtype=torch.float16);tensor(0., dtype=torch.float16);tensor(0., dtype=torch.float16);tensor(0., dtype=torch.float16);tensor(0., dtype=torch.float16);tensor(-2.1875, dtype=torch.float16);tensor(-6.4531, dtype=torch.float16);tensor(-0.0312, dtype=torch.float16);tensor(0., dtype=torch.float16);tensor(0., dtype=torch.float16);tensor(0., dtype=torch.float16);tensor(-4.8594, dtype=torch.float16);tensor(-0.4062, dtype=torch.float16);tensor(-0.5469, dtype=torch.float16);tensor(-2.0781, dtype=torch.float16);tensor(-8.6172, dtype=torch.float16);tensor(-1.8828, dtype=torch.float16);tensor(-7.7422, dtype=torch.float16);tensor(-5.4922, dtype=torch.float16);tensor(-0.0156, dtype=torch.float16);tensor(-5.3281, dtype=torch.float16);tensor(-8.9141, dtype=torch.float16);tensor(-0.0312, dtype=torch.float16);tensor(0., dtype=torch.float16);tensor(0., dtype=torch.float16);tensor(-12.2969, dtype=torch.float16);tensor(0., dtype=torch.float16);tensor(-12.0234, dtype=torch.float16);tensor(-9.2969, dtype=torch.float16);tensor(-0.2656, dtype=torch.float16);tensor(-5.9062, dtype=torch.float16);tensor(-0.0156, dtype=torch.float16);tensor(0., dtype=torch.float16);tensor(0., dtype=torch.float16);tensor(-0.0156, dtype=torch.float16);tensor(-1.6406, dtype=torch.float16);tensor(0., dtype=torch.float16);tensor(-0.2031, dtype=torch.float16);tensor(-0.0312, dtype=torch.float16);tensor(0., dtype=torch.float16);tensor(-0.7188, dtype=torch.float16);tensor(0., dtype=torch.float16);tensor(0., dtype=torch.float16);tensor(-2.6406, dtype=torch.float16);tensor(-1.7031, dtype=torch.float16);tensor(-0.0156, dtype=torch.float16);tensor(-12.4375, dtype=torch.float16);tensor(-3.6250, dtype=torch.float16);tensor(0., dtype=torch.float16);tensor(-0.8125, dtype=torch.float16);tensor(-0.0156, dtype=torch.float16);tensor(-9.2188, dtype=torch.float16);tensor(-0.0469, dtype=torch.float16);tensor(0., dtype=torch.float16);tensor(-0.1406, dtype=torch.float16);tensor(0., dtype=torch.float16);tensor(0., dtype=torch.float16);tensor(-0.0156, dtype=torch.float16);tensor(-4.6016, dtype=torch.float16);tensor(-8.4062, dtype=torch.float16);tensor(-0.7891, dtype=torch.float16);tensor(-0.1484, dtype=torch.float16);tensor(-8.6719, dtype=torch.float16)","tensor(-6.3672, dtype=torch.float16);tensor(0., dtype=torch.float16);tensor(-5.5312, dtype=torch.float16);tensor(-2.4219, dtype=torch.float16);tensor(-7.6094, dtype=torch.float16);tensor(0., dtype=torch.float16);tensor(-5.7188, dtype=torch.float16);tensor(0., dtype=torch.float16);tensor(-5.0625, dtype=torch.float16);tensor(-0.0156, dtype=torch.float16);tensor(-0.6719, dtype=torch.float16);tensor(-2.4453, dtype=torch.float16);tensor(-0.1250, dtype=torch.float16);tensor(-4.3516, dtype=torch.float16);tensor(0., dtype=torch.float16);tensor(-0.0156, dtype=torch.float16);tensor(-0.7656, dtype=torch.float16);tensor(-0.2500, dtype=torch.float16);tensor(-1.8125, dtype=torch.float16);tensor(-0.4062, dtype=torch.float16);tensor(-0.2188, dtype=torch.float16);tensor(0., dtype=torch.float16);tensor(-7.4297, dtype=torch.float16);tensor(-0.0781, dtype=torch.float16);tensor(-7.6250, dtype=torch.float16);tensor(-3.3125, dtype=torch.float16);tensor(-0.0625, dtype=torch.float16);tensor(-0.6875, dtype=torch.float16);tensor(-8.0391, dtype=torch.float16);tensor(0., dtype=torch.float16);tensor(0., dtype=torch.float16);tensor(-0.0156, dtype=torch.float16);tensor(0., dtype=torch.float16);tensor(0., dtype=torch.float16);tensor(0., dtype=torch.float16);tensor(-0.0312, dtype=torch.float16);tensor(0., dtype=torch.float16);tensor(-19.1094, dtype=torch.float16);tensor(-8.1875, dtype=torch.float16);tensor(0., dtype=torch.float16);tensor(0., dtype=torch.float16);tensor(-9.3828, dtype=torch.float16);tensor(0., dtype=torch.float16);tensor(-0.5312, dtype=torch.float16);tensor(-0.0156, dtype=torch.float16);tensor(-0.7500, dtype=torch.float16);tensor(0., dtype=torch.float16);tensor(0., dtype=torch.float16);tensor(-0.0469, dtype=torch.float16);tensor(-4.1953, dtype=torch.float16);tensor(-1.9141, dtype=torch.float16);tensor(-8.1016, dtype=torch.float16);tensor(-1.2500, dtype=torch.float16);tensor(-0.6562, dtype=torch.float16);tensor(0., dtype=torch.float16);tensor(0., dtype=torch.float16);tensor(0., dtype=torch.float16);tensor(0., dtype=torch.float16);tensor(-2.1875, dtype=torch.float16);tensor(-6.4531, dtype=torch.float16);tensor(-0.0312, dtype=torch.float16);tensor(0., dtype=torch.float16);tensor(0., dtype=torch.float16);tensor(0., dtype=torch.float16);tensor(-13.7969, dtype=torch.float16);tensor(-2.0703, dtype=torch.float16);tensor(-1.3359, dtype=torch.float16);tensor(-0.9688, dtype=torch.float16);tensor(0., dtype=torch.float16);tensor(-1.8281, dtype=torch.float16);tensor(-1.4141, dtype=torch.float16);tensor(-2.0156, dtype=torch.float16);tensor(-8.6172, dtype=torch.float16);tensor(-10.1250, dtype=torch.float16);tensor(-0.0625, dtype=torch.float16);tensor(-5.8594, dtype=torch.float16);tensor(-6.5625, dtype=torch.float16);tensor(-6.1953, dtype=torch.float16);tensor(0., dtype=torch.float16);tensor(0., dtype=torch.float16);tensor(-0.2344, dtype=torch.float16);tensor(0., dtype=torch.float16);tensor(0., dtype=torch.float16);tensor(-2.7500, dtype=torch.float16);tensor(0., dtype=torch.float16);tensor(0., dtype=torch.float16);tensor(-5.4141, dtype=torch.float16);tensor(-1.6875, dtype=torch.float16);tensor(-0.0469, dtype=torch.float16);tensor(0., dtype=torch.float16);tensor(-0.0156, dtype=torch.float16);tensor(-0.0938, dtype=torch.float16);tensor(-0.0938, dtype=torch.float16);tensor(-6.0625, dtype=torch.float16);tensor(-0.1484, dtype=torch.float16);tensor(0., dtype=torch.float16);tensor(0., dtype=torch.float16);tensor(-7.6719, dtype=torch.float16);tensor(-0.0625, dtype=torch.float16);tensor(-1.0938, dtype=torch.float16);tensor(-0.5469, dtype=torch.float16);tensor(-0.1875, dtype=torch.float16);tensor(0., dtype=torch.float16);tensor(-8.1484, dtype=torch.float16);tensor(-4.2891, dtype=torch.float16);tensor(-8.0312, dtype=torch.float16);tensor(-4.1641, dtype=torch.float16);tensor(-4.5312, dtype=torch.float16);tensor(-0.0156, dtype=torch.float16);tensor(-1.4766, dtype=torch.float16);tensor(-0.0781, dtype=torch.float16);tensor(-3.7266, dtype=torch.float16);tensor(-9.0312, dtype=torch.float16);tensor(-0.8203, dtype=torch.float16);tensor(-0.1406, dtype=torch.float16);tensor(-6.0234, dtype=torch.float16)",epitome_rm
1,Bernard,explicit,"One evening, Megan finds out that her sister Lauren wants to go out with a boy in her Biology class, Stephen. Megan tells Lauren that Stephen used to be best friends with a boy called Chris, who is now Megan’s best friend. Lauren tells Megan that she saw Stephen smiling and flirting with their cousin, Elaine, and so she thinks Stephen might want to go out with Elaine. Because Lauren thinks Stephen likes someone else, she is too nervous to ask him out.
Megan talks to Elaine at school and finds out that Elaine actually wants to go out with Bernard, whom Megan knows from the school play. Megan learns that Elaine and Bernard are next-door neighbours, and that Bernard thinks that Elaine doesn’t know him well enough to date. Elaine tells Megan that Stephen knows how Elaine feels about Bernard and how Bernard feels about Elaine.
Megan later talks to her friend Chris about the situation, realizing that if Lauren knew about Elaine’s situation, and knew that Stephen knows about it too, Lauren would realize that Stephen doesn’t want to go out with Elaine, and might work up the courage to ask him out. Megan plans to tell Lauren about everything that evening.",implicit,mental,6,"Chris: Yeah, so Megan heard some juicy gossip today...Stephen too? Haha, I bet it’s the same gossip – they both know about this, anyway...So you know Elaine? She has a mega thing for Bernard...uh-huh...and Bernard told her – yeah, told Elaine – that he doesn’t want to go out with her because Elaine doesn’t know him well enough. I know, it’s weird, right? So, wait, you spoke to Megan earlier and asked her about Elaine and Stephen, and Megan
said she didn’t know anything about it? That’s weird, she definitely knows.","Chris: Yeah, so what’s this hot gossip? Elaine and Bernard? Why not? Because she doesn’t know him well enough? That’s weird...does Stephen know? Ok, that’s good, it would be really awful of Elaine if he didn’t. And Megan knows too? What? Has she heard that Stephen knows about all of it? That’s weird, Megan didn’t tell me anything.",a,-2.5859375,-2.83984375,-393.0,-281.25,"tensor(-12.7734, dtype=torch.float16);tensor(-9.6641, dtype=torch.float16);tensor(-4.2422, dtype=torch.float16);tensor(-0.0469, dtype=torch.float16);tensor(-6.5625, dtype=torch.float16);tensor(-3., dtype=torch.float16);tensor(0., dtype=torch.float16);tensor(-9.0938, dtype=torch.float16);tensor(-6.4062, dtype=torch.float16);tensor(-0.8984, dtype=torch.float16);tensor(0., dtype=torch.float16);tensor(-0.0156, dtype=torch.float16);tensor(0., dtype=torch.float16);tensor(-0.0156, dtype=torch.float16);tensor(-3.5469, dtype=torch.float16);tensor(-5.6016, dtype=torch.float16);tensor(-9.9062, dtype=torch.float16);tensor(0., dtype=torch.float16);tensor(-10.7500, dtype=torch.float16);tensor(-1.8125, dtype=torch.float16);tensor(-8.0078, dtype=torch.float16);tensor(-0.2891, dtype=torch.float16);tensor(-1., dtype=torch.float16);tensor(-1.7188, dtype=torch.float16);tensor(-3.7344, dtype=torch.float16);tensor(-5.5234, dtype=torch.float16);tensor(-1.5156, dtype=torch.float16);tensor(-0.0312, dtype=torch.float16);tensor(-4.2500, dtype=torch.float16);tensor(-0.2344, dtype=torch.float16);tensor(-4.7188, dtype=torch.float16);tensor(0., dtype=torch.float16);tensor(0., dtype=torch.float16);tensor(-6.8594, dtype=torch.float16);tensor(-5.2812, dtype=torch.float16);tensor(-3.3828, dtype=torch.float16);tensor(-2.3125, dtype=torch.float16);tensor(-0.6406, dtype=torch.float16);tensor(-8.8750, dtype=torch.float16);tensor(-6.3281, dtype=torch.float16);tensor(-8.2344, dtype=torch.float16);tensor(-1.7422, dtype=torch.float16);tensor(-4.2891, dtype=torch.float16);tensor(-3.7812, dtype=torch.float16);tensor(-1.4531, dtype=torch.float16);tensor(-1.6719, dtype=torch.float16);tensor(0., dtype=torch.float16);tensor(-1.8438, dtype=torch.float16);tensor(-3.1641, dtype=torch.float16);tensor(-5.2969, dtype=torch.float16);tensor(-0.0625, dtype=torch.float16);tensor(-11.0156, dtype=torch.float16);tensor(-0.0625, dtype=torch.float16);tensor(-8.4062, dtype=torch.float16);tensor(0., dtype=torch.float16);tensor(-0.0625, dtype=torch.float16);tensor(-2.0703, dtype=torch.float16);tensor(-5.5039, dtype=torch.float16);tensor(-0.8750, dtype=torch.float16);tensor(-0.7656, dtype=torch.float16);tensor(0., dtype=torch.float16);tensor(-0.3281, dtype=torch.float16);tensor(-1.2734, dtype=torch.float16);tensor(-1.9062, dtype=torch.float16);tensor(-7.7031, dtype=torch.float16);tensor(-3.3594, dtype=torch.float16);tensor(-6.6484, dtype=torch.float16);tensor(-4.6953, dtype=torch.float16);tensor(-0.1875, dtype=torch.float16);tensor(-4.2969, dtype=torch.float16);tensor(-7.7734, dtype=torch.float16);tensor(0., dtype=torch.float16);tensor(-0.7656, dtype=torch.float16);tensor(-0.1094, dtype=torch.float16);tensor(-0.0625, dtype=torch.float16);tensor(-1.9609, dtype=torch.float16);tensor(-0.0625, dtype=torch.float16);tensor(0., dtype=torch.float16);tensor(-0.9844, dtype=torch.float16);tensor(-0.0312, dtype=torch.float16);tensor(-0.2656, dtype=torch.float16);tensor(0., dtype=torch.float16);tensor(0., dtype=torch.float16);tensor(-0.0781, dtype=torch.float16);tensor(-1.8359, dtype=torch.float16);tensor(-7.4688, dtype=torch.float16);tensor(0., dtype=torch.float16);tensor(-0.2031, dtype=torch.float16);tensor(-0.0156, dtype=torch.float16);tensor(0., dtype=torch.float16);tensor(-0.0781, dtype=torch.float16);tensor(-0.0156, dtype=torch.float16);tensor(-0.0781, dtype=torch.float16);tensor(0., dtype=torch.float16);tensor(-1.0781, dtype=torch.float16);tensor(-3.8828, dtype=torch.float16);tensor(-1.0156, dtype=torch.float16);tensor(-0.3281, dtype=torch.float16);tensor(-2.1953, dtype=torch.float16);tensor(-0.1094, dtype=torch.float16);tensor(0., dtype=torch.float16);tensor(-4.4688, dtype=torch.float16);tensor(-0.8750, dtype=torch.float16);tensor(-0.2812, dtype=torch.float16);tensor(-0.0156, dtype=torch.float16);tensor(-3.0625, dtype=torch.float16);tensor(-1.4766, dtype=torch.float16);tensor(-4.9922, dtype=torch.float16);tensor(-0.3906, dtype=torch.float16);tensor(-2.1328, dtype=torch.float16);tensor(-9.6406, dtype=torch.float16);tensor(-0.0312, dtype=torch.float16);tensor(-8., dtype=torch.float16);tensor(0., dtype=torch.float16);tensor(-5.1641, dtype=torch.float16);tensor(-1.8125, dtype=torch.float16);tensor(-5.7969, dtype=torch.float16);tensor(-0.2031, dtype=torch.float16);tensor(-1.0469, dtype=torch.float16);tensor(-1.3672, dtype=torch.float16);tensor(0., dtype=torch.float16);tensor(-1.9766, dtype=torch.float16);tensor(-2.5859, dtype=torch.float16);tensor(-2.0391, dtype=torch.float16);tensor(-0.9844, dtype=torch.float16);tensor(-1.8750, dtype=torch.float16);tensor(0., dtype=torch.float16);tensor(-11.4531, dtype=torch.float16);tensor(-6.3047, dtype=torch.float16);tensor(0., dtype=torch.float16);tensor(-1.5312, dtype=torch.float16);tensor(-4.1250, dtype=torch.float16);tensor(-0.0312, dtype=torch.float16);tensor(0., dtype=torch.float16);tensor(-0.0312, dtype=torch.float16);tensor(-0.3750, dtype=torch.float16);tensor(-0.5781, dtype=torch.float16);tensor(-0.3438, dtype=torch.float16);tensor(-0.3594, dtype=torch.float16);tensor(-2.9922, dtype=torch.float16);tensor(-0.1250, dtype=torch.float16);tensor(0., dtype=torch.float16);tensor(-1.6250, dtype=torch.float16);tensor(-1.0625, dtype=torch.float16);tensor(-5.4688, dtype=torch.float16);tensor(-3.4844, dtype=torch.float16);tensor(-1.1094, dtype=torch.float16);tensor(-5.4062, dtype=torch.float16);tensor(-7.5312, dtype=torch.float16);tensor(-0.3672, dtype=torch.float16);tensor(-0.2969, dtype=torch.float16);tensor(-8.1250, dtype=torch.float16)","tensor(-12.7734, dtype=torch.float16);tensor(-9.6641, dtype=torch.float16);tensor(-4.2422, dtype=torch.float16);tensor(-0.0469, dtype=torch.float16);tensor(-6.5625, dtype=torch.float16);tensor(-1.1953, dtype=torch.float16);tensor(-0.7188, dtype=torch.float16);tensor(0., dtype=torch.float16);tensor(-8.0156, dtype=torch.float16);tensor(-8.9219, dtype=torch.float16);tensor(-0.4844, dtype=torch.float16);tensor(0., dtype=torch.float16);tensor(-0.0156, dtype=torch.float16);tensor(-2.2188, dtype=torch.float16);tensor(-9.6797, dtype=torch.float16);tensor(0., dtype=torch.float16);tensor(-2.2109, dtype=torch.float16);tensor(-0.0312, dtype=torch.float16);tensor(-0.7422, dtype=torch.float16);tensor(-6.1719, dtype=torch.float16);tensor(-7.9844, dtype=torch.float16);tensor(-0.1719, dtype=torch.float16);tensor(-8.5469, dtype=torch.float16);tensor(-4.5781, dtype=torch.float16);tensor(-0.6094, dtype=torch.float16);tensor(-0.0312, dtype=torch.float16);tensor(0., dtype=torch.float16);tensor(-0.0156, dtype=torch.float16);tensor(0., dtype=torch.float16);tensor(-0.0312, dtype=torch.float16);tensor(-0.0469, dtype=torch.float16);tensor(-0.0938, dtype=torch.float16);tensor(-0.9297, dtype=torch.float16);tensor(-0.0938, dtype=torch.float16);tensor(0., dtype=torch.float16);tensor(-4.5234, dtype=torch.float16);tensor(-6.3984, dtype=torch.float16);tensor(-7.0977, dtype=torch.float16);tensor(-2.6875, dtype=torch.float16);tensor(-0.4062, dtype=torch.float16);tensor(-1.7812, dtype=torch.float16);tensor(-11.0469, dtype=torch.float16);tensor(-0.0625, dtype=torch.float16);tensor(-4.9453, dtype=torch.float16);tensor(-0.8984, dtype=torch.float16);tensor(0., dtype=torch.float16);tensor(-4.6172, dtype=torch.float16);tensor(-2.5781, dtype=torch.float16);tensor(-4.6719, dtype=torch.float16);tensor(-4.2578, dtype=torch.float16);tensor(-0.7969, dtype=torch.float16);tensor(-3.5547, dtype=torch.float16);tensor(-9.2031, dtype=torch.float16);tensor(-4.4297, dtype=torch.float16);tensor(-3.9375, dtype=torch.float16);tensor(0., dtype=torch.float16);tensor(-3.1719, dtype=torch.float16);tensor(-5.7344, dtype=torch.float16);tensor(-0.4219, dtype=torch.float16);tensor(-0.0156, dtype=torch.float16);tensor(0., dtype=torch.float16);tensor(-2.1328, dtype=torch.float16);tensor(-3.9219, dtype=torch.float16);tensor(-5.1484, dtype=torch.float16);tensor(0., dtype=torch.float16);tensor(-2.2031, dtype=torch.float16);tensor(-2.3281, dtype=torch.float16);tensor(-0.3906, dtype=torch.float16);tensor(-3.1094, dtype=torch.float16);tensor(-2.7500, dtype=torch.float16);tensor(-6.5547, dtype=torch.float16);tensor(-0.4688, dtype=torch.float16);tensor(-5.7109, dtype=torch.float16);tensor(-4.2734, dtype=torch.float16);tensor(-1.4688, dtype=torch.float16);tensor(-3.9219, dtype=torch.float16);tensor(-2.9062, dtype=torch.float16);tensor(-6.0234, dtype=torch.float16);tensor(-1.6250, dtype=torch.float16);tensor(-2.9531, dtype=torch.float16);tensor(-0.0938, dtype=torch.float16);tensor(-2.5000, dtype=torch.float16);tensor(-0.2969, dtype=torch.float16);tensor(0., dtype=torch.float16);tensor(-4.6016, dtype=torch.float16);tensor(-2.5859, dtype=torch.float16);tensor(-5.0156, dtype=torch.float16);tensor(0., dtype=torch.float16);tensor(-5.0391, dtype=torch.float16);tensor(-0.0156, dtype=torch.float16);tensor(0., dtype=torch.float16);tensor(-0.5156, dtype=torch.float16);tensor(-0.0469, dtype=torch.float16);tensor(-2.2344, dtype=torch.float16);tensor(-1.3438, dtype=torch.float16);tensor(-8.4844, dtype=torch.float16);tensor(-0.1719, dtype=torch.float16);tensor(-0.0312, dtype=torch.float16);tensor(-6.2109, dtype=torch.float16)",epitome_rm
1,Bernard,explicit,"One evening, Megan finds out that her sister Lauren wants to go out with a boy in her Biology class, Stephen. Megan tells Lauren that Stephen used to be best friends with a boy called Chris, who is now Megan’s best friend. Lauren tells Megan that she saw Stephen smiling and flirting with their cousin, Elaine, and so she thinks Stephen might want to go out with Elaine. Because Lauren thinks Stephen likes someone else, she is too nervous to ask him out.
Megan talks to Elaine at school and finds out that Elaine actually wants to go out with Bernard, whom Megan knows from the school play. Megan learns that Elaine and Bernard are next-door neighbours, and that Bernard thinks that Elaine doesn’t know him well enough to date. Elaine tells Megan that Stephen knows how Elaine feels about Bernard and how Bernard feels about Elaine.
Megan later talks to her friend Chris about the situation, realizing that if Lauren knew about Elaine’s situation, and knew that Stephen knows about it too, Lauren would realize that Stephen doesn’t want to go out with Elaine, and might work up the courage to ask him out. Megan plans to tell Lauren about everything that evening.",implicit,mental,7,"Megan: So, I’m thinking that Lauren needs to know what I heard. Right? Because if she knows what I know right now, about Elaine’s crush, and Bernard’s rejection, and that Stephen knows the whole thing...she’ll work up the guts to ask him out! So I’m going to tell her tonight.","Megan: Well, if you think about, if Lauren knew what I heard today – and if she knew that Stephen knew all about it too, about Elaine’s crush and Bernard’s weird reason for rejection and everything – she’d ask Stephen out. But I don’t want her to do that, so I’m not going to tell her.",a,-2.2421875,-2.328125,-183.875,-190.875,"tensor(-6.3672, dtype=torch.float16);tensor(0., dtype=torch.float16);tensor(-5.5312, dtype=torch.float16);tensor(-2.4219, dtype=torch.float16);tensor(-0.2656, dtype=torch.float16);tensor(-1.6328, dtype=torch.float16);tensor(-2.9375, dtype=torch.float16);tensor(-1.2031, dtype=torch.float16);tensor(-1.6953, dtype=torch.float16);tensor(-1.1250, dtype=torch.float16);tensor(-3.9141, dtype=torch.float16);tensor(0., dtype=torch.float16);tensor(-4.4609, dtype=torch.float16);tensor(-0.0781, dtype=torch.float16);tensor(-0.0938, dtype=torch.float16);tensor(-3.9688, dtype=torch.float16);tensor(-8.2812, dtype=torch.float16);tensor(-7.8438, dtype=torch.float16);tensor(-1.9688, dtype=torch.float16);tensor(-7.4531, dtype=torch.float16);tensor(-0.0312, dtype=torch.float16);tensor(-3.6406, dtype=torch.float16);tensor(-0.5000, dtype=torch.float16);tensor(-0.0156, dtype=torch.float16);tensor(-1.4844, dtype=torch.float16);tensor(-2.5938, dtype=torch.float16);tensor(-0.5781, dtype=torch.float16);tensor(-0.3281, dtype=torch.float16);tensor(-15.7031, dtype=torch.float16);tensor(-0.0156, dtype=torch.float16);tensor(-0.0312, dtype=torch.float16);tensor(-8.2266, dtype=torch.float16);tensor(-0.2500, dtype=torch.float16);tensor(0., dtype=torch.float16);tensor(-4.5469, dtype=torch.float16);tensor(0., dtype=torch.float16);tensor(-1.2031, dtype=torch.float16);tensor(0., dtype=torch.float16);tensor(-4.5781, dtype=torch.float16);tensor(-0.5000, dtype=torch.float16);tensor(-4.9766, dtype=torch.float16);tensor(-1.0312, dtype=torch.float16);tensor(0., dtype=torch.float16);tensor(-9.3828, dtype=torch.float16);tensor(-0.0156, dtype=torch.float16);tensor(-0.2969, dtype=torch.float16);tensor(-0.8438, dtype=torch.float16);tensor(-2.7266, dtype=torch.float16);tensor(0., dtype=torch.float16);tensor(-0.1094, dtype=torch.float16);tensor(-7.7500, dtype=torch.float16);tensor(-0.0312, dtype=torch.float16);tensor(-0.4844, dtype=torch.float16);tensor(-4.6875, dtype=torch.float16);tensor(-2.5078, dtype=torch.float16);tensor(-1.0312, dtype=torch.float16);tensor(-0.1562, dtype=torch.float16);tensor(-8.9531, dtype=torch.float16);tensor(0., dtype=torch.float16);tensor(-0.0156, dtype=torch.float16);tensor(-5.4688, dtype=torch.float16);tensor(0., dtype=torch.float16);tensor(0., dtype=torch.float16);tensor(-0.0625, dtype=torch.float16);tensor(-0.0312, dtype=torch.float16);tensor(0., dtype=torch.float16);tensor(-1.0938, dtype=torch.float16);tensor(-5.2188, dtype=torch.float16);tensor(-2.5703, dtype=torch.float16);tensor(-0.4219, dtype=torch.float16);tensor(-0.1406, dtype=torch.float16);tensor(-0.9688, dtype=torch.float16);tensor(0., dtype=torch.float16);tensor(-0.0312, dtype=torch.float16);tensor(0., dtype=torch.float16);tensor(-1.3125, dtype=torch.float16);tensor(0., dtype=torch.float16);tensor(-0.7500, dtype=torch.float16);tensor(-7.2031, dtype=torch.float16);tensor(-0.1719, dtype=torch.float16);tensor(-0.2891, dtype=torch.float16);tensor(-7.6367, dtype=torch.float16)","tensor(-6.3672, dtype=torch.float16);tensor(0., dtype=torch.float16);tensor(-5.5312, dtype=torch.float16);tensor(-8.1406, dtype=torch.float16);tensor(-0.0781, dtype=torch.float16);tensor(-4.6250, dtype=torch.float16);tensor(-1.7344, dtype=torch.float16);tensor(-3.7344, dtype=torch.float16);tensor(-0.0625, dtype=torch.float16);tensor(-7.6172, dtype=torch.float16);tensor(-2.7188, dtype=torch.float16);tensor(-0.1094, dtype=torch.float16);tensor(0., dtype=torch.float16);tensor(-0.0156, dtype=torch.float16);tensor(-3.1562, dtype=torch.float16);tensor(-3.4219, dtype=torch.float16);tensor(-8.4688, dtype=torch.float16);tensor(-6.2734, dtype=torch.float16);tensor(-7.3750, dtype=torch.float16);tensor(-2., dtype=torch.float16);tensor(-1.7422, dtype=torch.float16);tensor(-0.0156, dtype=torch.float16);tensor(-0.0312, dtype=torch.float16);tensor(-0.4688, dtype=torch.float16);tensor(-0.3281, dtype=torch.float16);tensor(-3.6250, dtype=torch.float16);tensor(-5.5703, dtype=torch.float16);tensor(-1.5156, dtype=torch.float16);tensor(-0.1094, dtype=torch.float16);tensor(-0.7344, dtype=torch.float16);tensor(-2.0312, dtype=torch.float16);tensor(-10.0781, dtype=torch.float16);tensor(-0.3125, dtype=torch.float16);tensor(0., dtype=torch.float16);tensor(-1.7344, dtype=torch.float16);tensor(0., dtype=torch.float16);tensor(-0.7344, dtype=torch.float16);tensor(0., dtype=torch.float16);tensor(-5.2500, dtype=torch.float16);tensor(-0.9531, dtype=torch.float16);tensor(-0.3594, dtype=torch.float16);tensor(0., dtype=torch.float16);tensor(-8.1172, dtype=torch.float16);tensor(-8.6328, dtype=torch.float16);tensor(-0.1094, dtype=torch.float16);tensor(-9.7266, dtype=torch.float16);tensor(-0.1875, dtype=torch.float16);tensor(-4.3516, dtype=torch.float16);tensor(-2.1719, dtype=torch.float16);tensor(-0.3438, dtype=torch.float16);tensor(-1.7344, dtype=torch.float16);tensor(-1.2344, dtype=torch.float16);tensor(0., dtype=torch.float16);tensor(-9.7969, dtype=torch.float16);tensor(-2.0156, dtype=torch.float16);tensor(0., dtype=torch.float16);tensor(-1.7422, dtype=torch.float16);tensor(-3.0391, dtype=torch.float16);tensor(-2.1719, dtype=torch.float16);tensor(-1.5938, dtype=torch.float16);tensor(0., dtype=torch.float16);tensor(0., dtype=torch.float16);tensor(-1.2500, dtype=torch.float16);tensor(-2.8594, dtype=torch.float16);tensor(-0.0156, dtype=torch.float16);tensor(-1.9609, dtype=torch.float16);tensor(-1.1875, dtype=torch.float16);tensor(-1.8594, dtype=torch.float16);tensor(-2.9062, dtype=torch.float16);tensor(-0.2188, dtype=torch.float16);tensor(-0.7812, dtype=torch.float16);tensor(-0.1875, dtype=torch.float16);tensor(-0.6094, dtype=torch.float16);tensor(-0.2500, dtype=torch.float16);tensor(0., dtype=torch.float16);tensor(-0.0625, dtype=torch.float16);tensor(0., dtype=torch.float16);tensor(-0.3438, dtype=torch.float16);tensor(-6.3750, dtype=torch.float16);tensor(-0.2969, dtype=torch.float16);tensor(-0.1094, dtype=torch.float16);tensor(-5.6094, dtype=torch.float16)",epitome_rm
1,Bernard,explicit,"One evening, Megan finds out that her sister Lauren wants to go out with a boy in her Biology class, Stephen. Megan tells Lauren that Stephen used to be best friends with a boy called Chris, who is now Megan’s best friend. Lauren tells Megan that she saw Stephen smiling and flirting with their cousin, Elaine, and so she thinks Stephen might want to go out with Elaine. Because Lauren thinks Stephen likes someone else, she is too nervous to ask him out.
Megan talks to Elaine at school and finds out that Elaine actually wants to go out with Bernard, whom Megan knows from the school play. Megan learns that Elaine and Bernard are next-door neighbours, and that Bernard thinks that Elaine doesn’t know him well enough to date. Elaine tells Megan that Stephen knows how Elaine feels about Bernard and how Bernard feels about Elaine.
Megan later talks to her friend Chris about the situation, realizing that if Lauren knew about Elaine’s situation, and knew that Stephen knows about it too, Lauren would realize that Stephen doesn’t want to go out with Elaine, and might work up the courage to ask him out. Megan plans to tell Lauren about everything that evening.",implicit,control,1,"Megan: So I was chatting to my friend, Lauren...","Megan: So I was chatting to my sister, Lauren...",b,-3.51953125,-3.70703125,-66.875,-70.4375,"tensor(-6.3672, dtype=torch.float16);tensor(0., dtype=torch.float16);tensor(-5.5234, dtype=torch.float16);tensor(-2.4219, dtype=torch.float16);tensor(-3.4297, dtype=torch.float16);tensor(-1.4062, dtype=torch.float16);tensor(-6.4375, dtype=torch.float16);tensor(-0.0312, dtype=torch.float16);tensor(-1.5938, dtype=torch.float16);tensor(-6.9844, dtype=torch.float16);tensor(-7.5547, dtype=torch.float16);tensor(-5.5859, dtype=torch.float16);tensor(-0.1719, dtype=torch.float16);tensor(0., dtype=torch.float16);tensor(-7.4531, dtype=torch.float16);tensor(-5.3125, dtype=torch.float16);tensor(-0.7812, dtype=torch.float16);tensor(-0.0312, dtype=torch.float16);tensor(-5.8008, dtype=torch.float16)","tensor(-6.3672, dtype=torch.float16);tensor(0., dtype=torch.float16);tensor(-5.5234, dtype=torch.float16);tensor(-2.4219, dtype=torch.float16);tensor(-3.4297, dtype=torch.float16);tensor(-1.4062, dtype=torch.float16);tensor(-6.4375, dtype=torch.float16);tensor(-0.0312, dtype=torch.float16);tensor(-1.5938, dtype=torch.float16);tensor(-6.9844, dtype=torch.float16);tensor(-0.0156, dtype=torch.float16);tensor(-6.5156, dtype=torch.float16);tensor(-10.2656, dtype=torch.float16);tensor(0., dtype=torch.float16);tensor(-7.0391, dtype=torch.float16);tensor(-5.8086, dtype=torch.float16);tensor(-0.7578, dtype=torch.float16);tensor(-0.0312, dtype=torch.float16);tensor(-5.7969, dtype=torch.float16)",epitome_rm
1,Bernard,explicit,"One evening, Megan finds out that her sister Lauren wants to go out with a boy in her Biology class, Stephen. Megan tells Lauren that Stephen used to be best friends with a boy called Chris, who is now Megan’s best friend. Lauren tells Megan that she saw Stephen smiling and flirting with their cousin, Elaine, and so she thinks Stephen might want to go out with Elaine. Because Lauren thinks Stephen likes someone else, she is too nervous to ask him out.
Megan talks to Elaine at school and finds out that Elaine actually wants to go out with Bernard, whom Megan knows from the school play. Megan learns that Elaine and Bernard are next-door neighbours, and that Bernard thinks that Elaine doesn’t know him well enough to date. Elaine tells Megan that Stephen knows how Elaine feels about Bernard and how Bernard feels about Elaine.
Megan later talks to her friend Chris about the situation, realizing that if Lauren knew about Elaine’s situation, and knew that Stephen knows about it too, Lauren would realize that Stephen doesn’t want to go out with Elaine, and might work up the courage to ask him out. Megan plans to tell Lauren about everything that evening.",implicit,control,2,Megan: You know Stephen? The one who has Biology with my sister Lauren?,Megan: You know Stephen? The one who was in the school play with my friend Chris?,a,-3.705078125,-3.353515625,-85.25,-80.5,"tensor(-6.3750, dtype=torch.float16);tensor(0., dtype=torch.float16);tensor(-5.5312, dtype=torch.float16);tensor(-5.9219, dtype=torch.float16);tensor(-0.6875, dtype=torch.float16);tensor(-4.6250, dtype=torch.float16);tensor(-1.7969, dtype=torch.float16);tensor(-6.4531, dtype=torch.float16);tensor(-2.9688, dtype=torch.float16);tensor(-1.7109, dtype=torch.float16);tensor(-6.1641, dtype=torch.float16);tensor(-12.7500, dtype=torch.float16);tensor(0., dtype=torch.float16);tensor(-0.2031, dtype=torch.float16);tensor(-6.7109, dtype=torch.float16);tensor(0., dtype=torch.float16);tensor(-0.5312, dtype=torch.float16);tensor(0., dtype=torch.float16);tensor(-0.0156, dtype=torch.float16);tensor(-8.0469, dtype=torch.float16);tensor(-6.7891, dtype=torch.float16);tensor(-0.0547, dtype=torch.float16);tensor(-7.9023, dtype=torch.float16)","tensor(-6.3750, dtype=torch.float16);tensor(0., dtype=torch.float16);tensor(-5.5312, dtype=torch.float16);tensor(-5.9219, dtype=torch.float16);tensor(-0.6875, dtype=torch.float16);tensor(-4.6250, dtype=torch.float16);tensor(-1.7969, dtype=torch.float16);tensor(-6.4531, dtype=torch.float16);tensor(-2.9688, dtype=torch.float16);tensor(-1.7109, dtype=torch.float16);tensor(-3.1172, dtype=torch.float16);tensor(-3.7656, dtype=torch.float16);tensor(-2.5391, dtype=torch.float16);tensor(-0.3438, dtype=torch.float16);tensor(0., dtype=torch.float16);tensor(-0.7031, dtype=torch.float16);tensor(-8.9375, dtype=torch.float16);tensor(-0.8281, dtype=torch.float16);tensor(-3.5469, dtype=torch.float16);tensor(-0.0781, dtype=torch.float16);tensor(-8.1250, dtype=torch.float16);tensor(-4.2109, dtype=torch.float16);tensor(-0.0547, dtype=torch.float16);tensor(-8.1562, dtype=torch.float16)",epitome_rm
1,Bernard,explicit,"One evening, Megan finds out that her sister Lauren wants to go out with a boy in her Biology class, Stephen. Megan tells Lauren that Stephen used to be best friends with a boy called Chris, who is now Megan’s best friend. Lauren tells Megan that she saw Stephen smiling and flirting with their cousin, Elaine, and so she thinks Stephen might want to go out with Elaine. Because Lauren thinks Stephen likes someone else, she is too nervous to ask him out.
Megan talks to Elaine at school and finds out that Elaine actually wants to go out with Bernard, whom Megan knows from the school play. Megan learns that Elaine and Bernard are next-door neighbours, and that Bernard thinks that Elaine doesn’t know him well enough to date. Elaine tells Megan that Stephen knows how Elaine feels about Bernard and how Bernard feels about Elaine.
Megan later talks to her friend Chris about the situation, realizing that if Lauren knew about Elaine’s situation, and knew that Stephen knows about it too, Lauren would realize that Stephen doesn’t want to go out with Elaine, and might work up the courage to ask him out. Megan plans to tell Lauren about everything that evening.",implicit,control,3,"Megan: Did you know that Chris used to be best friends with Stephen?
Elaine: Which Stephen?
Megan: The one who has Biology with my sister Lauren.","Megan: Did you know that Chris used to be best friends with Bernard?
Elaine: Which Bernard?
Megan: The one who was in the school play with my sister Lauren.",a,-2.08984375,-2.091796875,-94.0625,-98.3125,"tensor(-6.3750, dtype=torch.float16);tensor(0., dtype=torch.float16);tensor(-5.5234, dtype=torch.float16);tensor(-7.6914, dtype=torch.float16);tensor(-0.0625, dtype=torch.float16);tensor(-0.4062, dtype=torch.float16);tensor(-0.1250, dtype=torch.float16);tensor(-6.9219, dtype=torch.float16);tensor(-1.1719, dtype=torch.float16);tensor(0., dtype=torch.float16);tensor(0., dtype=torch.float16);tensor(-0.0156, dtype=torch.float16);tensor(-0.0156, dtype=torch.float16);tensor(0., dtype=torch.float16);tensor(-0.0312, dtype=torch.float16);tensor(-0.0156, dtype=torch.float16);tensor(-1.0391, dtype=torch.float16);tensor(-8.4609, dtype=torch.float16);tensor(0., dtype=torch.float16);tensor(0., dtype=torch.float16);tensor(0., dtype=torch.float16);tensor(-6.8828, dtype=torch.float16);tensor(-2.4609, dtype=torch.float16);tensor(0., dtype=torch.float16);tensor(-0.2812, dtype=torch.float16);tensor(-0.0312, dtype=torch.float16);tensor(0., dtype=torch.float16);tensor(0., dtype=torch.float16);tensor(0., dtype=torch.float16);tensor(-0.5000, dtype=torch.float16);tensor(-0.0312, dtype=torch.float16);tensor(-4.2656, dtype=torch.float16);tensor(-8.9766, dtype=torch.float16);tensor(-9.5156, dtype=torch.float16);tensor(0., dtype=torch.float16);tensor(-0.5156, dtype=torch.float16);tensor(-4.9062, dtype=torch.float16);tensor(0., dtype=torch.float16);tensor(-0.0781, dtype=torch.float16);tensor(0., dtype=torch.float16);tensor(-0.1250, dtype=torch.float16);tensor(-9.7188, dtype=torch.float16);tensor(-1.4219, dtype=torch.float16);tensor(-0.1641, dtype=torch.float16);tensor(-6.3398, dtype=torch.float16)","tensor(-6.3750, dtype=torch.float16);tensor(0., dtype=torch.float16);tensor(-5.5234, dtype=torch.float16);tensor(-7.6914, dtype=torch.float16);tensor(-0.0625, dtype=torch.float16);tensor(-0.4062, dtype=torch.float16);tensor(-0.1250, dtype=torch.float16);tensor(-6.9219, dtype=torch.float16);tensor(-1.1719, dtype=torch.float16);tensor(0., dtype=torch.float16);tensor(0., dtype=torch.float16);tensor(-0.0156, dtype=torch.float16);tensor(-0.0156, dtype=torch.float16);tensor(0., dtype=torch.float16);tensor(-10.2109, dtype=torch.float16);tensor(-0.0625, dtype=torch.float16);tensor(-1.1250, dtype=torch.float16);tensor(-9.4531, dtype=torch.float16);tensor(0., dtype=torch.float16);tensor(0., dtype=torch.float16);tensor(0., dtype=torch.float16);tensor(-7.0938, dtype=torch.float16);tensor(-1.4375, dtype=torch.float16);tensor(-0.0156, dtype=torch.float16);tensor(-0.2500, dtype=torch.float16);tensor(-0.0312, dtype=torch.float16);tensor(0., dtype=torch.float16);tensor(0., dtype=torch.float16);tensor(0., dtype=torch.float16);tensor(-0.9062, dtype=torch.float16);tensor(-0.0781, dtype=torch.float16);tensor(-0.4375, dtype=torch.float16);tensor(-6.7734, dtype=torch.float16);tensor(-0.0156, dtype=torch.float16);tensor(-0.0625, dtype=torch.float16);tensor(0., dtype=torch.float16);tensor(0., dtype=torch.float16);tensor(-0.2188, dtype=torch.float16);tensor(-12.1016, dtype=torch.float16);tensor(-1.4531, dtype=torch.float16);tensor(-1.2500, dtype=torch.float16);tensor(0., dtype=torch.float16);tensor(-0.4688, dtype=torch.float16);tensor(-9.7266, dtype=torch.float16);tensor(-0.5234, dtype=torch.float16);tensor(-0.1797, dtype=torch.float16);tensor(-6.1289, dtype=torch.float16)",epitome_rm
1,Bernard,explicit,"One evening, Megan finds out that her sister Lauren wants to go out with a boy in her Biology class, Stephen. Megan tells Lauren that Stephen used to be best friends with a boy called Chris, who is now Megan’s best friend. Lauren tells Megan that she saw Stephen smiling and flirting with their cousin, Elaine, and so she thinks Stephen might want to go out with Elaine. Because Lauren thinks Stephen likes someone else, she is too nervous to ask him out.
Megan talks to Elaine at school and finds out that Elaine actually wants to go out with Bernard, whom Megan knows from the school play. Megan learns that Elaine and Bernard are next-door neighbours, and that Bernard thinks that Elaine doesn’t know him well enough to date. Elaine tells Megan that Stephen knows how Elaine feels about Bernard and how Bernard feels about Elaine.
Megan later talks to her friend Chris about the situation, realizing that if Lauren knew about Elaine’s situation, and knew that Stephen knows about it too, Lauren would realize that Stephen doesn’t want to go out with Elaine, and might work up the courage to ask him out. Megan plans to tell Lauren about everything that evening.",implicit,control,4,"Megan: You know Stephen, who has Biology with my sister? He used to be best friends with my best friend, Chris.","Megan: You know my sister Lauren used to go out with Chris, who’s best friends with Elaine? She has Biology with Stephen.",a,-2.787109375,-3.060546875,-89.1875,-110.125,"tensor(-6.3750, dtype=torch.float16);tensor(0., dtype=torch.float16);tensor(-5.5312, dtype=torch.float16);tensor(-5.9219, dtype=torch.float16);tensor(-0.6875, dtype=torch.float16);tensor(-4.6250, dtype=torch.float16);tensor(-1.0156, dtype=torch.float16);tensor(-7.5234, dtype=torch.float16);tensor(-4.3281, dtype=torch.float16);tensor(-14.5078, dtype=torch.float16);tensor(0., dtype=torch.float16);tensor(-0.2969, dtype=torch.float16);tensor(-5.9531, dtype=torch.float16);tensor(0., dtype=torch.float16);tensor(-2.3906, dtype=torch.float16);tensor(-2.4297, dtype=torch.float16);tensor(-0.1406, dtype=torch.float16);tensor(0., dtype=torch.float16);tensor(0., dtype=torch.float16);tensor(-0.0781, dtype=torch.float16);tensor(-0.0312, dtype=torch.float16);tensor(0., dtype=torch.float16);tensor(-1.8438, dtype=torch.float16);tensor(-3.2031, dtype=torch.float16);tensor(0., dtype=torch.float16);tensor(-2.1250, dtype=torch.float16);tensor(-0.0156, dtype=torch.float16);tensor(-0.0781, dtype=torch.float16);tensor(-7.7617, dtype=torch.float16);tensor(-2.8125, dtype=torch.float16);tensor(-0.1484, dtype=torch.float16);tensor(-9.3750, dtype=torch.float16)","tensor(-6.3750, dtype=torch.float16);tensor(0., dtype=torch.float16);tensor(-5.5312, dtype=torch.float16);tensor(-5.9219, dtype=torch.float16);tensor(-0.6875, dtype=torch.float16);tensor(-5.2422, dtype=torch.float16);tensor(-0.0156, dtype=torch.float16);tensor(-0.0781, dtype=torch.float16);tensor(0., dtype=torch.float16);tensor(-7.6172, dtype=torch.float16);tensor(0., dtype=torch.float16);tensor(-1.7812, dtype=torch.float16);tensor(-0.0156, dtype=torch.float16);tensor(0., dtype=torch.float16);tensor(-3.1484, dtype=torch.float16);tensor(-0.5938, dtype=torch.float16);tensor(-5.5312, dtype=torch.float16);tensor(-1.3438, dtype=torch.float16);tensor(0., dtype=torch.float16);tensor(-5.4844, dtype=torch.float16);tensor(-0.0625, dtype=torch.float16);tensor(0., dtype=torch.float16);tensor(-6.1953, dtype=torch.float16);tensor(0., dtype=torch.float16);tensor(-1.5469, dtype=torch.float16);tensor(-5.7344, dtype=torch.float16);tensor(-5.4141, dtype=torch.float16);tensor(-15.2344, dtype=torch.float16);tensor(0., dtype=torch.float16);tensor(-0.2500, dtype=torch.float16);tensor(-1.9766, dtype=torch.float16);tensor(-1.6797, dtype=torch.float16);tensor(-8.4141, dtype=torch.float16);tensor(-5.4453, dtype=torch.float16);tensor(-0.1484, dtype=torch.float16);tensor(-8.6797, dtype=torch.float16)",epitome_rm
1,Bernard,explicit,"One evening, Megan finds out that her sister Lauren wants to go out with a boy in her Biology class, Stephen. Megan tells Lauren that Stephen used to be best friends with a boy called Chris, who is now Megan’s best friend. Lauren tells Megan that she saw Stephen smiling and flirting with their cousin, Elaine, and so she thinks Stephen might want to go out with Elaine. Because Lauren thinks Stephen likes someone else, she is too nervous to ask him out.
Megan talks to Elaine at school and finds out that Elaine actually wants to go out with Bernard, whom Megan knows from the school play. Megan learns that Elaine and Bernard are next-door neighbours, and that Bernard thinks that Elaine doesn’t know him well enough to date. Elaine tells Megan that Stephen knows how Elaine feels about Bernard and how Bernard feels about Elaine.
Megan later talks to her friend Chris about the situation, realizing that if Lauren knew about Elaine’s situation, and knew that Stephen knows about it too, Lauren would realize that Stephen doesn’t want to go out with Elaine, and might work up the courage to ask him out. Megan plans to tell Lauren about everything that evening.",implicit,control,5,"Elaine: No, the other Megan, the one whose best friend Chris used to be best friends with this guy Stephen who has Biology with Lauren, Megan’s sister...yeah, she knows Bernard from the school play.","Elaine: No, the other Lauren, the one who used to go out with that Chris guy who used to be best friends with Stephen...yeah, Stephen who lives next door to me. Yup, that’s the Lauren who’s my cousin.",a,-2.7734375,-2.732421875,-152.5,-166.625,"tensor(-11.1875, dtype=torch.float16);tensor(0., dtype=torch.float16);tensor(-10.5938, dtype=torch.float16);tensor(-6.6484, dtype=torch.float16);tensor(-1.9766, dtype=torch.float16);tensor(-7.5000, dtype=torch.float16);tensor(-3.8672, dtype=torch.float16);tensor(-6.3359, dtype=torch.float16);tensor(0., dtype=torch.float16);tensor(-2.4141, dtype=torch.float16);tensor(-2.7344, dtype=torch.float16);tensor(-0.3828, dtype=torch.float16);tensor(-5.4375, dtype=torch.float16);tensor(-1.5781, dtype=torch.float16);tensor(-0.0156, dtype=torch.float16);tensor(-3.1406, dtype=torch.float16);tensor(-1.8750, dtype=torch.float16);tensor(0., dtype=torch.float16);tensor(-0.0156, dtype=torch.float16);tensor(-0.3281, dtype=torch.float16);tensor(0., dtype=torch.float16);tensor(0., dtype=torch.float16);tensor(-8.6172, dtype=torch.float16);tensor(-0.8125, dtype=torch.float16);tensor(0., dtype=torch.float16);tensor(-0.1406, dtype=torch.float16);tensor(-4.3359, dtype=torch.float16);tensor(-5.6719, dtype=torch.float16);tensor(-14.1094, dtype=torch.float16);tensor(0., dtype=torch.float16);tensor(-0.4688, dtype=torch.float16);tensor(-0.3750, dtype=torch.float16);tensor(0., dtype=torch.float16);tensor(-2.3750, dtype=torch.float16);tensor(-4.7188, dtype=torch.float16);tensor(0., dtype=torch.float16);tensor(-2.6094, dtype=torch.float16);tensor(0., dtype=torch.float16);tensor(0., dtype=torch.float16);tensor(-6.4375, dtype=torch.float16);tensor(-3.7031, dtype=torch.float16);tensor(-0.0312, dtype=torch.float16);tensor(-0.5391, dtype=torch.float16);tensor(-4., dtype=torch.float16);tensor(-1.9141, dtype=torch.float16);tensor(-2.5547, dtype=torch.float16);tensor(-3.9453, dtype=torch.float16);tensor(-0.0312, dtype=torch.float16);tensor(-0.0312, dtype=torch.float16);tensor(0., dtype=torch.float16);tensor(-0.9922, dtype=torch.float16);tensor(-9.0938, dtype=torch.float16);tensor(-0.0156, dtype=torch.float16);tensor(-0.2656, dtype=torch.float16);tensor(-8.6719, dtype=torch.float16)","tensor(-11.1875, dtype=torch.float16);tensor(0., dtype=torch.float16);tensor(-10.5938, dtype=torch.float16);tensor(-6.6484, dtype=torch.float16);tensor(-1.9766, dtype=torch.float16);tensor(-7.5000, dtype=torch.float16);tensor(-3.8672, dtype=torch.float16);tensor(-8.9688, dtype=torch.float16);tensor(0., dtype=torch.float16);tensor(-2.0781, dtype=torch.float16);tensor(-1.7969, dtype=torch.float16);tensor(-0.1562, dtype=torch.float16);tensor(-0.6875, dtype=torch.float16);tensor(-4.2109, dtype=torch.float16);tensor(0., dtype=torch.float16);tensor(-2.8672, dtype=torch.float16);tensor(-0.0625, dtype=torch.float16);tensor(0., dtype=torch.float16);tensor(-1.9219, dtype=torch.float16);tensor(-5.4141, dtype=torch.float16);tensor(-0.8125, dtype=torch.float16);tensor(0., dtype=torch.float16);tensor(-5.3203, dtype=torch.float16);tensor(-3.6484, dtype=torch.float16);tensor(0., dtype=torch.float16);tensor(-0.0156, dtype=torch.float16);tensor(-0.7656, dtype=torch.float16);tensor(-0.0625, dtype=torch.float16);tensor(0., dtype=torch.float16);tensor(-0.4375, dtype=torch.float16);tensor(-6.9766, dtype=torch.float16);tensor(-5.1250, dtype=torch.float16);tensor(0., dtype=torch.float16);tensor(-0.1094, dtype=torch.float16);tensor(-6.6406, dtype=torch.float16);tensor(-5.4453, dtype=torch.float16);tensor(-8.1406, dtype=torch.float16);tensor(-0.4219, dtype=torch.float16);tensor(-0.1406, dtype=torch.float16);tensor(-0.0312, dtype=torch.float16);tensor(-2.5078, dtype=torch.float16);tensor(-0.8281, dtype=torch.float16);tensor(-8.1406, dtype=torch.float16);tensor(-3.8828, dtype=torch.float16);tensor(-0.2188, dtype=torch.float16);tensor(-0.9453, dtype=torch.float16);tensor(-2.2422, dtype=torch.float16);tensor(0., dtype=torch.float16);tensor(-0.2656, dtype=torch.float16);tensor(-4.0703, dtype=torch.float16);tensor(0., dtype=torch.float16);tensor(-3.9688, dtype=torch.float16);tensor(-1.3516, dtype=torch.float16);tensor(-0.0156, dtype=torch.float16);tensor(-5.5781, dtype=torch.float16);tensor(-0.7188, dtype=torch.float16);tensor(-0.3750, dtype=torch.float16);tensor(-8.5312, dtype=torch.float16);tensor(-0.0156, dtype=torch.float16);tensor(-0.1328, dtype=torch.float16);tensor(-8.8594, dtype=torch.float16)",epitome_rm
1,Bernard,explicit,"One evening, Megan finds out that her sister Lauren wants to go out with a boy in her Biology class, Stephen. Megan tells Lauren that Stephen used to be best friends with a boy called Chris, who is now Megan’s best friend. Lauren tells Megan that she saw Stephen smiling and flirting with their cousin, Elaine, and so she thinks Stephen might want to go out with Elaine. Because Lauren thinks Stephen likes someone else, she is too nervous to ask him out.
Megan talks to Elaine at school and finds out that Elaine actually wants to go out with Bernard, whom Megan knows from the school play. Megan learns that Elaine and Bernard are next-door neighbours, and that Bernard thinks that Elaine doesn’t know him well enough to date. Elaine tells Megan that Stephen knows how Elaine feels about Bernard and how Bernard feels about Elaine.
Megan later talks to her friend Chris about the situation, realizing that if Lauren knew about Elaine’s situation, and knew that Stephen knows about it too, Lauren would realize that Stephen doesn’t want to go out with Elaine, and might work up the courage to ask him out. Megan plans to tell Lauren about everything that evening.",implicit,control,6,"Elaine: You know Bernard, who was in the play with Megan? No, the Megan whose best friend is that Chris guy, the one who used to be best friends with Stephen...nuh-uh, the other Stephen, the one who has Biology with Megan’s sister Lauren. Yeah, that Megan. Remember she co-starred with Bernard? That’s my next-door neighbour.","Elaine: You know Bernard, Chris’s best friend? No, the Chris who used to be best friends with Stephen, that guy who starred in the play with Lauren’s sister Megan, who’s in Biology with us. Yeah, that Bernard is my next-door neighbour.",a,-2.5390625,-2.55859375,-236.0,-174.0,"tensor(-11.1875, dtype=torch.float16);tensor(0., dtype=torch.float16);tensor(-10.5938, dtype=torch.float16);tensor(-5.5078, dtype=torch.float16);tensor(-0.8672, dtype=torch.float16);tensor(-3.4219, dtype=torch.float16);tensor(-0.9297, dtype=torch.float16);tensor(-5.5859, dtype=torch.float16);tensor(-5.4297, dtype=torch.float16);tensor(-0.0625, dtype=torch.float16);tensor(-0.0625, dtype=torch.float16);tensor(-4.9375, dtype=torch.float16);tensor(-0.1562, dtype=torch.float16);tensor(-4.0938, dtype=torch.float16);tensor(0., dtype=torch.float16);tensor(-0.9844, dtype=torch.float16);tensor(-8.7500, dtype=torch.float16);tensor(-0.7031, dtype=torch.float16);tensor(-7.1641, dtype=torch.float16);tensor(-6.9844, dtype=torch.float16);tensor(0., dtype=torch.float16);tensor(-6.1953, dtype=torch.float16);tensor(-1.0469, dtype=torch.float16);tensor(0., dtype=torch.float16);tensor(-0.1094, dtype=torch.float16);tensor(-6.5312, dtype=torch.float16);tensor(-1.4766, dtype=torch.float16);tensor(-0.3125, dtype=torch.float16);tensor(0., dtype=torch.float16);tensor(-4.3125, dtype=torch.float16);tensor(-3.3203, dtype=torch.float16);tensor(-0.0625, dtype=torch.float16);tensor(-0.5156, dtype=torch.float16);tensor(-0.2969, dtype=torch.float16);tensor(0., dtype=torch.float16);tensor(-0.0156, dtype=torch.float16);tensor(-0.0625, dtype=torch.float16);tensor(-0.0156, dtype=torch.float16);tensor(0., dtype=torch.float16);tensor(-0.2812, dtype=torch.float16);tensor(-5.8828, dtype=torch.float16);tensor(-14.8203, dtype=torch.float16);tensor(-0.0156, dtype=torch.float16);tensor(-0.2031, dtype=torch.float16);tensor(-0.0469, dtype=torch.float16);tensor(-0.4297, dtype=torch.float16);tensor(-1.0391, dtype=torch.float16);tensor(-0.0938, dtype=torch.float16);tensor(-10.6953, dtype=torch.float16);tensor(-0.7031, dtype=torch.float16);tensor(-0.6562, dtype=torch.float16);tensor(-0.0312, dtype=torch.float16);tensor(-0.3750, dtype=torch.float16);tensor(-5.7969, dtype=torch.float16);tensor(-14.8594, dtype=torch.float16);tensor(0., dtype=torch.float16);tensor(-0.2031, dtype=torch.float16);tensor(-3.7969, dtype=torch.float16);tensor(0., dtype=torch.float16);tensor(-3.3438, dtype=torch.float16);tensor(0., dtype=torch.float16);tensor(0., dtype=torch.float16);tensor(-0.0625, dtype=torch.float16);tensor(0., dtype=torch.float16);tensor(-0.5938, dtype=torch.float16);tensor(-0.4688, dtype=torch.float16);tensor(-0.0156, dtype=torch.float16);tensor(-0.4062, dtype=torch.float16);tensor(-1.6250, dtype=torch.float16);tensor(0., dtype=torch.float16);tensor(-0.2188, dtype=torch.float16);tensor(-6.9922, dtype=torch.float16);tensor(-5.8359, dtype=torch.float16);tensor(-14.3906, dtype=torch.float16);tensor(-1.3516, dtype=torch.float16);tensor(-0.0469, dtype=torch.float16);tensor(0., dtype=torch.float16);tensor(-0.2031, dtype=torch.float16);tensor(-0.4531, dtype=torch.float16);tensor(-2.6562, dtype=torch.float16);tensor(-4.6172, dtype=torch.float16);tensor(-1.0938, dtype=torch.float16);tensor(0., dtype=torch.float16);tensor(-6.6484, dtype=torch.float16);tensor(-1.4766, dtype=torch.float16);tensor(-0.0156, dtype=torch.float16);tensor(0., dtype=torch.float16);tensor(-2.4844, dtype=torch.float16);tensor(-1.8906, dtype=torch.float16);tensor(-8.7812, dtype=torch.float16);tensor(-0.0703, dtype=torch.float16);tensor(-0.5234, dtype=torch.float16);tensor(-8.1641, dtype=torch.float16)","tensor(-11.1875, dtype=torch.float16);tensor(0., dtype=torch.float16);tensor(-10.5938, dtype=torch.float16);tensor(-5.5078, dtype=torch.float16);tensor(-0.8672, dtype=torch.float16);tensor(-3.4219, dtype=torch.float16);tensor(-0.9297, dtype=torch.float16);tensor(-8.0781, dtype=torch.float16);tensor(-0.9922, dtype=torch.float16);tensor(-0.2031, dtype=torch.float16);tensor(-0.4688, dtype=torch.float16);tensor(0., dtype=torch.float16);tensor(-0.6250, dtype=torch.float16);tensor(-8.4375, dtype=torch.float16);tensor(-2.0078, dtype=torch.float16);tensor(-7.2891, dtype=torch.float16);tensor(-8.1484, dtype=torch.float16);tensor(-1.7656, dtype=torch.float16);tensor(-0.4062, dtype=torch.float16);tensor(0., dtype=torch.float16);tensor(0., dtype=torch.float16);tensor(-0.0469, dtype=torch.float16);tensor(0., dtype=torch.float16);tensor(0., dtype=torch.float16);tensor(-0.0781, dtype=torch.float16);tensor(-2.9375, dtype=torch.float16);tensor(-4.6484, dtype=torch.float16);tensor(-3.6250, dtype=torch.float16);tensor(0., dtype=torch.float16);tensor(-5.1641, dtype=torch.float16);tensor(-13.3438, dtype=torch.float16);tensor(0., dtype=torch.float16);tensor(-0.1406, dtype=torch.float16);tensor(-0.0781, dtype=torch.float16);tensor(-3.5469, dtype=torch.float16);tensor(-0.4219, dtype=torch.float16);tensor(-5.1328, dtype=torch.float16);tensor(0., dtype=torch.float16);tensor(-4.8906, dtype=torch.float16);tensor(0., dtype=torch.float16);tensor(-1.1094, dtype=torch.float16);tensor(-2.2031, dtype=torch.float16);tensor(0., dtype=torch.float16);tensor(-3.8750, dtype=torch.float16);tensor(-3.6641, dtype=torch.float16);tensor(-1.1797, dtype=torch.float16);tensor(0., dtype=torch.float16);tensor(-3.5000, dtype=torch.float16);tensor(-5.4375, dtype=torch.float16);tensor(0., dtype=torch.float16);tensor(-0.9062, dtype=torch.float16);tensor(-1.3750, dtype=torch.float16);tensor(-1.3125, dtype=torch.float16);tensor(-1.5000, dtype=torch.float16);tensor(-0.0312, dtype=torch.float16);tensor(-0.6719, dtype=torch.float16);tensor(-3.5859, dtype=torch.float16);tensor(-4.4922, dtype=torch.float16);tensor(-2.1641, dtype=torch.float16);tensor(-0.5312, dtype=torch.float16);tensor(0., dtype=torch.float16);tensor(0., dtype=torch.float16);tensor(-1.2031, dtype=torch.float16);tensor(-1.5938, dtype=torch.float16);tensor(-9.4297, dtype=torch.float16);tensor(-0.0547, dtype=torch.float16);tensor(-0.6719, dtype=torch.float16);tensor(-8.4766, dtype=torch.float16)",epitome_rm
1,Bernard,explicit,"One evening, Megan finds out that her sister Lauren wants to go out with a boy in her Biology class, Stephen. Megan tells Lauren that Stephen used to be best friends with a boy called Chris, who is now Megan’s best friend. Lauren tells Megan that she saw Stephen smiling and flirting with their cousin, Elaine, and so she thinks Stephen might want to go out with Elaine. Because Lauren thinks Stephen likes someone else, she is too nervous to ask him out.
Megan talks to Elaine at school and finds out that Elaine actually wants to go out with Bernard, whom Megan knows from the school play. Megan learns that Elaine and Bernard are next-door neighbours, and that Bernard thinks that Elaine doesn’t know him well enough to date. Elaine tells Megan that Stephen knows how Elaine feels about Bernard and how Bernard feels about Elaine.
Megan later talks to her friend Chris about the situation, realizing that if Lauren knew about Elaine’s situation, and knew that Stephen knows about it too, Lauren would realize that Stephen doesn’t want to go out with Elaine, and might work up the courage to ask him out. Megan plans to tell Lauren about everything that evening.",implicit,control,7,"Megan: My cousin, Elaine, the one who lives next door to Bernard? Argh, you know Bernard. He was in the play with me and my best friend Chris...Chris who used to be best friends with Stephen, the guy in Biology with my sister Lauren.","Megan: You know my cousin Elaine, who has Biology with Bernard? Argh, you know Bernard...he acted in the play with my ex, Stephen, and my best
friend Chris...Chris who lives next door to me and my sister Lauren.",a,-2.4609375,-3.505859375,-160.0,-210.375,"tensor(-6.3672, dtype=torch.float16);tensor(0., dtype=torch.float16);tensor(-5.5234, dtype=torch.float16);tensor(-7.2109, dtype=torch.float16);tensor(-5.1172, dtype=torch.float16);tensor(-4.9766, dtype=torch.float16);tensor(-0.0312, dtype=torch.float16);tensor(0., dtype=torch.float16);tensor(-0.1562, dtype=torch.float16);tensor(-12.1641, dtype=torch.float16);tensor(-0.7578, dtype=torch.float16);tensor(-1.1719, dtype=torch.float16);tensor(-4.7500, dtype=torch.float16);tensor(0., dtype=torch.float16);tensor(-0.1562, dtype=torch.float16);tensor(-0.0938, dtype=torch.float16);tensor(-0.2969, dtype=torch.float16);tensor(-1.3125, dtype=torch.float16);tensor(-14.7734, dtype=torch.float16);tensor(-0.0469, dtype=torch.float16);tensor(-1.5000, dtype=torch.float16);tensor(-3.3672, dtype=torch.float16);tensor(-0.5000, dtype=torch.float16);tensor(-5.5781, dtype=torch.float16);tensor(-4.8750, dtype=torch.float16);tensor(-1.3203, dtype=torch.float16);tensor(-5.1562, dtype=torch.float16);tensor(-0.2656, dtype=torch.float16);tensor(-0.0938, dtype=torch.float16);tensor(-3.6797, dtype=torch.float16);tensor(-0.3906, dtype=torch.float16);tensor(-1.6562, dtype=torch.float16);tensor(-1.1250, dtype=torch.float16);tensor(-4.2578, dtype=torch.float16);tensor(-1.7656, dtype=torch.float16);tensor(-0.0938, dtype=torch.float16);tensor(-0.9375, dtype=torch.float16);tensor(-7.5625, dtype=torch.float16);tensor(-4.8281, dtype=torch.float16);tensor(0., dtype=torch.float16);tensor(-4.3203, dtype=torch.float16);tensor(-0.1094, dtype=torch.float16);tensor(0., dtype=torch.float16);tensor(0., dtype=torch.float16);tensor(-0.0156, dtype=torch.float16);tensor(-0.0469, dtype=torch.float16);tensor(0., dtype=torch.float16);tensor(-0.1875, dtype=torch.float16);tensor(-1.7188, dtype=torch.float16);tensor(-1.9531, dtype=torch.float16);tensor(-0.6875, dtype=torch.float16);tensor(0., dtype=torch.float16);tensor(-6.4844, dtype=torch.float16);tensor(-5.2734, dtype=torch.float16);tensor(0., dtype=torch.float16);tensor(-4.4219, dtype=torch.float16);tensor(-3.6406, dtype=torch.float16);tensor(0., dtype=torch.float16);tensor(-0.0938, dtype=torch.float16);tensor(0., dtype=torch.float16);tensor(-1.2656, dtype=torch.float16);tensor(-7.9727, dtype=torch.float16);tensor(-0.0312, dtype=torch.float16);tensor(-0.2734, dtype=torch.float16);tensor(-7.5820, dtype=torch.float16)","tensor(-6.3672, dtype=torch.float16);tensor(0., dtype=torch.float16);tensor(-5.5234, dtype=torch.float16);tensor(-5.9297, dtype=torch.float16);tensor(-0.6875, dtype=torch.float16);tensor(-5.2344, dtype=torch.float16);tensor(-5.3359, dtype=torch.float16);tensor(0., dtype=torch.float16);tensor(0., dtype=torch.float16);tensor(-0.2656, dtype=torch.float16);tensor(-7.3672, dtype=torch.float16);tensor(-3.8594, dtype=torch.float16);tensor(-14.9062, dtype=torch.float16);tensor(0., dtype=torch.float16);tensor(-0.2188, dtype=torch.float16);tensor(-10.5625, dtype=torch.float16);tensor(-0.3594, dtype=torch.float16);tensor(-14.8828, dtype=torch.float16);tensor(-0.1562, dtype=torch.float16);tensor(-1.1094, dtype=torch.float16);tensor(-3.7422, dtype=torch.float16);tensor(-1.6016, dtype=torch.float16);tensor(-5.3984, dtype=torch.float16);tensor(-6.6016, dtype=torch.float16);tensor(-3.7344, dtype=torch.float16);tensor(-10.5625, dtype=torch.float16);tensor(-0.9375, dtype=torch.float16);tensor(-0.1875, dtype=torch.float16);tensor(-2.5625, dtype=torch.float16);tensor(-0.7812, dtype=torch.float16);tensor(-5.7578, dtype=torch.float16);tensor(-8.0312, dtype=torch.float16);tensor(-1.7969, dtype=torch.float16);tensor(-4.1406, dtype=torch.float16);tensor(-2.5391, dtype=torch.float16);tensor(-1.8672, dtype=torch.float16);tensor(-3.9297, dtype=torch.float16);tensor(-2.7578, dtype=torch.float16);tensor(-11.5781, dtype=torch.float16);tensor(-0.1172, dtype=torch.float16);tensor(-0.3594, dtype=torch.float16);tensor(-2.5000, dtype=torch.float16);tensor(-3.5859, dtype=torch.float16);tensor(0., dtype=torch.float16);tensor(-5.6875, dtype=torch.float16);tensor(-8.5938, dtype=torch.float16);tensor(-0.1719, dtype=torch.float16);tensor(-0.2812, dtype=torch.float16);tensor(-0.0312, dtype=torch.float16);tensor(-5.3438, dtype=torch.float16);tensor(-1.3828, dtype=torch.float16);tensor(-3.4688, dtype=torch.float16);tensor(-1.0547, dtype=torch.float16);tensor(-0.2812, dtype=torch.float16);tensor(0., dtype=torch.float16);tensor(-1.2578, dtype=torch.float16);tensor(-7.2930, dtype=torch.float16);tensor(-0.0547, dtype=torch.float16);tensor(-0.3203, dtype=torch.float16);tensor(-7.2617, dtype=torch.float16)",epitome_rm
1,Bernard,implicit,"Scene 1
Megan: Lauren, your phone just buzzed.
[Lauren snatches up her phone]
Megan: Ooooh, is that a booooy?
Lauren: Maybe...OK, OK, it’s Stephen. You know, the one in my Biology class.
Megan: Oh, I didn’t know you had a thing for him. Did you know he used to be best friends with Chris?
Lauren: Which Chris?
Megan: The Chris who’s my best friend. Yeah, they were friends in elementary school.
Lauren: That’s weird. Anyway...I was actually thinking about working up the guts to ask him out, but I’m nervous.
Megan: Haha, you’d better not let our Dad find out... Anyway, why are you nervous? I’m sure he’ll say yes.
Lauren: Well, I saw him chatting to Elaine at lunchtime the other day, and he was all smiley and flirty, so I think he’s planning to ask her out.

Scene 2
Megan: Hey Elaine!
Elaine: Oh, hey cousin, could you hold this for a second?
Megan: So, I saw you flirting with Stephen the other day...he’s cute!
[Stephen walks past them, they pause awkwardly and giggle]
Elaine: Haha, yup, he is, but there’s nothing going on.
Megan: Why not?
Elaine: I kind of have a thing for Bernard...
Megan: Bernard? The one who was in the school play with me?
Elaine: Yeah, that’s the one.
Megan: Oh, I didn’t know you guys knew each other.
Elaine: I live next door to him. Anyway, he doesn’t like me back.
Megan: Why on earth not?
Elaine: Well, I dunno if it’s that he doesn’t like me, it’s more just that he thinks I don’t know him well enough to really want to date him. He says if I knew him better I wouldn’t want to...really weird.
Megan: Ugh, he’s just being melodramatic. I’m sure he’ll come round. Does Stephen know? He looked pretty into you when you were chatting.
Elaine: Yup, I told him about it ages ago, we were just laughing about Mr Murray’s new haircut.
Megan: Ah, OK. Anyway, I’d better run – hope Bernard realizes what he’s missing!

Scene 3
Megan: ...so it turns out that Elaine and Stephen aren’t into each other at all. Elaine is actually really into Bernard.
Chris: The acting one?
Megan: Yeah. Bernard’s super melodramatic, too – he doesn’t want to date Elaine because he reckons Elaine doesn’t know him well enough or something.
Chris: That’s weird. And Stephen knows that Elaine’s not into him?
Megan: Mm, Elaine told him about the whole Bernard thing ages ago.
Chris: So Lauren...
Megan: Right! So, Lauren doesn’t want to ask Stephen out because she thinks he’s into Elaine – but if she knew that Stephen knows that Elaine likes Bernard, and that Stephen knows that Elaine’s not into him, she might work up the guts to ask Stephen out.
Chris: I guess...so are you going to tell her?
Megan: Yeah, I’m going to tell her the whole thing tonight.",explicit,mental,1,Elaine likes Bernard,Elaine likes Stephen,a,-4.83203125,-6.0859375,-43.5,-54.78125,"tensor(-10.9062, dtype=torch.float16);tensor(0., dtype=torch.float16);tensor(-8.7422, dtype=torch.float16);tensor(0., dtype=torch.float16);tensor(-0.0156, dtype=torch.float16);tensor(-11.1094, dtype=torch.float16);tensor(-8.2031, dtype=torch.float16);tensor(-0.2969, dtype=torch.float16);tensor(-4.2188, dtype=torch.float16)","tensor(-10.9062, dtype=torch.float16);tensor(0., dtype=torch.float16);tensor(-8.7422, dtype=torch.float16);tensor(0., dtype=torch.float16);tensor(-12.1875, dtype=torch.float16);tensor(-9.5703, dtype=torch.float16);tensor(-8.7188, dtype=torch.float16);tensor(-0.2812, dtype=torch.float16);tensor(-4.3828, dtype=torch.float16)",epitome_rm
1,Bernard,implicit,"Scene 1
Megan: Lauren, your phone just buzzed.
[Lauren snatches up her phone]
Megan: Ooooh, is that a booooy?
Lauren: Maybe...OK, OK, it’s Stephen. You know, the one in my Biology class.
Megan: Oh, I didn’t know you had a thing for him. Did you know he used to be best friends with Chris?
Lauren: Which Chris?
Megan: The Chris who’s my best friend. Yeah, they were friends in elementary school.
Lauren: That’s weird. Anyway...I was actually thinking about working up the guts to ask him out, but I’m nervous.
Megan: Haha, you’d better not let our Dad find out... Anyway, why are you nervous? I’m sure he’ll say yes.
Lauren: Well, I saw him chatting to Elaine at lunchtime the other day, and he was all smiley and flirty, so I think he’s planning to ask her out.

Scene 2
Megan: Hey Elaine!
Elaine: Oh, hey cousin, could you hold this for a second?
Megan: So, I saw you flirting with Stephen the other day...he’s cute!
[Stephen walks past them, they pause awkwardly and giggle]
Elaine: Haha, yup, he is, but there’s nothing going on.
Megan: Why not?
Elaine: I kind of have a thing for Bernard...
Megan: Bernard? The one who was in the school play with me?
Elaine: Yeah, that’s the one.
Megan: Oh, I didn’t know you guys knew each other.
Elaine: I live next door to him. Anyway, he doesn’t like me back.
Megan: Why on earth not?
Elaine: Well, I dunno if it’s that he doesn’t like me, it’s more just that he thinks I don’t know him well enough to really want to date him. He says if I knew him better I wouldn’t want to...really weird.
Megan: Ugh, he’s just being melodramatic. I’m sure he’ll come round. Does Stephen know? He looked pretty into you when you were chatting.
Elaine: Yup, I told him about it ages ago, we were just laughing about Mr Murray’s new haircut.
Megan: Ah, OK. Anyway, I’d better run – hope Bernard realizes what he’s missing!

Scene 3
Megan: ...so it turns out that Elaine and Stephen aren’t into each other at all. Elaine is actually really into Bernard.
Chris: The acting one?
Megan: Yeah. Bernard’s super melodramatic, too – he doesn’t want to date Elaine because he reckons Elaine doesn’t know him well enough or something.
Chris: That’s weird. And Stephen knows that Elaine’s not into him?
Megan: Mm, Elaine told him about the whole Bernard thing ages ago.
Chris: So Lauren...
Megan: Right! So, Lauren doesn’t want to ask Stephen out because she thinks he’s into Elaine – but if she knew that Stephen knows that Elaine likes Bernard, and that Stephen knows that Elaine’s not into him, she might work up the guts to ask Stephen out.
Chris: I guess...so are you going to tell her?
Megan: Yeah, I’m going to tell her the whole thing tonight.",explicit,mental,2,Megan knows that Lauren wants to ask Stephen out,Megan doesn’t know that Lauren wants to ask Stephen out,a,-2.697265625,-2.611328125,-40.4375,-47.0,"tensor(-10.1719, dtype=torch.float16);tensor(-0.2266, dtype=torch.float16);tensor(-6.6758, dtype=torch.float16);tensor(-1.5703, dtype=torch.float16);tensor(-0.4531, dtype=torch.float16);tensor(0., dtype=torch.float16);tensor(-3.3672, dtype=torch.float16);tensor(-0.0156, dtype=torch.float16);tensor(-0.1562, dtype=torch.float16);tensor(-0.0469, dtype=torch.float16);tensor(0., dtype=torch.float16);tensor(-9.0391, dtype=torch.float16);tensor(-4.6719, dtype=torch.float16);tensor(-0.0547, dtype=torch.float16);tensor(-4.0039, dtype=torch.float16)","tensor(-10.1719, dtype=torch.float16);tensor(-0.2266, dtype=torch.float16);tensor(-7.8555, dtype=torch.float16);tensor(-0.2500, dtype=torch.float16);tensor(0., dtype=torch.float16);tensor(-2.0078, dtype=torch.float16);tensor(-4.6484, dtype=torch.float16);tensor(-0.4844, dtype=torch.float16);tensor(0., dtype=torch.float16);tensor(-4.1641, dtype=torch.float16);tensor(-0.0156, dtype=torch.float16);tensor(-0.0312, dtype=torch.float16);tensor(-0.0469, dtype=torch.float16);tensor(0., dtype=torch.float16);tensor(-8.6406, dtype=torch.float16);tensor(-4.8203, dtype=torch.float16);tensor(-0.0703, dtype=torch.float16);tensor(-3.5547, dtype=torch.float16)",epitome_rm
1,Bernard,implicit,"Scene 1
Megan: Lauren, your phone just buzzed.
[Lauren snatches up her phone]
Megan: Ooooh, is that a booooy?
Lauren: Maybe...OK, OK, it’s Stephen. You know, the one in my Biology class.
Megan: Oh, I didn’t know you had a thing for him. Did you know he used to be best friends with Chris?
Lauren: Which Chris?
Megan: The Chris who’s my best friend. Yeah, they were friends in elementary school.
Lauren: That’s weird. Anyway...I was actually thinking about working up the guts to ask him out, but I’m nervous.
Megan: Haha, you’d better not let our Dad find out... Anyway, why are you nervous? I’m sure he’ll say yes.
Lauren: Well, I saw him chatting to Elaine at lunchtime the other day, and he was all smiley and flirty, so I think he’s planning to ask her out.

Scene 2
Megan: Hey Elaine!
Elaine: Oh, hey cousin, could you hold this for a second?
Megan: So, I saw you flirting with Stephen the other day...he’s cute!
[Stephen walks past them, they pause awkwardly and giggle]
Elaine: Haha, yup, he is, but there’s nothing going on.
Megan: Why not?
Elaine: I kind of have a thing for Bernard...
Megan: Bernard? The one who was in the school play with me?
Elaine: Yeah, that’s the one.
Megan: Oh, I didn’t know you guys knew each other.
Elaine: I live next door to him. Anyway, he doesn’t like me back.
Megan: Why on earth not?
Elaine: Well, I dunno if it’s that he doesn’t like me, it’s more just that he thinks I don’t know him well enough to really want to date him. He says if I knew him better I wouldn’t want to...really weird.
Megan: Ugh, he’s just being melodramatic. I’m sure he’ll come round. Does Stephen know? He looked pretty into you when you were chatting.
Elaine: Yup, I told him about it ages ago, we were just laughing about Mr Murray’s new haircut.
Megan: Ah, OK. Anyway, I’d better run – hope Bernard realizes what he’s missing!

Scene 3
Megan: ...so it turns out that Elaine and Stephen aren’t into each other at all. Elaine is actually really into Bernard.
Chris: The acting one?
Megan: Yeah. Bernard’s super melodramatic, too – he doesn’t want to date Elaine because he reckons Elaine doesn’t know him well enough or something.
Chris: That’s weird. And Stephen knows that Elaine’s not into him?
Megan: Mm, Elaine told him about the whole Bernard thing ages ago.
Chris: So Lauren...
Megan: Right! So, Lauren doesn’t want to ask Stephen out because she thinks he’s into Elaine – but if she knew that Stephen knows that Elaine likes Bernard, and that Stephen knows that Elaine’s not into him, she might work up the guts to ask Stephen out.
Chris: I guess...so are you going to tell her?
Megan: Yeah, I’m going to tell her the whole thing tonight.",explicit,mental,3,Elaine doesn’t know that Bernard feels that she doesn’t know him well enough to date,Elaine knows that Bernard feels that she doesn’t know him well enough to date,b,-3.5546875,-3.03125,-74.6875,-72.75,"tensor(-10.9062, dtype=torch.float16);tensor(0., dtype=torch.float16);tensor(-5.1172, dtype=torch.float16);tensor(-1.7734, dtype=torch.float16);tensor(-5.0703, dtype=torch.float16);tensor(-10.3281, dtype=torch.float16);tensor(-0.5156, dtype=torch.float16);tensor(-12.2656, dtype=torch.float16);tensor(-0.0156, dtype=torch.float16);tensor(-0.0156, dtype=torch.float16);tensor(0., dtype=torch.float16);tensor(-0.0156, dtype=torch.float16);tensor(0., dtype=torch.float16);tensor(-0.0312, dtype=torch.float16);tensor(-0.0156, dtype=torch.float16);tensor(-0.4219, dtype=torch.float16);tensor(-0.5312, dtype=torch.float16);tensor(-13.6797, dtype=torch.float16);tensor(-9.2969, dtype=torch.float16);tensor(-0.0312, dtype=torch.float16);tensor(-4.6328, dtype=torch.float16)","tensor(-10.9062, dtype=torch.float16);tensor(0., dtype=torch.float16);tensor(-5.8906, dtype=torch.float16);tensor(-0.0156, dtype=torch.float16);tensor(0., dtype=torch.float16);tensor(-2.5625, dtype=torch.float16);tensor(-0.5781, dtype=torch.float16);tensor(-3.4531, dtype=torch.float16);tensor(-5.8594, dtype=torch.float16);tensor(-0.2031, dtype=torch.float16);tensor(-14.8984, dtype=torch.float16);tensor(-0.0312, dtype=torch.float16);tensor(0., dtype=torch.float16);tensor(0., dtype=torch.float16);tensor(0., dtype=torch.float16);tensor(0., dtype=torch.float16);tensor(-0.0312, dtype=torch.float16);tensor(-0.0156, dtype=torch.float16);tensor(-0.7031, dtype=torch.float16);tensor(-0.4688, dtype=torch.float16);tensor(-14.2031, dtype=torch.float16);tensor(-9.2812, dtype=torch.float16);tensor(-0.0547, dtype=torch.float16);tensor(-3.5703, dtype=torch.float16)",epitome_rm
1,Bernard,implicit,"Scene 1
Megan: Lauren, your phone just buzzed.
[Lauren snatches up her phone]
Megan: Ooooh, is that a booooy?
Lauren: Maybe...OK, OK, it’s Stephen. You know, the one in my Biology class.
Megan: Oh, I didn’t know you had a thing for him. Did you know he used to be best friends with Chris?
Lauren: Which Chris?
Megan: The Chris who’s my best friend. Yeah, they were friends in elementary school.
Lauren: That’s weird. Anyway...I was actually thinking about working up the guts to ask him out, but I’m nervous.
Megan: Haha, you’d better not let our Dad find out... Anyway, why are you nervous? I’m sure he’ll say yes.
Lauren: Well, I saw him chatting to Elaine at lunchtime the other day, and he was all smiley and flirty, so I think he’s planning to ask her out.

Scene 2
Megan: Hey Elaine!
Elaine: Oh, hey cousin, could you hold this for a second?
Megan: So, I saw you flirting with Stephen the other day...he’s cute!
[Stephen walks past them, they pause awkwardly and giggle]
Elaine: Haha, yup, he is, but there’s nothing going on.
Megan: Why not?
Elaine: I kind of have a thing for Bernard...
Megan: Bernard? The one who was in the school play with me?
Elaine: Yeah, that’s the one.
Megan: Oh, I didn’t know you guys knew each other.
Elaine: I live next door to him. Anyway, he doesn’t like me back.
Megan: Why on earth not?
Elaine: Well, I dunno if it’s that he doesn’t like me, it’s more just that he thinks I don’t know him well enough to really want to date him. He says if I knew him better I wouldn’t want to...really weird.
Megan: Ugh, he’s just being melodramatic. I’m sure he’ll come round. Does Stephen know? He looked pretty into you when you were chatting.
Elaine: Yup, I told him about it ages ago, we were just laughing about Mr Murray’s new haircut.
Megan: Ah, OK. Anyway, I’d better run – hope Bernard realizes what he’s missing!

Scene 3
Megan: ...so it turns out that Elaine and Stephen aren’t into each other at all. Elaine is actually really into Bernard.
Chris: The acting one?
Megan: Yeah. Bernard’s super melodramatic, too – he doesn’t want to date Elaine because he reckons Elaine doesn’t know him well enough or something.
Chris: That’s weird. And Stephen knows that Elaine’s not into him?
Megan: Mm, Elaine told him about the whole Bernard thing ages ago.
Chris: So Lauren...
Megan: Right! So, Lauren doesn’t want to ask Stephen out because she thinks he’s into Elaine – but if she knew that Stephen knows that Elaine likes Bernard, and that Stephen knows that Elaine’s not into him, she might work up the guts to ask Stephen out.
Chris: I guess...so are you going to tell her?
Megan: Yeah, I’m going to tell her the whole thing tonight.",explicit,mental,4,Stephen knows that Elaine knows that Bernard feels she doesn’t know him well enough to date,Stephen doesn’t know that Elaine knows that Bernard feels she doesn’t know him well enough to date,a,-3.15625,-2.951171875,-72.625,-76.75,"tensor(-13.5391, dtype=torch.float16);tensor(-4.6484, dtype=torch.float16);tensor(-1.3125, dtype=torch.float16);tensor(-0.0156, dtype=torch.float16);tensor(0., dtype=torch.float16);tensor(-5.6016, dtype=torch.float16);tensor(-0.4219, dtype=torch.float16);tensor(-0.6719, dtype=torch.float16);tensor(-10.8516, dtype=torch.float16);tensor(-9.1094, dtype=torch.float16);tensor(-0.0156, dtype=torch.float16);tensor(0., dtype=torch.float16);tensor(0., dtype=torch.float16);tensor(0., dtype=torch.float16);tensor(0., dtype=torch.float16);tensor(-0.0156, dtype=torch.float16);tensor(-0.0156, dtype=torch.float16);tensor(-0.4062, dtype=torch.float16);tensor(-0.2656, dtype=torch.float16);tensor(-14.1875, dtype=torch.float16);tensor(-8.4844, dtype=torch.float16);tensor(-0.0312, dtype=torch.float16);tensor(-3., dtype=torch.float16)","tensor(-13.5391, dtype=torch.float16);tensor(-2.9844, dtype=torch.float16);tensor(-0.0156, dtype=torch.float16);tensor(0., dtype=torch.float16);tensor(-2.0938, dtype=torch.float16);tensor(-0.7344, dtype=torch.float16);tensor(-0.0625, dtype=torch.float16);tensor(0., dtype=torch.float16);tensor(-4.9141, dtype=torch.float16);tensor(-0.9844, dtype=torch.float16);tensor(-1.4375, dtype=torch.float16);tensor(-9.2891, dtype=torch.float16);tensor(-12.2266, dtype=torch.float16);tensor(-0.0156, dtype=torch.float16);tensor(0., dtype=torch.float16);tensor(0., dtype=torch.float16);tensor(0., dtype=torch.float16);tensor(0., dtype=torch.float16);tensor(0., dtype=torch.float16);tensor(0., dtype=torch.float16);tensor(-0.6562, dtype=torch.float16);tensor(-0.4531, dtype=torch.float16);tensor(-14.8438, dtype=torch.float16);tensor(-9.3906, dtype=torch.float16);tensor(-0.0547, dtype=torch.float16);tensor(-3.0469, dtype=torch.float16)",epitome_rm
1,Bernard,implicit,"Scene 1
Megan: Lauren, your phone just buzzed.
[Lauren snatches up her phone]
Megan: Ooooh, is that a booooy?
Lauren: Maybe...OK, OK, it’s Stephen. You know, the one in my Biology class.
Megan: Oh, I didn’t know you had a thing for him. Did you know he used to be best friends with Chris?
Lauren: Which Chris?
Megan: The Chris who’s my best friend. Yeah, they were friends in elementary school.
Lauren: That’s weird. Anyway...I was actually thinking about working up the guts to ask him out, but I’m nervous.
Megan: Haha, you’d better not let our Dad find out... Anyway, why are you nervous? I’m sure he’ll say yes.
Lauren: Well, I saw him chatting to Elaine at lunchtime the other day, and he was all smiley and flirty, so I think he’s planning to ask her out.

Scene 2
Megan: Hey Elaine!
Elaine: Oh, hey cousin, could you hold this for a second?
Megan: So, I saw you flirting with Stephen the other day...he’s cute!
[Stephen walks past them, they pause awkwardly and giggle]
Elaine: Haha, yup, he is, but there’s nothing going on.
Megan: Why not?
Elaine: I kind of have a thing for Bernard...
Megan: Bernard? The one who was in the school play with me?
Elaine: Yeah, that’s the one.
Megan: Oh, I didn’t know you guys knew each other.
Elaine: I live next door to him. Anyway, he doesn’t like me back.
Megan: Why on earth not?
Elaine: Well, I dunno if it’s that he doesn’t like me, it’s more just that he thinks I don’t know him well enough to really want to date him. He says if I knew him better I wouldn’t want to...really weird.
Megan: Ugh, he’s just being melodramatic. I’m sure he’ll come round. Does Stephen know? He looked pretty into you when you were chatting.
Elaine: Yup, I told him about it ages ago, we were just laughing about Mr Murray’s new haircut.
Megan: Ah, OK. Anyway, I’d better run – hope Bernard realizes what he’s missing!

Scene 3
Megan: ...so it turns out that Elaine and Stephen aren’t into each other at all. Elaine is actually really into Bernard.
Chris: The acting one?
Megan: Yeah. Bernard’s super melodramatic, too – he doesn’t want to date Elaine because he reckons Elaine doesn’t know him well enough or something.
Chris: That’s weird. And Stephen knows that Elaine’s not into him?
Megan: Mm, Elaine told him about the whole Bernard thing ages ago.
Chris: So Lauren...
Megan: Right! So, Lauren doesn’t want to ask Stephen out because she thinks he’s into Elaine – but if she knew that Stephen knows that Elaine likes Bernard, and that Stephen knows that Elaine’s not into him, she might work up the guts to ask Stephen out.
Chris: I guess...so are you going to tell her?
Megan: Yeah, I’m going to tell her the whole thing tonight.",explicit,mental,5,Megan knows that Stephen doesn’t know that Elaine knows that Bernard feels that she doesn’t know him well enough to date,Megan knows that Stephen knows that Elaine knows that Bernard feels that she doesn’t know him well enough to date,b,-2.63671875,-2.751953125,-73.8125,-85.3125,"tensor(-10.1797, dtype=torch.float16);tensor(-0.2266, dtype=torch.float16);tensor(-6.6719, dtype=torch.float16);tensor(-1.5703, dtype=torch.float16);tensor(-3.6797, dtype=torch.float16);tensor(-6.0547, dtype=torch.float16);tensor(-0.4219, dtype=torch.float16);tensor(-0.0156, dtype=torch.float16);tensor(0., dtype=torch.float16);tensor(-5.4141, dtype=torch.float16);tensor(-0.4297, dtype=torch.float16);tensor(-0.2344, dtype=torch.float16);tensor(-10.0781, dtype=torch.float16);tensor(-1.5391, dtype=torch.float16);tensor(-4.7812, dtype=torch.float16);tensor(-0.1406, dtype=torch.float16);tensor(-0.3438, dtype=torch.float16);tensor(0., dtype=torch.float16);tensor(-0.0312, dtype=torch.float16);tensor(0., dtype=torch.float16);tensor(-0.0312, dtype=torch.float16);tensor(-0.0156, dtype=torch.float16);tensor(-0.2812, dtype=torch.float16);tensor(-0.5625, dtype=torch.float16);tensor(-13.1953, dtype=torch.float16);tensor(-4.8125, dtype=torch.float16);tensor(-0.0469, dtype=torch.float16);tensor(-3.0703, dtype=torch.float16)","tensor(-10.1797, dtype=torch.float16);tensor(-0.2266, dtype=torch.float16);tensor(-6.6719, dtype=torch.float16);tensor(-1.5703, dtype=torch.float16);tensor(-3.6797, dtype=torch.float16);tensor(-4.3750, dtype=torch.float16);tensor(-0.6250, dtype=torch.float16);tensor(0., dtype=torch.float16);tensor(-4.5078, dtype=torch.float16);tensor(-0.4219, dtype=torch.float16);tensor(-0.0625, dtype=torch.float16);tensor(0., dtype=torch.float16);tensor(-5.0547, dtype=torch.float16);tensor(-0.4219, dtype=torch.float16);tensor(-0.7188, dtype=torch.float16);tensor(-9.6328, dtype=torch.float16);tensor(-0.1562, dtype=torch.float16);tensor(-10.1719, dtype=torch.float16);tensor(-0.0469, dtype=torch.float16);tensor(-0.0156, dtype=torch.float16);tensor(0., dtype=torch.float16);tensor(-0.0156, dtype=torch.float16);tensor(0., dtype=torch.float16);tensor(-0.0156, dtype=torch.float16);tensor(-0.0156, dtype=torch.float16);tensor(-0.3281, dtype=torch.float16);tensor(-1., dtype=torch.float16);tensor(-13.8281, dtype=torch.float16);tensor(-7.9883, dtype=torch.float16);tensor(-0.0625, dtype=torch.float16);tensor(-3.5312, dtype=torch.float16)",epitome_rm
1,Bernard,implicit,"Scene 1
Megan: Lauren, your phone just buzzed.
[Lauren snatches up her phone]
Megan: Ooooh, is that a booooy?
Lauren: Maybe...OK, OK, it’s Stephen. You know, the one in my Biology class.
Megan: Oh, I didn’t know you had a thing for him. Did you know he used to be best friends with Chris?
Lauren: Which Chris?
Megan: The Chris who’s my best friend. Yeah, they were friends in elementary school.
Lauren: That’s weird. Anyway...I was actually thinking about working up the guts to ask him out, but I’m nervous.
Megan: Haha, you’d better not let our Dad find out... Anyway, why are you nervous? I’m sure he’ll say yes.
Lauren: Well, I saw him chatting to Elaine at lunchtime the other day, and he was all smiley and flirty, so I think he’s planning to ask her out.

Scene 2
Megan: Hey Elaine!
Elaine: Oh, hey cousin, could you hold this for a second?
Megan: So, I saw you flirting with Stephen the other day...he’s cute!
[Stephen walks past them, they pause awkwardly and giggle]
Elaine: Haha, yup, he is, but there’s nothing going on.
Megan: Why not?
Elaine: I kind of have a thing for Bernard...
Megan: Bernard? The one who was in the school play with me?
Elaine: Yeah, that’s the one.
Megan: Oh, I didn’t know you guys knew each other.
Elaine: I live next door to him. Anyway, he doesn’t like me back.
Megan: Why on earth not?
Elaine: Well, I dunno if it’s that he doesn’t like me, it’s more just that he thinks I don’t know him well enough to really want to date him. He says if I knew him better I wouldn’t want to...really weird.
Megan: Ugh, he’s just being melodramatic. I’m sure he’ll come round. Does Stephen know? He looked pretty into you when you were chatting.
Elaine: Yup, I told him about it ages ago, we were just laughing about Mr Murray’s new haircut.
Megan: Ah, OK. Anyway, I’d better run – hope Bernard realizes what he’s missing!

Scene 3
Megan: ...so it turns out that Elaine and Stephen aren’t into each other at all. Elaine is actually really into Bernard.
Chris: The acting one?
Megan: Yeah. Bernard’s super melodramatic, too – he doesn’t want to date Elaine because he reckons Elaine doesn’t know him well enough or something.
Chris: That’s weird. And Stephen knows that Elaine’s not into him?
Megan: Mm, Elaine told him about the whole Bernard thing ages ago.
Chris: So Lauren...
Megan: Right! So, Lauren doesn’t want to ask Stephen out because she thinks he’s into Elaine – but if she knew that Stephen knows that Elaine likes Bernard, and that Stephen knows that Elaine’s not into him, she might work up the guts to ask Stephen out.
Chris: I guess...so are you going to tell her?
Megan: Yeah, I’m going to tell her the whole thing tonight.",explicit,mental,6,Chris knows that Megan knows that Stephen knows that Elaine knows that Bernard feels that she doesn’t know him well enough to date,Chris doesn’t know that Megan knows that Stephen knows that Elaine knows that Bernard feels that she doesn’t know him well enough to date,a,-2.6640625,-2.59375,-82.5625,-88.1875,"tensor(-12.2891, dtype=torch.float16);tensor(-8.3594, dtype=torch.float16);tensor(-4.8906, dtype=torch.float16);tensor(-6.8594, dtype=torch.float16);tensor(0., dtype=torch.float16);tensor(-2.0156, dtype=torch.float16);tensor(-1.9531, dtype=torch.float16);tensor(-1.7500, dtype=torch.float16);tensor(-1.1797, dtype=torch.float16);tensor(-0.2812, dtype=torch.float16);tensor(-0.0156, dtype=torch.float16);tensor(0., dtype=torch.float16);tensor(-3.0859, dtype=torch.float16);tensor(-0.2188, dtype=torch.float16);tensor(-0.0625, dtype=torch.float16);tensor(-9.9531, dtype=torch.float16);tensor(-1.7188, dtype=torch.float16);tensor(-4.5938, dtype=torch.float16);tensor(-0.1562, dtype=torch.float16);tensor(-0.5469, dtype=torch.float16);tensor(0., dtype=torch.float16);tensor(-0.0156, dtype=torch.float16);tensor(0., dtype=torch.float16);tensor(-0.0156, dtype=torch.float16);tensor(-0.0156, dtype=torch.float16);tensor(-0.3750, dtype=torch.float16);tensor(-0.5469, dtype=torch.float16);tensor(-13.0938, dtype=torch.float16);tensor(-4.4141, dtype=torch.float16);tensor(-0.0625, dtype=torch.float16);tensor(-4.1016, dtype=torch.float16)","tensor(-12.2891, dtype=torch.float16);tensor(-8.4844, dtype=torch.float16);tensor(-0.1562, dtype=torch.float16);tensor(0., dtype=torch.float16);tensor(-1.2656, dtype=torch.float16);tensor(-5.0469, dtype=torch.float16);tensor(-7.8125, dtype=torch.float16);tensor(0., dtype=torch.float16);tensor(-1., dtype=torch.float16);tensor(-1.7188, dtype=torch.float16);tensor(-0.8750, dtype=torch.float16);tensor(-1., dtype=torch.float16);tensor(-0.5000, dtype=torch.float16);tensor(-0.0156, dtype=torch.float16);tensor(0., dtype=torch.float16);tensor(-3.5391, dtype=torch.float16);tensor(-0.3438, dtype=torch.float16);tensor(-0.0469, dtype=torch.float16);tensor(-10.6094, dtype=torch.float16);tensor(-0.6875, dtype=torch.float16);tensor(-7.0312, dtype=torch.float16);tensor(-0.0781, dtype=torch.float16);tensor(-0.0156, dtype=torch.float16);tensor(0., dtype=torch.float16);tensor(-0.0156, dtype=torch.float16);tensor(0., dtype=torch.float16);tensor(-0.0156, dtype=torch.float16);tensor(-0.0156, dtype=torch.float16);tensor(-0.6406, dtype=torch.float16);tensor(-0.7031, dtype=torch.float16);tensor(-13.6406, dtype=torch.float16);tensor(-6.6523, dtype=torch.float16);tensor(-0.0469, dtype=torch.float16);tensor(-3.9297, dtype=torch.float16)",epitome_rm
1,Bernard,implicit,"Scene 1
Megan: Lauren, your phone just buzzed.
[Lauren snatches up her phone]
Megan: Ooooh, is that a booooy?
Lauren: Maybe...OK, OK, it’s Stephen. You know, the one in my Biology class.
Megan: Oh, I didn’t know you had a thing for him. Did you know he used to be best friends with Chris?
Lauren: Which Chris?
Megan: The Chris who’s my best friend. Yeah, they were friends in elementary school.
Lauren: That’s weird. Anyway...I was actually thinking about working up the guts to ask him out, but I’m nervous.
Megan: Haha, you’d better not let our Dad find out... Anyway, why are you nervous? I’m sure he’ll say yes.
Lauren: Well, I saw him chatting to Elaine at lunchtime the other day, and he was all smiley and flirty, so I think he’s planning to ask her out.

Scene 2
Megan: Hey Elaine!
Elaine: Oh, hey cousin, could you hold this for a second?
Megan: So, I saw you flirting with Stephen the other day...he’s cute!
[Stephen walks past them, they pause awkwardly and giggle]
Elaine: Haha, yup, he is, but there’s nothing going on.
Megan: Why not?
Elaine: I kind of have a thing for Bernard...
Megan: Bernard? The one who was in the school play with me?
Elaine: Yeah, that’s the one.
Megan: Oh, I didn’t know you guys knew each other.
Elaine: I live next door to him. Anyway, he doesn’t like me back.
Megan: Why on earth not?
Elaine: Well, I dunno if it’s that he doesn’t like me, it’s more just that he thinks I don’t know him well enough to really want to date him. He says if I knew him better I wouldn’t want to...really weird.
Megan: Ugh, he’s just being melodramatic. I’m sure he’ll come round. Does Stephen know? He looked pretty into you when you were chatting.
Elaine: Yup, I told him about it ages ago, we were just laughing about Mr Murray’s new haircut.
Megan: Ah, OK. Anyway, I’d better run – hope Bernard realizes what he’s missing!

Scene 3
Megan: ...so it turns out that Elaine and Stephen aren’t into each other at all. Elaine is actually really into Bernard.
Chris: The acting one?
Megan: Yeah. Bernard’s super melodramatic, too – he doesn’t want to date Elaine because he reckons Elaine doesn’t know him well enough or something.
Chris: That’s weird. And Stephen knows that Elaine’s not into him?
Megan: Mm, Elaine told him about the whole Bernard thing ages ago.
Chris: So Lauren...
Megan: Right! So, Lauren doesn’t want to ask Stephen out because she thinks he’s into Elaine – but if she knew that Stephen knows that Elaine likes Bernard, and that Stephen knows that Elaine’s not into him, she might work up the guts to ask Stephen out.
Chris: I guess...so are you going to tell her?
Megan: Yeah, I’m going to tell her the whole thing tonight.",explicit,mental,7,"Megan wants Lauren to know that she, Megan, knows that Stephen knows that Elaine knows that Bernard feels she doesn’t know him well enough to date, so that Lauren asks Stephen out","Megan doesn’t want Lauren to know that she, Megan, knows that Stephen knows that Elaine knows that Bernard feels she doesn’t know him well enough to date, so that Lauren doesn’t ask Stephen out",a,-2.359375,-2.181640625,-108.5,-113.4375,"tensor(-10.1562, dtype=torch.float16);tensor(-0.2266, dtype=torch.float16);tensor(-8.1797, dtype=torch.float16);tensor(-2.5938, dtype=torch.float16);tensor(0., dtype=torch.float16);tensor(-0.0312, dtype=torch.float16);tensor(-1.1094, dtype=torch.float16);tensor(-1.3359, dtype=torch.float16);tensor(-1.3203, dtype=torch.float16);tensor(-8.0938, dtype=torch.float16);tensor(-0.5781, dtype=torch.float16);tensor(0., dtype=torch.float16);tensor(-0.0469, dtype=torch.float16);tensor(-1.5156, dtype=torch.float16);tensor(-1.7891, dtype=torch.float16);tensor(-1.4219, dtype=torch.float16);tensor(-3.6719, dtype=torch.float16);tensor(-0.2031, dtype=torch.float16);tensor(-0.0156, dtype=torch.float16);tensor(0., dtype=torch.float16);tensor(-5.5234, dtype=torch.float16);tensor(-0.4531, dtype=torch.float16);tensor(-0.0938, dtype=torch.float16);tensor(-10.6875, dtype=torch.float16);tensor(-7.2617, dtype=torch.float16);tensor(-0.1250, dtype=torch.float16);tensor(-0.3750, dtype=torch.float16);tensor(0., dtype=torch.float16);tensor(0., dtype=torch.float16);tensor(0., dtype=torch.float16);tensor(-0.0156, dtype=torch.float16);tensor(-0.0156, dtype=torch.float16);tensor(-0.4531, dtype=torch.float16);tensor(-0.4062, dtype=torch.float16);tensor(-5.6953, dtype=torch.float16);tensor(-3.0859, dtype=torch.float16);tensor(-2.6172, dtype=torch.float16);tensor(-1.2734, dtype=torch.float16);tensor(0., dtype=torch.float16);tensor(-9.0703, dtype=torch.float16);tensor(-0.6094, dtype=torch.float16);tensor(-0.0156, dtype=torch.float16);tensor(-9.3750, dtype=torch.float16);tensor(-3.4844, dtype=torch.float16);tensor(-0.1406, dtype=torch.float16);tensor(-5.4219, dtype=torch.float16)","tensor(-10.1562, dtype=torch.float16);tensor(-0.2266, dtype=torch.float16);tensor(-7.8477, dtype=torch.float16);tensor(-0.2500, dtype=torch.float16);tensor(0., dtype=torch.float16);tensor(-0.6094, dtype=torch.float16);tensor(-1.7188, dtype=torch.float16);tensor(0., dtype=torch.float16);tensor(-0.0625, dtype=torch.float16);tensor(-9.1719, dtype=torch.float16);tensor(-0.4219, dtype=torch.float16);tensor(-0.5938, dtype=torch.float16);tensor(-4.5156, dtype=torch.float16);tensor(-0.1406, dtype=torch.float16);tensor(0., dtype=torch.float16);tensor(-0.0312, dtype=torch.float16);tensor(-0.5938, dtype=torch.float16);tensor(-1.5000, dtype=torch.float16);tensor(-1.1250, dtype=torch.float16);tensor(-2.0859, dtype=torch.float16);tensor(-0.5156, dtype=torch.float16);tensor(-0.0156, dtype=torch.float16);tensor(0., dtype=torch.float16);tensor(-5.7031, dtype=torch.float16);tensor(-0.4844, dtype=torch.float16);tensor(-0.0625, dtype=torch.float16);tensor(-11.1250, dtype=torch.float16);tensor(-8.5781, dtype=torch.float16);tensor(-0.1094, dtype=torch.float16);tensor(-0.0156, dtype=torch.float16);tensor(0., dtype=torch.float16);tensor(0., dtype=torch.float16);tensor(0., dtype=torch.float16);tensor(-0.0156, dtype=torch.float16);tensor(0., dtype=torch.float16);tensor(-0.7188, dtype=torch.float16);tensor(-0.3906, dtype=torch.float16);tensor(-7.5234, dtype=torch.float16);tensor(-2.4922, dtype=torch.float16);tensor(-3.3438, dtype=torch.float16);tensor(-5.3359, dtype=torch.float16);tensor(0., dtype=torch.float16);tensor(-0.8594, dtype=torch.float16);tensor(-0.0312, dtype=torch.float16);tensor(0., dtype=torch.float16);tensor(-6.1250, dtype=torch.float16);tensor(-0.1562, dtype=torch.float16);tensor(-0.0469, dtype=torch.float16);tensor(-9.6562, dtype=torch.float16);tensor(-4.9688, dtype=torch.float16);tensor(-0.0703, dtype=torch.float16);tensor(-4.0352, dtype=torch.float16)",epitome_rm
1,Bernard,implicit,"Scene 1
Megan: Lauren, your phone just buzzed.
[Lauren snatches up her phone]
Megan: Ooooh, is that a booooy?
Lauren: Maybe...OK, OK, it’s Stephen. You know, the one in my Biology class.
Megan: Oh, I didn’t know you had a thing for him. Did you know he used to be best friends with Chris?
Lauren: Which Chris?
Megan: The Chris who’s my best friend. Yeah, they were friends in elementary school.
Lauren: That’s weird. Anyway...I was actually thinking about working up the guts to ask him out, but I’m nervous.
Megan: Haha, you’d better not let our Dad find out... Anyway, why are you nervous? I’m sure he’ll say yes.
Lauren: Well, I saw him chatting to Elaine at lunchtime the other day, and he was all smiley and flirty, so I think he’s planning to ask her out.

Scene 2
Megan: Hey Elaine!
Elaine: Oh, hey cousin, could you hold this for a second?
Megan: So, I saw you flirting with Stephen the other day...he’s cute!
[Stephen walks past them, they pause awkwardly and giggle]
Elaine: Haha, yup, he is, but there’s nothing going on.
Megan: Why not?
Elaine: I kind of have a thing for Bernard...
Megan: Bernard? The one who was in the school play with me?
Elaine: Yeah, that’s the one.
Megan: Oh, I didn’t know you guys knew each other.
Elaine: I live next door to him. Anyway, he doesn’t like me back.
Megan: Why on earth not?
Elaine: Well, I dunno if it’s that he doesn’t like me, it’s more just that he thinks I don’t know him well enough to really want to date him. He says if I knew him better I wouldn’t want to...really weird.
Megan: Ugh, he’s just being melodramatic. I’m sure he’ll come round. Does Stephen know? He looked pretty into you when you were chatting.
Elaine: Yup, I told him about it ages ago, we were just laughing about Mr Murray’s new haircut.
Megan: Ah, OK. Anyway, I’d better run – hope Bernard realizes what he’s missing!

Scene 3
Megan: ...so it turns out that Elaine and Stephen aren’t into each other at all. Elaine is actually really into Bernard.
Chris: The acting one?
Megan: Yeah. Bernard’s super melodramatic, too – he doesn’t want to date Elaine because he reckons Elaine doesn’t know him well enough or something.
Chris: That’s weird. And Stephen knows that Elaine’s not into him?
Megan: Mm, Elaine told him about the whole Bernard thing ages ago.
Chris: So Lauren...
Megan: Right! So, Lauren doesn’t want to ask Stephen out because she thinks he’s into Elaine – but if she knew that Stephen knows that Elaine likes Bernard, and that Stephen knows that Elaine’s not into him, she might work up the guts to ask Stephen out.
Chris: I guess...so are you going to tell her?
Megan: Yeah, I’m going to tell her the whole thing tonight.",explicit,control,1,Lauren is Megan’s sister,Lauren is Megan’s friend,a,-3.5625,-3.669921875,-42.75,-44.03125,"tensor(-11.7344, dtype=torch.float16);tensor(0., dtype=torch.float16);tensor(-2.9062, dtype=torch.float16);tensor(-10.4375, dtype=torch.float16);tensor(-0.0156, dtype=torch.float16);tensor(-2.5391, dtype=torch.float16);tensor(0., dtype=torch.float16);tensor(-1.3906, dtype=torch.float16);tensor(-9.4062, dtype=torch.float16);tensor(-0.3438, dtype=torch.float16);tensor(-0.2422, dtype=torch.float16);tensor(-3.7344, dtype=torch.float16)","tensor(-11.7344, dtype=torch.float16);tensor(0., dtype=torch.float16);tensor(-2.9062, dtype=torch.float16);tensor(-10.4375, dtype=torch.float16);tensor(-0.0156, dtype=torch.float16);tensor(-2.5391, dtype=torch.float16);tensor(0., dtype=torch.float16);tensor(-2.5156, dtype=torch.float16);tensor(-9.0078, dtype=torch.float16);tensor(-0.0938, dtype=torch.float16);tensor(-0.1016, dtype=torch.float16);tensor(-4.6836, dtype=torch.float16)",epitome_rm
1,Bernard,implicit,"Scene 1
Megan: Lauren, your phone just buzzed.
[Lauren snatches up her phone]
Megan: Ooooh, is that a booooy?
Lauren: Maybe...OK, OK, it’s Stephen. You know, the one in my Biology class.
Megan: Oh, I didn’t know you had a thing for him. Did you know he used to be best friends with Chris?
Lauren: Which Chris?
Megan: The Chris who’s my best friend. Yeah, they were friends in elementary school.
Lauren: That’s weird. Anyway...I was actually thinking about working up the guts to ask him out, but I’m nervous.
Megan: Haha, you’d better not let our Dad find out... Anyway, why are you nervous? I’m sure he’ll say yes.
Lauren: Well, I saw him chatting to Elaine at lunchtime the other day, and he was all smiley and flirty, so I think he’s planning to ask her out.

Scene 2
Megan: Hey Elaine!
Elaine: Oh, hey cousin, could you hold this for a second?
Megan: So, I saw you flirting with Stephen the other day...he’s cute!
[Stephen walks past them, they pause awkwardly and giggle]
Elaine: Haha, yup, he is, but there’s nothing going on.
Megan: Why not?
Elaine: I kind of have a thing for Bernard...
Megan: Bernard? The one who was in the school play with me?
Elaine: Yeah, that’s the one.
Megan: Oh, I didn’t know you guys knew each other.
Elaine: I live next door to him. Anyway, he doesn’t like me back.
Megan: Why on earth not?
Elaine: Well, I dunno if it’s that he doesn’t like me, it’s more just that he thinks I don’t know him well enough to really want to date him. He says if I knew him better I wouldn’t want to...really weird.
Megan: Ugh, he’s just being melodramatic. I’m sure he’ll come round. Does Stephen know? He looked pretty into you when you were chatting.
Elaine: Yup, I told him about it ages ago, we were just laughing about Mr Murray’s new haircut.
Megan: Ah, OK. Anyway, I’d better run – hope Bernard realizes what he’s missing!

Scene 3
Megan: ...so it turns out that Elaine and Stephen aren’t into each other at all. Elaine is actually really into Bernard.
Chris: The acting one?
Megan: Yeah. Bernard’s super melodramatic, too – he doesn’t want to date Elaine because he reckons Elaine doesn’t know him well enough or something.
Chris: That’s weird. And Stephen knows that Elaine’s not into him?
Megan: Mm, Elaine told him about the whole Bernard thing ages ago.
Chris: So Lauren...
Megan: Right! So, Lauren doesn’t want to ask Stephen out because she thinks he’s into Elaine – but if she knew that Stephen knows that Elaine likes Bernard, and that Stephen knows that Elaine’s not into him, she might work up the guts to ask Stephen out.
Chris: I guess...so are you going to tell her?
Megan: Yeah, I’m going to tell her the whole thing tonight.",explicit,control,2,Stephen has Biology with Megan’s sister Lauren,Stephen was in the school play with Megan’s friend Chris,a,-4.02734375,-3.87890625,-64.4375,-65.9375,"tensor(-13.5391, dtype=torch.float16);tensor(-5.8359, dtype=torch.float16);tensor(-12.2656, dtype=torch.float16);tensor(0., dtype=torch.float16);tensor(-0.7188, dtype=torch.float16);tensor(-9.7188, dtype=torch.float16);tensor(-0.0156, dtype=torch.float16);tensor(-5.1797, dtype=torch.float16);tensor(0., dtype=torch.float16);tensor(-1.3203, dtype=torch.float16);tensor(-0.5312, dtype=torch.float16);tensor(0., dtype=torch.float16);tensor(-8.8203, dtype=torch.float16);tensor(-3.2578, dtype=torch.float16);tensor(-0.3828, dtype=torch.float16);tensor(-2.8750, dtype=torch.float16)","tensor(-13.5391, dtype=torch.float16);tensor(-5.6016, dtype=torch.float16);tensor(-5.0547, dtype=torch.float16);tensor(-3.2734, dtype=torch.float16);tensor(-1.7734, dtype=torch.float16);tensor(0., dtype=torch.float16);tensor(-0.3750, dtype=torch.float16);tensor(-6.4922, dtype=torch.float16);tensor(0., dtype=torch.float16);tensor(-6.5312, dtype=torch.float16);tensor(-0.0156, dtype=torch.float16);tensor(-1.9453, dtype=torch.float16);tensor(-2.6250, dtype=torch.float16);tensor(-7.6250, dtype=torch.float16);tensor(-6.4570, dtype=torch.float16);tensor(-1.4453, dtype=torch.float16);tensor(-3.1719, dtype=torch.float16)",epitome_rm
1,Bernard,implicit,"Scene 1
Megan: Lauren, your phone just buzzed.
[Lauren snatches up her phone]
Megan: Ooooh, is that a booooy?
Lauren: Maybe...OK, OK, it’s Stephen. You know, the one in my Biology class.
Megan: Oh, I didn’t know you had a thing for him. Did you know he used to be best friends with Chris?
Lauren: Which Chris?
Megan: The Chris who’s my best friend. Yeah, they were friends in elementary school.
Lauren: That’s weird. Anyway...I was actually thinking about working up the guts to ask him out, but I’m nervous.
Megan: Haha, you’d better not let our Dad find out... Anyway, why are you nervous? I’m sure he’ll say yes.
Lauren: Well, I saw him chatting to Elaine at lunchtime the other day, and he was all smiley and flirty, so I think he’s planning to ask her out.

Scene 2
Megan: Hey Elaine!
Elaine: Oh, hey cousin, could you hold this for a second?
Megan: So, I saw you flirting with Stephen the other day...he’s cute!
[Stephen walks past them, they pause awkwardly and giggle]
Elaine: Haha, yup, he is, but there’s nothing going on.
Megan: Why not?
Elaine: I kind of have a thing for Bernard...
Megan: Bernard? The one who was in the school play with me?
Elaine: Yeah, that’s the one.
Megan: Oh, I didn’t know you guys knew each other.
Elaine: I live next door to him. Anyway, he doesn’t like me back.
Megan: Why on earth not?
Elaine: Well, I dunno if it’s that he doesn’t like me, it’s more just that he thinks I don’t know him well enough to really want to date him. He says if I knew him better I wouldn’t want to...really weird.
Megan: Ugh, he’s just being melodramatic. I’m sure he’ll come round. Does Stephen know? He looked pretty into you when you were chatting.
Elaine: Yup, I told him about it ages ago, we were just laughing about Mr Murray’s new haircut.
Megan: Ah, OK. Anyway, I’d better run – hope Bernard realizes what he’s missing!

Scene 3
Megan: ...so it turns out that Elaine and Stephen aren’t into each other at all. Elaine is actually really into Bernard.
Chris: The acting one?
Megan: Yeah. Bernard’s super melodramatic, too – he doesn’t want to date Elaine because he reckons Elaine doesn’t know him well enough or something.
Chris: That’s weird. And Stephen knows that Elaine’s not into him?
Megan: Mm, Elaine told him about the whole Bernard thing ages ago.
Chris: So Lauren...
Megan: Right! So, Lauren doesn’t want to ask Stephen out because she thinks he’s into Elaine – but if she knew that Stephen knows that Elaine likes Bernard, and that Stephen knows that Elaine’s not into him, she might work up the guts to ask Stephen out.
Chris: I guess...so are you going to tell her?
Megan: Yeah, I’m going to tell her the whole thing tonight.",explicit,control,3,"Chris used to be best friends with Stephen, who has Biology with Megan’s sister","Chris used to be best friends with Bernard, who acted in the school play with Megan’s sister",a,-3.65625,-3.13671875,-84.125,-78.4375,"tensor(-12.2734, dtype=torch.float16);tensor(-9.9766, dtype=torch.float16);tensor(-0.0312, dtype=torch.float16);tensor(-0.0781, dtype=torch.float16);tensor(-0.0625, dtype=torch.float16);tensor(-0.0156, dtype=torch.float16);tensor(0., dtype=torch.float16);tensor(-0.8047, dtype=torch.float16);tensor(-0.9531, dtype=torch.float16);tensor(-5.2109, dtype=torch.float16);tensor(-5.5078, dtype=torch.float16);tensor(-12.3047, dtype=torch.float16);tensor(0., dtype=torch.float16);tensor(-0.4844, dtype=torch.float16);tensor(-7.0859, dtype=torch.float16);tensor(0., dtype=torch.float16);tensor(-4.6562, dtype=torch.float16);tensor(0., dtype=torch.float16);tensor(-0.8359, dtype=torch.float16);tensor(-9.4609, dtype=torch.float16);tensor(-11.1719, dtype=torch.float16);tensor(-0.6641, dtype=torch.float16);tensor(-2.5234, dtype=torch.float16)","tensor(-12.2734, dtype=torch.float16);tensor(-9.9766, dtype=torch.float16);tensor(-0.0312, dtype=torch.float16);tensor(-0.0781, dtype=torch.float16);tensor(-0.0625, dtype=torch.float16);tensor(-0.0156, dtype=torch.float16);tensor(0., dtype=torch.float16);tensor(-6.4844, dtype=torch.float16);tensor(-0.8984, dtype=torch.float16);tensor(-4.9297, dtype=torch.float16);tensor(-7.7891, dtype=torch.float16);tensor(-0.4844, dtype=torch.float16);tensor(-1.2188, dtype=torch.float16);tensor(-0.1406, dtype=torch.float16);tensor(-0.0156, dtype=torch.float16);tensor(-0.6094, dtype=torch.float16);tensor(-0.8594, dtype=torch.float16);tensor(0., dtype=torch.float16);tensor(-6.8750, dtype=torch.float16);tensor(0., dtype=torch.float16);tensor(-3.2656, dtype=torch.float16);tensor(-7.8359, dtype=torch.float16);tensor(-11.0156, dtype=torch.float16);tensor(-1.2188, dtype=torch.float16);tensor(-2.3359, dtype=torch.float16)",epitome_rm
1,Bernard,implicit,"Scene 1
Megan: Lauren, your phone just buzzed.
[Lauren snatches up her phone]
Megan: Ooooh, is that a booooy?
Lauren: Maybe...OK, OK, it’s Stephen. You know, the one in my Biology class.
Megan: Oh, I didn’t know you had a thing for him. Did you know he used to be best friends with Chris?
Lauren: Which Chris?
Megan: The Chris who’s my best friend. Yeah, they were friends in elementary school.
Lauren: That’s weird. Anyway...I was actually thinking about working up the guts to ask him out, but I’m nervous.
Megan: Haha, you’d better not let our Dad find out... Anyway, why are you nervous? I’m sure he’ll say yes.
Lauren: Well, I saw him chatting to Elaine at lunchtime the other day, and he was all smiley and flirty, so I think he’s planning to ask her out.

Scene 2
Megan: Hey Elaine!
Elaine: Oh, hey cousin, could you hold this for a second?
Megan: So, I saw you flirting with Stephen the other day...he’s cute!
[Stephen walks past them, they pause awkwardly and giggle]
Elaine: Haha, yup, he is, but there’s nothing going on.
Megan: Why not?
Elaine: I kind of have a thing for Bernard...
Megan: Bernard? The one who was in the school play with me?
Elaine: Yeah, that’s the one.
Megan: Oh, I didn’t know you guys knew each other.
Elaine: I live next door to him. Anyway, he doesn’t like me back.
Megan: Why on earth not?
Elaine: Well, I dunno if it’s that he doesn’t like me, it’s more just that he thinks I don’t know him well enough to really want to date him. He says if I knew him better I wouldn’t want to...really weird.
Megan: Ugh, he’s just being melodramatic. I’m sure he’ll come round. Does Stephen know? He looked pretty into you when you were chatting.
Elaine: Yup, I told him about it ages ago, we were just laughing about Mr Murray’s new haircut.
Megan: Ah, OK. Anyway, I’d better run – hope Bernard realizes what he’s missing!

Scene 3
Megan: ...so it turns out that Elaine and Stephen aren’t into each other at all. Elaine is actually really into Bernard.
Chris: The acting one?
Megan: Yeah. Bernard’s super melodramatic, too – he doesn’t want to date Elaine because he reckons Elaine doesn’t know him well enough or something.
Chris: That’s weird. And Stephen knows that Elaine’s not into him?
Megan: Mm, Elaine told him about the whole Bernard thing ages ago.
Chris: So Lauren...
Megan: Right! So, Lauren doesn’t want to ask Stephen out because she thinks he’s into Elaine – but if she knew that Stephen knows that Elaine likes Bernard, and that Stephen knows that Elaine’s not into him, she might work up the guts to ask Stephen out.
Chris: I guess...so are you going to tell her?
Megan: Yeah, I’m going to tell her the whole thing tonight.",explicit,control,4,"Megan is best friends with Chris, who used to be best friends with Stephen, who has Biology with Megan’s sister Lauren","Megan’s sister Lauren used to go out with Chris, who is best friends with Elaine, who has Biology with Stephen",a,-2.61328125,-2.78125,-86.25,-89.0,"tensor(-10.1797, dtype=torch.float16);tensor(-0.2266, dtype=torch.float16);tensor(-4.8281, dtype=torch.float16);tensor(-4.9297, dtype=torch.float16);tensor(-1.9922, dtype=torch.float16);tensor(-0.0156, dtype=torch.float16);tensor(-2.4922, dtype=torch.float16);tensor(-0.9844, dtype=torch.float16);tensor(-2.5156, dtype=torch.float16);tensor(-3.3984, dtype=torch.float16);tensor(0., dtype=torch.float16);tensor(0., dtype=torch.float16);tensor(-0.0625, dtype=torch.float16);tensor(0., dtype=torch.float16);tensor(0., dtype=torch.float16);tensor(-0.8594, dtype=torch.float16);tensor(-1.8359, dtype=torch.float16);tensor(-1., dtype=torch.float16);tensor(-4.2734, dtype=torch.float16);tensor(-13.9141, dtype=torch.float16);tensor(0., dtype=torch.float16);tensor(-1.9688, dtype=torch.float16);tensor(-9.2031, dtype=torch.float16);tensor(0., dtype=torch.float16);tensor(-3.9297, dtype=torch.float16);tensor(0., dtype=torch.float16);tensor(-0.0781, dtype=torch.float16);tensor(-0.1094, dtype=torch.float16);tensor(0., dtype=torch.float16);tensor(-8.2891, dtype=torch.float16);tensor(-3.6250, dtype=torch.float16);tensor(-1.7734, dtype=torch.float16);tensor(-3.7656, dtype=torch.float16)","tensor(-10.1797, dtype=torch.float16);tensor(-0.2266, dtype=torch.float16);tensor(-4.4688, dtype=torch.float16);tensor(0., dtype=torch.float16);tensor(-7.9609, dtype=torch.float16);tensor(-1., dtype=torch.float16);tensor(0., dtype=torch.float16);tensor(-7.6758, dtype=torch.float16);tensor(0., dtype=torch.float16);tensor(-3.0938, dtype=torch.float16);tensor(-1.8672, dtype=torch.float16);tensor(0., dtype=torch.float16);tensor(-1.7109, dtype=torch.float16);tensor(-1.2891, dtype=torch.float16);tensor(-2.5547, dtype=torch.float16);tensor(-0.4062, dtype=torch.float16);tensor(-3.3984, dtype=torch.float16);tensor(-0.0312, dtype=torch.float16);tensor(0., dtype=torch.float16);tensor(-1.2812, dtype=torch.float16);tensor(0., dtype=torch.float16);tensor(-1.3750, dtype=torch.float16);tensor(-0.5625, dtype=torch.float16);tensor(-2.3438, dtype=torch.float16);tensor(-16.4531, dtype=torch.float16);tensor(0., dtype=torch.float16);tensor(-1.0938, dtype=torch.float16);tensor(-0.1406, dtype=torch.float16);tensor(-8.4922, dtype=torch.float16);tensor(-4.4922, dtype=torch.float16);tensor(-1.2344, dtype=torch.float16);tensor(-5.6836, dtype=torch.float16)",epitome_rm
1,Bernard,implicit,"Scene 1
Megan: Lauren, your phone just buzzed.
[Lauren snatches up her phone]
Megan: Ooooh, is that a booooy?
Lauren: Maybe...OK, OK, it’s Stephen. You know, the one in my Biology class.
Megan: Oh, I didn’t know you had a thing for him. Did you know he used to be best friends with Chris?
Lauren: Which Chris?
Megan: The Chris who’s my best friend. Yeah, they were friends in elementary school.
Lauren: That’s weird. Anyway...I was actually thinking about working up the guts to ask him out, but I’m nervous.
Megan: Haha, you’d better not let our Dad find out... Anyway, why are you nervous? I’m sure he’ll say yes.
Lauren: Well, I saw him chatting to Elaine at lunchtime the other day, and he was all smiley and flirty, so I think he’s planning to ask her out.

Scene 2
Megan: Hey Elaine!
Elaine: Oh, hey cousin, could you hold this for a second?
Megan: So, I saw you flirting with Stephen the other day...he’s cute!
[Stephen walks past them, they pause awkwardly and giggle]
Elaine: Haha, yup, he is, but there’s nothing going on.
Megan: Why not?
Elaine: I kind of have a thing for Bernard...
Megan: Bernard? The one who was in the school play with me?
Elaine: Yeah, that’s the one.
Megan: Oh, I didn’t know you guys knew each other.
Elaine: I live next door to him. Anyway, he doesn’t like me back.
Megan: Why on earth not?
Elaine: Well, I dunno if it’s that he doesn’t like me, it’s more just that he thinks I don’t know him well enough to really want to date him. He says if I knew him better I wouldn’t want to...really weird.
Megan: Ugh, he’s just being melodramatic. I’m sure he’ll come round. Does Stephen know? He looked pretty into you when you were chatting.
Elaine: Yup, I told him about it ages ago, we were just laughing about Mr Murray’s new haircut.
Megan: Ah, OK. Anyway, I’d better run – hope Bernard realizes what he’s missing!

Scene 3
Megan: ...so it turns out that Elaine and Stephen aren’t into each other at all. Elaine is actually really into Bernard.
Chris: The acting one?
Megan: Yeah. Bernard’s super melodramatic, too – he doesn’t want to date Elaine because he reckons Elaine doesn’t know him well enough or something.
Chris: That’s weird. And Stephen knows that Elaine’s not into him?
Megan: Mm, Elaine told him about the whole Bernard thing ages ago.
Chris: So Lauren...
Megan: Right! So, Lauren doesn’t want to ask Stephen out because she thinks he’s into Elaine – but if she knew that Stephen knows that Elaine likes Bernard, and that Stephen knows that Elaine’s not into him, she might work up the guts to ask Stephen out.
Chris: I guess...so are you going to tell her?
Megan: Yeah, I’m going to tell her the whole thing tonight.",explicit,control,5,"Bernard acted in the play with Megan, who is the best friend of Chris, who used to be best friends with Stephen, who takes Biology with Lauren who is Megan’s sister","Bernard acted in the play with Lauren, who used to go out with Chris, who used to be best friends with Stephen, who lives next door to Elaine who is Lauren’s cousin",a,-2.578125,-2.5234375,-113.4375,-111.0,"tensor(-9.5312, dtype=torch.float16);tensor(-10.6797, dtype=torch.float16);tensor(-5.5156, dtype=torch.float16);tensor(-1.4297, dtype=torch.float16);tensor(-3.1641, dtype=torch.float16);tensor(-1.0547, dtype=torch.float16);tensor(-4.7266, dtype=torch.float16);tensor(0., dtype=torch.float16);tensor(-2.0469, dtype=torch.float16);tensor(-2.8984, dtype=torch.float16);tensor(-0.3281, dtype=torch.float16);tensor(-4.4375, dtype=torch.float16);tensor(-3.9062, dtype=torch.float16);tensor(-0.0156, dtype=torch.float16);tensor(-0.0156, dtype=torch.float16);tensor(-2.1562, dtype=torch.float16);tensor(-1.5000, dtype=torch.float16);tensor(-0.5625, dtype=torch.float16);tensor(-7.6875, dtype=torch.float16);tensor(0., dtype=torch.float16);tensor(0., dtype=torch.float16);tensor(-0.1094, dtype=torch.float16);tensor(0., dtype=torch.float16);tensor(0., dtype=torch.float16);tensor(-0.8125, dtype=torch.float16);tensor(-2.0234, dtype=torch.float16);tensor(-0.3594, dtype=torch.float16);tensor(-10.8281, dtype=torch.float16);tensor(-2.7812, dtype=torch.float16);tensor(0., dtype=torch.float16);tensor(-0.3438, dtype=torch.float16);tensor(-0.0469, dtype=torch.float16);tensor(0., dtype=torch.float16);tensor(-5.6172, dtype=torch.float16);tensor(-1.0938, dtype=torch.float16);tensor(-6.9688, dtype=torch.float16);tensor(0., dtype=torch.float16);tensor(-2.3281, dtype=torch.float16);tensor(0., dtype=torch.float16);tensor(-2.6875, dtype=torch.float16);tensor(-7.9766, dtype=torch.float16);tensor(-0.1484, dtype=torch.float16);tensor(-1.1641, dtype=torch.float16);tensor(-6.5156, dtype=torch.float16)","tensor(-9.5312, dtype=torch.float16);tensor(-10.6797, dtype=torch.float16);tensor(-5.5156, dtype=torch.float16);tensor(-1.4297, dtype=torch.float16);tensor(-3.1641, dtype=torch.float16);tensor(-1.0547, dtype=torch.float16);tensor(-5.6250, dtype=torch.float16);tensor(0., dtype=torch.float16);tensor(-1.0781, dtype=torch.float16);tensor(-5.8672, dtype=torch.float16);tensor(-3.1406, dtype=torch.float16);tensor(0., dtype=torch.float16);tensor(-4., dtype=torch.float16);tensor(-0.0938, dtype=torch.float16);tensor(0., dtype=torch.float16);tensor(-1.3438, dtype=torch.float16);tensor(-1.3828, dtype=torch.float16);tensor(-0.5781, dtype=torch.float16);tensor(-2.6328, dtype=torch.float16);tensor(0., dtype=torch.float16);tensor(-0.0156, dtype=torch.float16);tensor(-0.0625, dtype=torch.float16);tensor(-0.0938, dtype=torch.float16);tensor(0., dtype=torch.float16);tensor(-1.3047, dtype=torch.float16);tensor(-1.4531, dtype=torch.float16);tensor(-0.1875, dtype=torch.float16);tensor(-7.3984, dtype=torch.float16);tensor(-0.0312, dtype=torch.float16);tensor(-0.0625, dtype=torch.float16);tensor(0., dtype=torch.float16);tensor(0., dtype=torch.float16);tensor(0., dtype=torch.float16);tensor(-4.6094, dtype=torch.float16);tensor(-1.1875, dtype=torch.float16);tensor(-9.7188, dtype=torch.float16);tensor(0., dtype=torch.float16);tensor(-1.1797, dtype=torch.float16);tensor(0., dtype=torch.float16);tensor(-6.5156, dtype=torch.float16);tensor(-8.7969, dtype=torch.float16);tensor(-4.9688, dtype=torch.float16);tensor(-0.6797, dtype=torch.float16);tensor(-5.6055, dtype=torch.float16)",epitome_rm
1,Bernard,implicit,"Scene 1
Megan: Lauren, your phone just buzzed.
[Lauren snatches up her phone]
Megan: Ooooh, is that a booooy?
Lauren: Maybe...OK, OK, it’s Stephen. You know, the one in my Biology class.
Megan: Oh, I didn’t know you had a thing for him. Did you know he used to be best friends with Chris?
Lauren: Which Chris?
Megan: The Chris who’s my best friend. Yeah, they were friends in elementary school.
Lauren: That’s weird. Anyway...I was actually thinking about working up the guts to ask him out, but I’m nervous.
Megan: Haha, you’d better not let our Dad find out... Anyway, why are you nervous? I’m sure he’ll say yes.
Lauren: Well, I saw him chatting to Elaine at lunchtime the other day, and he was all smiley and flirty, so I think he’s planning to ask her out.

Scene 2
Megan: Hey Elaine!
Elaine: Oh, hey cousin, could you hold this for a second?
Megan: So, I saw you flirting with Stephen the other day...he’s cute!
[Stephen walks past them, they pause awkwardly and giggle]
Elaine: Haha, yup, he is, but there’s nothing going on.
Megan: Why not?
Elaine: I kind of have a thing for Bernard...
Megan: Bernard? The one who was in the school play with me?
Elaine: Yeah, that’s the one.
Megan: Oh, I didn’t know you guys knew each other.
Elaine: I live next door to him. Anyway, he doesn’t like me back.
Megan: Why on earth not?
Elaine: Well, I dunno if it’s that he doesn’t like me, it’s more just that he thinks I don’t know him well enough to really want to date him. He says if I knew him better I wouldn’t want to...really weird.
Megan: Ugh, he’s just being melodramatic. I’m sure he’ll come round. Does Stephen know? He looked pretty into you when you were chatting.
Elaine: Yup, I told him about it ages ago, we were just laughing about Mr Murray’s new haircut.
Megan: Ah, OK. Anyway, I’d better run – hope Bernard realizes what he’s missing!

Scene 3
Megan: ...so it turns out that Elaine and Stephen aren’t into each other at all. Elaine is actually really into Bernard.
Chris: The acting one?
Megan: Yeah. Bernard’s super melodramatic, too – he doesn’t want to date Elaine because he reckons Elaine doesn’t know him well enough or something.
Chris: That’s weird. And Stephen knows that Elaine’s not into him?
Megan: Mm, Elaine told him about the whole Bernard thing ages ago.
Chris: So Lauren...
Megan: Right! So, Lauren doesn’t want to ask Stephen out because she thinks he’s into Elaine – but if she knew that Stephen knows that Elaine likes Bernard, and that Stephen knows that Elaine’s not into him, she might work up the guts to ask Stephen out.
Chris: I guess...so are you going to tell her?
Megan: Yeah, I’m going to tell her the whole thing tonight.",explicit,control,6,"Elaine lives next door to Bernard, who acted in the play with Megan, who is the best friend of Chris, who used to be best friends with Stephen, who takes Biology with Lauren, who is Megan’s sister","Elaine lives next door to Bernard, who is the best friend of Chris, who used to be best friends with Stephen, who was in the play with Lauren’s sister Megan, who has Biology with Elaine",a,-2.087890625,-2.474609375,-110.625,-123.75,"tensor(-10.8984, dtype=torch.float16);tensor(0., dtype=torch.float16);tensor(-7.5859, dtype=torch.float16);tensor(-0.1094, dtype=torch.float16);tensor(-0.0625, dtype=torch.float16);tensor(-0.2344, dtype=torch.float16);tensor(-4.1328, dtype=torch.float16);tensor(-0.4062, dtype=torch.float16);tensor(-7.0156, dtype=torch.float16);tensor(-7.8438, dtype=torch.float16);tensor(-0.3438, dtype=torch.float16);tensor(-0.8047, dtype=torch.float16);tensor(-2.2031, dtype=torch.float16);tensor(-0.2812, dtype=torch.float16);tensor(-3.0781, dtype=torch.float16);tensor(0., dtype=torch.float16);tensor(-1.3516, dtype=torch.float16);tensor(-1.6172, dtype=torch.float16);tensor(-0.6016, dtype=torch.float16);tensor(-5.3672, dtype=torch.float16);tensor(-2.3828, dtype=torch.float16);tensor(-0.0156, dtype=torch.float16);tensor(0., dtype=torch.float16);tensor(-1.7969, dtype=torch.float16);tensor(-1.2188, dtype=torch.float16);tensor(-0.2812, dtype=torch.float16);tensor(-4.6484, dtype=torch.float16);tensor(0., dtype=torch.float16);tensor(-0.0156, dtype=torch.float16);tensor(-0.1094, dtype=torch.float16);tensor(0., dtype=torch.float16);tensor(0., dtype=torch.float16);tensor(-1.2500, dtype=torch.float16);tensor(-1.4844, dtype=torch.float16);tensor(-0.1875, dtype=torch.float16);tensor(-10.4219, dtype=torch.float16);tensor(-2.7734, dtype=torch.float16);tensor(0., dtype=torch.float16);tensor(-0.2188, dtype=torch.float16);tensor(0., dtype=torch.float16);tensor(0., dtype=torch.float16);tensor(-2.0938, dtype=torch.float16);tensor(-0.2031, dtype=torch.float16);tensor(-0.6719, dtype=torch.float16);tensor(-5.3125, dtype=torch.float16);tensor(0., dtype=torch.float16);tensor(-1.9062, dtype=torch.float16);tensor(0., dtype=torch.float16);tensor(-2.2422, dtype=torch.float16);tensor(-8.5156, dtype=torch.float16);tensor(-1.9766, dtype=torch.float16);tensor(-0.5625, dtype=torch.float16);tensor(-6.3906, dtype=torch.float16)","tensor(-10.8984, dtype=torch.float16);tensor(0., dtype=torch.float16);tensor(-7.5859, dtype=torch.float16);tensor(-0.1094, dtype=torch.float16);tensor(-0.0625, dtype=torch.float16);tensor(-0.2344, dtype=torch.float16);tensor(-4.1328, dtype=torch.float16);tensor(-0.4062, dtype=torch.float16);tensor(-7.0156, dtype=torch.float16);tensor(-1.6953, dtype=torch.float16);tensor(-3.9609, dtype=torch.float16);tensor(-3.6016, dtype=torch.float16);tensor(-1.6797, dtype=torch.float16);tensor(0., dtype=torch.float16);tensor(-1.0938, dtype=torch.float16);tensor(-0.7031, dtype=torch.float16);tensor(-0.4531, dtype=torch.float16);tensor(-3.3672, dtype=torch.float16);tensor(0., dtype=torch.float16);tensor(-0.0469, dtype=torch.float16);tensor(-0.3906, dtype=torch.float16);tensor(-0.0156, dtype=torch.float16);tensor(0., dtype=torch.float16);tensor(-5.0156, dtype=torch.float16);tensor(-0.9844, dtype=torch.float16);tensor(-0.3125, dtype=torch.float16);tensor(-5.1797, dtype=torch.float16);tensor(-0.3828, dtype=torch.float16);tensor(-0.7031, dtype=torch.float16);tensor(-7.7031, dtype=torch.float16);tensor(-0.0312, dtype=torch.float16);tensor(-3.1328, dtype=torch.float16);tensor(0., dtype=torch.float16);tensor(-6.9141, dtype=torch.float16);tensor(0., dtype=torch.float16);tensor(-1.1094, dtype=torch.float16);tensor(-1.1250, dtype=torch.float16);tensor(0., dtype=torch.float16);tensor(-2.1250, dtype=torch.float16);tensor(-0.3281, dtype=torch.float16);tensor(-2.7578, dtype=torch.float16);tensor(-14.0547, dtype=torch.float16);tensor(0., dtype=torch.float16);tensor(-0.9062, dtype=torch.float16);tensor(-1.7969, dtype=torch.float16);tensor(0., dtype=torch.float16);tensor(-9.3906, dtype=torch.float16);tensor(-5.5352, dtype=torch.float16);tensor(-0.9375, dtype=torch.float16);tensor(-5.8945, dtype=torch.float16)",epitome_rm
1,Bernard,implicit,"Scene 1
Megan: Lauren, your phone just buzzed.
[Lauren snatches up her phone]
Megan: Ooooh, is that a booooy?
Lauren: Maybe...OK, OK, it’s Stephen. You know, the one in my Biology class.
Megan: Oh, I didn’t know you had a thing for him. Did you know he used to be best friends with Chris?
Lauren: Which Chris?
Megan: The Chris who’s my best friend. Yeah, they were friends in elementary school.
Lauren: That’s weird. Anyway...I was actually thinking about working up the guts to ask him out, but I’m nervous.
Megan: Haha, you’d better not let our Dad find out... Anyway, why are you nervous? I’m sure he’ll say yes.
Lauren: Well, I saw him chatting to Elaine at lunchtime the other day, and he was all smiley and flirty, so I think he’s planning to ask her out.

Scene 2
Megan: Hey Elaine!
Elaine: Oh, hey cousin, could you hold this for a second?
Megan: So, I saw you flirting with Stephen the other day...he’s cute!
[Stephen walks past them, they pause awkwardly and giggle]
Elaine: Haha, yup, he is, but there’s nothing going on.
Megan: Why not?
Elaine: I kind of have a thing for Bernard...
Megan: Bernard? The one who was in the school play with me?
Elaine: Yeah, that’s the one.
Megan: Oh, I didn’t know you guys knew each other.
Elaine: I live next door to him. Anyway, he doesn’t like me back.
Megan: Why on earth not?
Elaine: Well, I dunno if it’s that he doesn’t like me, it’s more just that he thinks I don’t know him well enough to really want to date him. He says if I knew him better I wouldn’t want to...really weird.
Megan: Ugh, he’s just being melodramatic. I’m sure he’ll come round. Does Stephen know? He looked pretty into you when you were chatting.
Elaine: Yup, I told him about it ages ago, we were just laughing about Mr Murray’s new haircut.
Megan: Ah, OK. Anyway, I’d better run – hope Bernard realizes what he’s missing!

Scene 3
Megan: ...so it turns out that Elaine and Stephen aren’t into each other at all. Elaine is actually really into Bernard.
Chris: The acting one?
Megan: Yeah. Bernard’s super melodramatic, too – he doesn’t want to date Elaine because he reckons Elaine doesn’t know him well enough or something.
Chris: That’s weird. And Stephen knows that Elaine’s not into him?
Megan: Mm, Elaine told him about the whole Bernard thing ages ago.
Chris: So Lauren...
Megan: Right! So, Lauren doesn’t want to ask Stephen out because she thinks he’s into Elaine – but if she knew that Stephen knows that Elaine likes Bernard, and that Stephen knows that Elaine’s not into him, she might work up the guts to ask Stephen out.
Chris: I guess...so are you going to tell her?
Megan: Yeah, I’m going to tell her the whole thing tonight.",explicit,control,7,"Megan’s cousin is Elaine, who lives next door to Bernard, who acted in the play with Megan, who is the best friend of Chris, who used to be best friends with Stephen, who has Biology with Megan’s sister Lauren","Megan’s cousin is Elaine, who has Biology with Bernard, who acted in the play with Stephen, who used to go out with Megan, who is the best friend of Chris, who has Biology with Megan’s sister Lauren",a,-2.1015625,-2.484375,-121.9375,-141.625,"tensor(-10.1562, dtype=torch.float16);tensor(-0.2266, dtype=torch.float16);tensor(-4.4609, dtype=torch.float16);tensor(0., dtype=torch.float16);tensor(-8.6719, dtype=torch.float16);tensor(-2.9453, dtype=torch.float16);tensor(-3.1328, dtype=torch.float16);tensor(0., dtype=torch.float16);tensor(-1.1172, dtype=torch.float16);tensor(-3.1641, dtype=torch.float16);tensor(-5.4844, dtype=torch.float16);tensor(-0.0156, dtype=torch.float16);tensor(-0.1250, dtype=torch.float16);tensor(-0.0469, dtype=torch.float16);tensor(-0.1875, dtype=torch.float16);tensor(-1.5391, dtype=torch.float16);tensor(-1.3047, dtype=torch.float16);tensor(-7.6719, dtype=torch.float16);tensor(-0.2812, dtype=torch.float16);tensor(-1.2344, dtype=torch.float16);tensor(-2.9844, dtype=torch.float16);tensor(-0.1719, dtype=torch.float16);tensor(-0.3750, dtype=torch.float16);tensor(0., dtype=torch.float16);tensor(-2.3359, dtype=torch.float16);tensor(-1.8750, dtype=torch.float16);tensor(-0.8516, dtype=torch.float16);tensor(-5.0625, dtype=torch.float16);tensor(-1.6016, dtype=torch.float16);tensor(-0.0312, dtype=torch.float16);tensor(-0.0156, dtype=torch.float16);tensor(-1.8047, dtype=torch.float16);tensor(-1.0547, dtype=torch.float16);tensor(-0.2656, dtype=torch.float16);tensor(-2.7891, dtype=torch.float16);tensor(0., dtype=torch.float16);tensor(0., dtype=torch.float16);tensor(-0.1719, dtype=torch.float16);tensor(-0.0156, dtype=torch.float16);tensor(0., dtype=torch.float16);tensor(-0.8438, dtype=torch.float16);tensor(-1.4844, dtype=torch.float16);tensor(-0.3438, dtype=torch.float16);tensor(-3.6406, dtype=torch.float16);tensor(-12.8438, dtype=torch.float16);tensor(0., dtype=torch.float16);tensor(-1.3594, dtype=torch.float16);tensor(-7.6562, dtype=torch.float16);tensor(0., dtype=torch.float16);tensor(-2.8984, dtype=torch.float16);tensor(0., dtype=torch.float16);tensor(-0.2500, dtype=torch.float16);tensor(-0.0938, dtype=torch.float16);tensor(0., dtype=torch.float16);tensor(-8.1172, dtype=torch.float16);tensor(-1.6094, dtype=torch.float16);tensor(-1.5859, dtype=torch.float16);tensor(-6.0117, dtype=torch.float16)","tensor(-10.1562, dtype=torch.float16);tensor(-0.2266, dtype=torch.float16);tensor(-4.4609, dtype=torch.float16);tensor(0., dtype=torch.float16);tensor(-8.6719, dtype=torch.float16);tensor(-2.9453, dtype=torch.float16);tensor(-3.1328, dtype=torch.float16);tensor(0., dtype=torch.float16);tensor(-1.1172, dtype=torch.float16);tensor(-3.1641, dtype=torch.float16);tensor(-2.4766, dtype=torch.float16);tensor(-15.0391, dtype=torch.float16);tensor(0., dtype=torch.float16);tensor(-0.7500, dtype=torch.float16);tensor(-5.6250, dtype=torch.float16);tensor(-1.1797, dtype=torch.float16);tensor(-1.3594, dtype=torch.float16);tensor(-8.2109, dtype=torch.float16);tensor(-0.2500, dtype=torch.float16);tensor(-1.3750, dtype=torch.float16);tensor(-2.4922, dtype=torch.float16);tensor(-0.1719, dtype=torch.float16);tensor(-4., dtype=torch.float16);tensor(-1.1797, dtype=torch.float16);tensor(-0.7188, dtype=torch.float16);tensor(-2.2422, dtype=torch.float16);tensor(0., dtype=torch.float16);tensor(-9.0156, dtype=torch.float16);tensor(-1.7031, dtype=torch.float16);tensor(0., dtype=torch.float16);tensor(-0.9062, dtype=torch.float16);tensor(0., dtype=torch.float16);tensor(-2.4688, dtype=torch.float16);tensor(-0.8906, dtype=torch.float16);tensor(-0.7734, dtype=torch.float16);tensor(-4.9062, dtype=torch.float16);tensor(-2.5078, dtype=torch.float16);tensor(-0.0469, dtype=torch.float16);tensor(-0.0156, dtype=torch.float16);tensor(-1.2109, dtype=torch.float16);tensor(-1.7266, dtype=torch.float16);tensor(-0.2500, dtype=torch.float16);tensor(-2.7578, dtype=torch.float16);tensor(-4.5234, dtype=torch.float16);tensor(0., dtype=torch.float16);tensor(0., dtype=torch.float16);tensor(-3.6328, dtype=torch.float16);tensor(0., dtype=torch.float16);tensor(-4.5000, dtype=torch.float16);tensor(0., dtype=torch.float16);tensor(-1.3984, dtype=torch.float16);tensor(-0.1719, dtype=torch.float16);tensor(0., dtype=torch.float16);tensor(-8.1562, dtype=torch.float16);tensor(-1.5625, dtype=torch.float16);tensor(-1.5781, dtype=torch.float16);tensor(-5.9492, dtype=torch.float16)",epitome_rm
1,Bernard,implicit,"Scene 1
Megan: Lauren, your phone just buzzed.
[Lauren snatches up her phone]
Megan: Ooooh, is that a booooy?
Lauren: Maybe...OK, OK, it’s Stephen. You know, the one in my Biology class.
Megan: Oh, I didn’t know you had a thing for him. Did you know he used to be best friends with Chris?
Lauren: Which Chris?
Megan: The Chris who’s my best friend. Yeah, they were friends in elementary school.
Lauren: That’s weird. Anyway...I was actually thinking about working up the guts to ask him out, but I’m nervous.
Megan: Haha, you’d better not let our Dad find out... Anyway, why are you nervous? I’m sure he’ll say yes.
Lauren: Well, I saw him chatting to Elaine at lunchtime the other day, and he was all smiley and flirty, so I think he’s planning to ask her out.

Scene 2
Megan: Hey Elaine!
Elaine: Oh, hey cousin, could you hold this for a second?
Megan: So, I saw you flirting with Stephen the other day...he’s cute!
[Stephen walks past them, they pause awkwardly and giggle]
Elaine: Haha, yup, he is, but there’s nothing going on.
Megan: Why not?
Elaine: I kind of have a thing for Bernard...
Megan: Bernard? The one who was in the school play with me?
Elaine: Yeah, that’s the one.
Megan: Oh, I didn’t know you guys knew each other.
Elaine: I live next door to him. Anyway, he doesn’t like me back.
Megan: Why on earth not?
Elaine: Well, I dunno if it’s that he doesn’t like me, it’s more just that he thinks I don’t know him well enough to really want to date him. He says if I knew him better I wouldn’t want to...really weird.
Megan: Ugh, he’s just being melodramatic. I’m sure he’ll come round. Does Stephen know? He looked pretty into you when you were chatting.
Elaine: Yup, I told him about it ages ago, we were just laughing about Mr Murray’s new haircut.
Megan: Ah, OK. Anyway, I’d better run – hope Bernard realizes what he’s missing!

Scene 3
Megan: ...so it turns out that Elaine and Stephen aren’t into each other at all. Elaine is actually really into Bernard.
Chris: The acting one?
Megan: Yeah. Bernard’s super melodramatic, too – he doesn’t want to date Elaine because he reckons Elaine doesn’t know him well enough or something.
Chris: That’s weird. And Stephen knows that Elaine’s not into him?
Megan: Mm, Elaine told him about the whole Bernard thing ages ago.
Chris: So Lauren...
Megan: Right! So, Lauren doesn’t want to ask Stephen out because she thinks he’s into Elaine – but if she knew that Stephen knows that Elaine likes Bernard, and that Stephen knows that Elaine’s not into him, she might work up the guts to ask Stephen out.
Chris: I guess...so are you going to tell her?
Megan: Yeah, I’m going to tell her the whole thing tonight.",implicit,mental,1,"Elaine: Ahhh, there goes Bernard, he’s so cute...can’t remember the last time I liked someone so much.","Elaine: Ahhh, there goes Stephen, he’s so cute...can’t remember the last time I liked someone so much.",a,-2.892578125,-2.970703125,-98.375,-101.0,"tensor(-10.8906, dtype=torch.float16);tensor(0., dtype=torch.float16);tensor(-8.1094, dtype=torch.float16);tensor(-7.9805, dtype=torch.float16);tensor(-4.7266, dtype=torch.float16);tensor(-0.9531, dtype=torch.float16);tensor(-3.5234, dtype=torch.float16);tensor(-4.5000, dtype=torch.float16);tensor(-3.4766, dtype=torch.float16);tensor(-2.3750, dtype=torch.float16);tensor(-1.9531, dtype=torch.float16);tensor(-0.4219, dtype=torch.float16);tensor(0., dtype=torch.float16);tensor(-1.8047, dtype=torch.float16);tensor(-1.9062, dtype=torch.float16);tensor(0., dtype=torch.float16);tensor(-3.0547, dtype=torch.float16);tensor(-6.3555, dtype=torch.float16);tensor(-2.4766, dtype=torch.float16);tensor(0., dtype=torch.float16);tensor(-7.4531, dtype=torch.float16);tensor(-0.7031, dtype=torch.float16);tensor(-0.0156, dtype=torch.float16);tensor(0., dtype=torch.float16);tensor(-0.2812, dtype=torch.float16);tensor(-6.9219, dtype=torch.float16);tensor(-0.3125, dtype=torch.float16);tensor(-1.9141, dtype=torch.float16);tensor(-0.0156, dtype=torch.float16);tensor(-0.8594, dtype=torch.float16);tensor(-6.2500, dtype=torch.float16);tensor(-4.8516, dtype=torch.float16);tensor(-0.1016, dtype=torch.float16);tensor(-4.1562, dtype=torch.float16)","tensor(-10.8906, dtype=torch.float16);tensor(0., dtype=torch.float16);tensor(-8.1094, dtype=torch.float16);tensor(-7.9805, dtype=torch.float16);tensor(-4.7266, dtype=torch.float16);tensor(-0.9531, dtype=torch.float16);tensor(-3.5234, dtype=torch.float16);tensor(-4.5000, dtype=torch.float16);tensor(-8.3203, dtype=torch.float16);tensor(-2.5234, dtype=torch.float16);tensor(-1.5000, dtype=torch.float16);tensor(-0.3281, dtype=torch.float16);tensor(-0.0156, dtype=torch.float16);tensor(-2.0859, dtype=torch.float16);tensor(-0.6562, dtype=torch.float16);tensor(0., dtype=torch.float16);tensor(-3.0156, dtype=torch.float16);tensor(-6.4023, dtype=torch.float16);tensor(-3.1484, dtype=torch.float16);tensor(0., dtype=torch.float16);tensor(-6.8906, dtype=torch.float16);tensor(-0.4062, dtype=torch.float16);tensor(0., dtype=torch.float16);tensor(0., dtype=torch.float16);tensor(-0.1875, dtype=torch.float16);tensor(-6.7578, dtype=torch.float16);tensor(-0.5625, dtype=torch.float16);tensor(-2.0156, dtype=torch.float16);tensor(0., dtype=torch.float16);tensor(-0.8281, dtype=torch.float16);tensor(-5.9922, dtype=torch.float16);tensor(-4.4766, dtype=torch.float16);tensor(-0.0781, dtype=torch.float16);tensor(-4.1445, dtype=torch.float16)",epitome_rm
1,Bernard,implicit,"Scene 1
Megan: Lauren, your phone just buzzed.
[Lauren snatches up her phone]
Megan: Ooooh, is that a booooy?
Lauren: Maybe...OK, OK, it’s Stephen. You know, the one in my Biology class.
Megan: Oh, I didn’t know you had a thing for him. Did you know he used to be best friends with Chris?
Lauren: Which Chris?
Megan: The Chris who’s my best friend. Yeah, they were friends in elementary school.
Lauren: That’s weird. Anyway...I was actually thinking about working up the guts to ask him out, but I’m nervous.
Megan: Haha, you’d better not let our Dad find out... Anyway, why are you nervous? I’m sure he’ll say yes.
Lauren: Well, I saw him chatting to Elaine at lunchtime the other day, and he was all smiley and flirty, so I think he’s planning to ask her out.

Scene 2
Megan: Hey Elaine!
Elaine: Oh, hey cousin, could you hold this for a second?
Megan: So, I saw you flirting with Stephen the other day...he’s cute!
[Stephen walks past them, they pause awkwardly and giggle]
Elaine: Haha, yup, he is, but there’s nothing going on.
Megan: Why not?
Elaine: I kind of have a thing for Bernard...
Megan: Bernard? The one who was in the school play with me?
Elaine: Yeah, that’s the one.
Megan: Oh, I didn’t know you guys knew each other.
Elaine: I live next door to him. Anyway, he doesn’t like me back.
Megan: Why on earth not?
Elaine: Well, I dunno if it’s that he doesn’t like me, it’s more just that he thinks I don’t know him well enough to really want to date him. He says if I knew him better I wouldn’t want to...really weird.
Megan: Ugh, he’s just being melodramatic. I’m sure he’ll come round. Does Stephen know? He looked pretty into you when you were chatting.
Elaine: Yup, I told him about it ages ago, we were just laughing about Mr Murray’s new haircut.
Megan: Ah, OK. Anyway, I’d better run – hope Bernard realizes what he’s missing!

Scene 3
Megan: ...so it turns out that Elaine and Stephen aren’t into each other at all. Elaine is actually really into Bernard.
Chris: The acting one?
Megan: Yeah. Bernard’s super melodramatic, too – he doesn’t want to date Elaine because he reckons Elaine doesn’t know him well enough or something.
Chris: That’s weird. And Stephen knows that Elaine’s not into him?
Megan: Mm, Elaine told him about the whole Bernard thing ages ago.
Chris: So Lauren...
Megan: Right! So, Lauren doesn’t want to ask Stephen out because she thinks he’s into Elaine – but if she knew that Stephen knows that Elaine likes Bernard, and that Stephen knows that Elaine’s not into him, she might work up the guts to ask Stephen out.
Chris: I guess...so are you going to tell her?
Megan: Yeah, I’m going to tell her the whole thing tonight.",implicit,mental,2,"Chris: I heard your sister wants to ask Stephen out!
Megan: What? She hasn’t told me that!","Chris: Lauren told me today that she wants to ask Stephen out.
Megan: Oh, yeah, she told me about it last night.",b,-2.228515625,-2.51953125,-80.25,-78.125,"tensor(-12.2891, dtype=torch.float16);tensor(-0.2266, dtype=torch.float16);tensor(-7.6641, dtype=torch.float16);tensor(0., dtype=torch.float16);tensor(-7.1250, dtype=torch.float16);tensor(-0.1250, dtype=torch.float16);tensor(-6.3359, dtype=torch.float16);tensor(-0.2344, dtype=torch.float16);tensor(-0.0469, dtype=torch.float16);tensor(-4.0859, dtype=torch.float16);tensor(0., dtype=torch.float16);tensor(-0.1406, dtype=torch.float16);tensor(-0.0938, dtype=torch.float16);tensor(0., dtype=torch.float16);tensor(-0.6875, dtype=torch.float16);tensor(-0.3281, dtype=torch.float16);tensor(-0.1406, dtype=torch.float16);tensor(0., dtype=torch.float16);tensor(0., dtype=torch.float16);tensor(0., dtype=torch.float16);tensor(-1.3203, dtype=torch.float16);tensor(-1.0078, dtype=torch.float16);tensor(-3.6172, dtype=torch.float16);tensor(-3.7500, dtype=torch.float16);tensor(-0.3125, dtype=torch.float16);tensor(-0.8594, dtype=torch.float16);tensor(0., dtype=torch.float16);tensor(-4.2734, dtype=torch.float16);tensor(-3.2656, dtype=torch.float16);tensor(-5.3438, dtype=torch.float16);tensor(-1.9297, dtype=torch.float16);tensor(-0.2812, dtype=torch.float16);tensor(-6.5156, dtype=torch.float16);tensor(-3.4609, dtype=torch.float16);tensor(-0.0469, dtype=torch.float16);tensor(-4.7227, dtype=torch.float16)","tensor(-12.2891, dtype=torch.float16);tensor(-0.2266, dtype=torch.float16);tensor(-3.3281, dtype=torch.float16);tensor(-6.5469, dtype=torch.float16);tensor(-4.9375, dtype=torch.float16);tensor(-4.1875, dtype=torch.float16);tensor(-5.7578, dtype=torch.float16);tensor(-0.0156, dtype=torch.float16);tensor(-0.3906, dtype=torch.float16);tensor(-0.1719, dtype=torch.float16);tensor(0., dtype=torch.float16);tensor(-2.6562, dtype=torch.float16);tensor(-0.1641, dtype=torch.float16);tensor(-2.7344, dtype=torch.float16);tensor(0., dtype=torch.float16);tensor(0., dtype=torch.float16);tensor(-0.0312, dtype=torch.float16);tensor(-2.9609, dtype=torch.float16);tensor(-0.1406, dtype=torch.float16);tensor(-6.6172, dtype=torch.float16);tensor(-3.6875, dtype=torch.float16);tensor(-0.0469, dtype=torch.float16);tensor(0., dtype=torch.float16);tensor(-0.0625, dtype=torch.float16);tensor(-0.5469, dtype=torch.float16);tensor(-2.6172, dtype=torch.float16);tensor(-0.1719, dtype=torch.float16);tensor(-5.6484, dtype=torch.float16);tensor(-7.7344, dtype=torch.float16);tensor(-0.0156, dtype=torch.float16);tensor(-4.4219, dtype=torch.float16)",epitome_rm
1,Bernard,implicit,"Scene 1
Megan: Lauren, your phone just buzzed.
[Lauren snatches up her phone]
Megan: Ooooh, is that a booooy?
Lauren: Maybe...OK, OK, it’s Stephen. You know, the one in my Biology class.
Megan: Oh, I didn’t know you had a thing for him. Did you know he used to be best friends with Chris?
Lauren: Which Chris?
Megan: The Chris who’s my best friend. Yeah, they were friends in elementary school.
Lauren: That’s weird. Anyway...I was actually thinking about working up the guts to ask him out, but I’m nervous.
Megan: Haha, you’d better not let our Dad find out... Anyway, why are you nervous? I’m sure he’ll say yes.
Lauren: Well, I saw him chatting to Elaine at lunchtime the other day, and he was all smiley and flirty, so I think he’s planning to ask her out.

Scene 2
Megan: Hey Elaine!
Elaine: Oh, hey cousin, could you hold this for a second?
Megan: So, I saw you flirting with Stephen the other day...he’s cute!
[Stephen walks past them, they pause awkwardly and giggle]
Elaine: Haha, yup, he is, but there’s nothing going on.
Megan: Why not?
Elaine: I kind of have a thing for Bernard...
Megan: Bernard? The one who was in the school play with me?
Elaine: Yeah, that’s the one.
Megan: Oh, I didn’t know you guys knew each other.
Elaine: I live next door to him. Anyway, he doesn’t like me back.
Megan: Why on earth not?
Elaine: Well, I dunno if it’s that he doesn’t like me, it’s more just that he thinks I don’t know him well enough to really want to date him. He says if I knew him better I wouldn’t want to...really weird.
Megan: Ugh, he’s just being melodramatic. I’m sure he’ll come round. Does Stephen know? He looked pretty into you when you were chatting.
Elaine: Yup, I told him about it ages ago, we were just laughing about Mr Murray’s new haircut.
Megan: Ah, OK. Anyway, I’d better run – hope Bernard realizes what he’s missing!

Scene 3
Megan: ...so it turns out that Elaine and Stephen aren’t into each other at all. Elaine is actually really into Bernard.
Chris: The acting one?
Megan: Yeah. Bernard’s super melodramatic, too – he doesn’t want to date Elaine because he reckons Elaine doesn’t know him well enough or something.
Chris: That’s weird. And Stephen knows that Elaine’s not into him?
Megan: Mm, Elaine told him about the whole Bernard thing ages ago.
Chris: So Lauren...
Megan: Right! So, Lauren doesn’t want to ask Stephen out because she thinks he’s into Elaine – but if she knew that Stephen knows that Elaine likes Bernard, and that Stephen knows that Elaine’s not into him, she might work up the guts to ask Stephen out.
Chris: I guess...so are you going to tell her?
Megan: Yeah, I’m going to tell her the whole thing tonight.",implicit,mental,3,"Elaine: I worked up the guts to ask Bernard out today. He said no, but I have no idea why he won’t go out with me.",Elaine: I worked up the guts to ask Bernard out today. He said no. He reckons I don’t know him well enough.,b,-2.21875,-2.484375,-77.625,-94.4375,"tensor(-10.8984, dtype=torch.float16);tensor(0., dtype=torch.float16);tensor(-8.0859, dtype=torch.float16);tensor(-4.8984, dtype=torch.float16);tensor(-9.4453, dtype=torch.float16);tensor(-0.5312, dtype=torch.float16);tensor(-0.0156, dtype=torch.float16);tensor(-0.7969, dtype=torch.float16);tensor(0., dtype=torch.float16);tensor(-0.0625, dtype=torch.float16);tensor(-0.0469, dtype=torch.float16);tensor(-3.6641, dtype=torch.float16);tensor(-0.0781, dtype=torch.float16);tensor(-5.0234, dtype=torch.float16);tensor(-1.5781, dtype=torch.float16);tensor(-1.8438, dtype=torch.float16);tensor(-0.1094, dtype=torch.float16);tensor(-0.4688, dtype=torch.float16);tensor(-0.6250, dtype=torch.float16);tensor(-4.3281, dtype=torch.float16);tensor(-1.8438, dtype=torch.float16);tensor(-0.0156, dtype=torch.float16);tensor(-3.0156, dtype=torch.float16);tensor(-0.1250, dtype=torch.float16);tensor(-0.0469, dtype=torch.float16);tensor(0., dtype=torch.float16);tensor(-0.0312, dtype=torch.float16);tensor(0., dtype=torch.float16);tensor(0., dtype=torch.float16);tensor(0., dtype=torch.float16);tensor(-0.6562, dtype=torch.float16);tensor(-7.9258, dtype=torch.float16);tensor(-5.8438, dtype=torch.float16);tensor(-0.0469, dtype=torch.float16);tensor(-5.6016, dtype=torch.float16)","tensor(-10.8984, dtype=torch.float16);tensor(0., dtype=torch.float16);tensor(-8.0859, dtype=torch.float16);tensor(-4.8984, dtype=torch.float16);tensor(-9.4453, dtype=torch.float16);tensor(-0.5312, dtype=torch.float16);tensor(-0.0156, dtype=torch.float16);tensor(-0.7969, dtype=torch.float16);tensor(0., dtype=torch.float16);tensor(-0.0625, dtype=torch.float16);tensor(-0.0469, dtype=torch.float16);tensor(-3.6641, dtype=torch.float16);tensor(-0.0781, dtype=torch.float16);tensor(-5.0234, dtype=torch.float16);tensor(-1.5781, dtype=torch.float16);tensor(-1.8438, dtype=torch.float16);tensor(-0.1094, dtype=torch.float16);tensor(-0.4688, dtype=torch.float16);tensor(-2.1328, dtype=torch.float16);tensor(-0.6953, dtype=torch.float16);tensor(-0.8281, dtype=torch.float16);tensor(-5.2422, dtype=torch.float16);tensor(-3.8125, dtype=torch.float16);tensor(-0.5000, dtype=torch.float16);tensor(-0.4219, dtype=torch.float16);tensor(-6.0625, dtype=torch.float16);tensor(-5.5547, dtype=torch.float16);tensor(-0.1562, dtype=torch.float16);tensor(0., dtype=torch.float16);tensor(-3.8516, dtype=torch.float16);tensor(-0.1094, dtype=torch.float16);tensor(0., dtype=torch.float16);tensor(-0.0156, dtype=torch.float16);tensor(-0.6875, dtype=torch.float16);tensor(-7.1172, dtype=torch.float16);tensor(-4.8594, dtype=torch.float16);tensor(-0.0625, dtype=torch.float16);tensor(-4.7578, dtype=torch.float16)",epitome_rm
1,Bernard,implicit,"Scene 1
Megan: Lauren, your phone just buzzed.
[Lauren snatches up her phone]
Megan: Ooooh, is that a booooy?
Lauren: Maybe...OK, OK, it’s Stephen. You know, the one in my Biology class.
Megan: Oh, I didn’t know you had a thing for him. Did you know he used to be best friends with Chris?
Lauren: Which Chris?
Megan: The Chris who’s my best friend. Yeah, they were friends in elementary school.
Lauren: That’s weird. Anyway...I was actually thinking about working up the guts to ask him out, but I’m nervous.
Megan: Haha, you’d better not let our Dad find out... Anyway, why are you nervous? I’m sure he’ll say yes.
Lauren: Well, I saw him chatting to Elaine at lunchtime the other day, and he was all smiley and flirty, so I think he’s planning to ask her out.

Scene 2
Megan: Hey Elaine!
Elaine: Oh, hey cousin, could you hold this for a second?
Megan: So, I saw you flirting with Stephen the other day...he’s cute!
[Stephen walks past them, they pause awkwardly and giggle]
Elaine: Haha, yup, he is, but there’s nothing going on.
Megan: Why not?
Elaine: I kind of have a thing for Bernard...
Megan: Bernard? The one who was in the school play with me?
Elaine: Yeah, that’s the one.
Megan: Oh, I didn’t know you guys knew each other.
Elaine: I live next door to him. Anyway, he doesn’t like me back.
Megan: Why on earth not?
Elaine: Well, I dunno if it’s that he doesn’t like me, it’s more just that he thinks I don’t know him well enough to really want to date him. He says if I knew him better I wouldn’t want to...really weird.
Megan: Ugh, he’s just being melodramatic. I’m sure he’ll come round. Does Stephen know? He looked pretty into you when you were chatting.
Elaine: Yup, I told him about it ages ago, we were just laughing about Mr Murray’s new haircut.
Megan: Ah, OK. Anyway, I’d better run – hope Bernard realizes what he’s missing!

Scene 3
Megan: ...so it turns out that Elaine and Stephen aren’t into each other at all. Elaine is actually really into Bernard.
Chris: The acting one?
Megan: Yeah. Bernard’s super melodramatic, too – he doesn’t want to date Elaine because he reckons Elaine doesn’t know him well enough or something.
Chris: That’s weird. And Stephen knows that Elaine’s not into him?
Megan: Mm, Elaine told him about the whole Bernard thing ages ago.
Chris: So Lauren...
Megan: Right! So, Lauren doesn’t want to ask Stephen out because she thinks he’s into Elaine – but if she knew that Stephen knows that Elaine likes Bernard, and that Stephen knows that Elaine’s not into him, she might work up the guts to ask Stephen out.
Chris: I guess...so are you going to tell her?
Megan: Yeah, I’m going to tell her the whole thing tonight.",implicit,mental,4,"Megan: Hey, Stephen, I thought you should know something.
Stephen: Yeah?
Megan: It’s about Elaine – you know she has a thing for Bernard?
Stephen:Yeah, and he doesn’t want to go out with her because he thinks she doesn’t know him enough? Poor girl, she was crushed when she found out.","Megan: Oh, I have some hot gossip – did you hear about Elaine?Stephen:No – what about her? Megan: She’s really into Bernard, but Bernard doesn’t like her back because he thinks Elaine doesn’t know him well enough.Stephen:Seriously? That’s a weird reason not to go out with someone. Why didn’t Elaine tell me about this?",a,-1.80859375,-1.8466796875,-159.125,-175.5,"tensor(-10.1562, dtype=torch.float16);tensor(-0.2266, dtype=torch.float16);tensor(-0.8203, dtype=torch.float16);tensor(-2.7500, dtype=torch.float16);tensor(-0.9609, dtype=torch.float16);tensor(-5.4219, dtype=torch.float16);tensor(-2.6328, dtype=torch.float16);tensor(-2.6562, dtype=torch.float16);tensor(-5.4219, dtype=torch.float16);tensor(-0.1562, dtype=torch.float16);tensor(-5.1016, dtype=torch.float16);tensor(-0.0156, dtype=torch.float16);tensor(-4.6250, dtype=torch.float16);tensor(-0.8281, dtype=torch.float16);tensor(-0.7500, dtype=torch.float16);tensor(-0.5625, dtype=torch.float16);tensor(0., dtype=torch.float16);tensor(0., dtype=torch.float16);tensor(-1.3281, dtype=torch.float16);tensor(-0.2344, dtype=torch.float16);tensor(-0.9688, dtype=torch.float16);tensor(0., dtype=torch.float16);tensor(0., dtype=torch.float16);tensor(0., dtype=torch.float16);tensor(0., dtype=torch.float16);tensor(-3.7656, dtype=torch.float16);tensor(-0.2812, dtype=torch.float16);tensor(0., dtype=torch.float16);tensor(-0.3281, dtype=torch.float16);tensor(-0.1562, dtype=torch.float16);tensor(0., dtype=torch.float16);tensor(-5.4844, dtype=torch.float16);tensor(-3.6406, dtype=torch.float16);tensor(-0.0156, dtype=torch.float16);tensor(-1.0938, dtype=torch.float16);tensor(-4.2656, dtype=torch.float16);tensor(0., dtype=torch.float16);tensor(-0.0781, dtype=torch.float16);tensor(0., dtype=torch.float16);tensor(-0.0156, dtype=torch.float16);tensor(-1.2969, dtype=torch.float16);tensor(-0.0312, dtype=torch.float16);tensor(-0.0156, dtype=torch.float16);tensor(0., dtype=torch.float16);tensor(0., dtype=torch.float16);tensor(-7.1016, dtype=torch.float16);tensor(-0.0156, dtype=torch.float16);tensor(0., dtype=torch.float16);tensor(-0.6250, dtype=torch.float16);tensor(-7.3828, dtype=torch.float16);tensor(-6.9609, dtype=torch.float16);tensor(-2.2188, dtype=torch.float16);tensor(-0.0312, dtype=torch.float16);tensor(0., dtype=torch.float16);tensor(-1.6562, dtype=torch.float16);tensor(-0.0156, dtype=torch.float16);tensor(-2.8594, dtype=torch.float16);tensor(-0.0156, dtype=torch.float16);tensor(0., dtype=torch.float16);tensor(0., dtype=torch.float16);tensor(-1.0469, dtype=torch.float16);tensor(-0.4219, dtype=torch.float16);tensor(-0.6406, dtype=torch.float16);tensor(0., dtype=torch.float16);tensor(0., dtype=torch.float16);tensor(0., dtype=torch.float16);tensor(0., dtype=torch.float16);tensor(0., dtype=torch.float16);tensor(0., dtype=torch.float16);tensor(-6.6953, dtype=torch.float16);tensor(-1.9219, dtype=torch.float16);tensor(-9.8906, dtype=torch.float16);tensor(0., dtype=torch.float16);tensor(-4.0781, dtype=torch.float16);tensor(-3.5000, dtype=torch.float16);tensor(-0.4453, dtype=torch.float16);tensor(-4.1016, dtype=torch.float16);tensor(-7.2344, dtype=torch.float16);tensor(-0.0312, dtype=torch.float16);tensor(-2.4297, dtype=torch.float16);tensor(-1.8750, dtype=torch.float16);tensor(-0.8125, dtype=torch.float16);tensor(0., dtype=torch.float16);tensor(-0.1562, dtype=torch.float16);tensor(-7.1719, dtype=torch.float16);tensor(-6.9375, dtype=torch.float16);tensor(-0.0625, dtype=torch.float16);tensor(-4.7461, dtype=torch.float16)","tensor(-10.1562, dtype=torch.float16);tensor(-0.2266, dtype=torch.float16);tensor(-0.8203, dtype=torch.float16);tensor(-3.3516, dtype=torch.float16);tensor(-1.2734, dtype=torch.float16);tensor(-1.4609, dtype=torch.float16);tensor(-4.0938, dtype=torch.float16);tensor(-5.9531, dtype=torch.float16);tensor(-6.1562, dtype=torch.float16);tensor(-0.0625, dtype=torch.float16);tensor(0., dtype=torch.float16);tensor(-0.5547, dtype=torch.float16);tensor(-4.4297, dtype=torch.float16);tensor(-2.5234, dtype=torch.float16);tensor(-0.0156, dtype=torch.float16);tensor(-0.5781, dtype=torch.float16);tensor(-0.1250, dtype=torch.float16);tensor(-0.3906, dtype=torch.float16);tensor(0., dtype=torch.float16);tensor(-3.3750, dtype=torch.float16);tensor(-17.5000, dtype=torch.float16);tensor(-7.7695, dtype=torch.float16);tensor(0., dtype=torch.float16);tensor(-0.0312, dtype=torch.float16);tensor(-6.6953, dtype=torch.float16);tensor(-3.7656, dtype=torch.float16);tensor(-0.1406, dtype=torch.float16);tensor(-2.8672, dtype=torch.float16);tensor(-1.0156, dtype=torch.float16);tensor(0., dtype=torch.float16);tensor(-1.0234, dtype=torch.float16);tensor(0., dtype=torch.float16);tensor(-0.0156, dtype=torch.float16);tensor(-1.2422, dtype=torch.float16);tensor(-0.4531, dtype=torch.float16);tensor(0., dtype=torch.float16);tensor(-4.5625, dtype=torch.float16);tensor(0., dtype=torch.float16);tensor(-0.0312, dtype=torch.float16);tensor(-1.3281, dtype=torch.float16);tensor(-0.1641, dtype=torch.float16);tensor(-2.2031, dtype=torch.float16);tensor(-0.7188, dtype=torch.float16);tensor(-0.0312, dtype=torch.float16);tensor(0., dtype=torch.float16);tensor(-1.4375, dtype=torch.float16);tensor(0., dtype=torch.float16);tensor(-0.8906, dtype=torch.float16);tensor(-0.7031, dtype=torch.float16);tensor(-0.0312, dtype=torch.float16);tensor(-0.3750, dtype=torch.float16);tensor(-7.7422, dtype=torch.float16);tensor(0., dtype=torch.float16);tensor(-0.0156, dtype=torch.float16);tensor(-0.0156, dtype=torch.float16);tensor(0., dtype=torch.float16);tensor(0., dtype=torch.float16);tensor(0., dtype=torch.float16);tensor(0., dtype=torch.float16);tensor(0., dtype=torch.float16);tensor(-12.6875, dtype=torch.float16);tensor(-0.2812, dtype=torch.float16);tensor(0., dtype=torch.float16);tensor(-0.0156, dtype=torch.float16);tensor(-8.2344, dtype=torch.float16);tensor(0., dtype=torch.float16);tensor(-0.0156, dtype=torch.float16);tensor(-0.8906, dtype=torch.float16);tensor(-0.2812, dtype=torch.float16);tensor(0., dtype=torch.float16);tensor(-3.9688, dtype=torch.float16);tensor(-3.2734, dtype=torch.float16);tensor(-0.0312, dtype=torch.float16);tensor(-0.5781, dtype=torch.float16);tensor(0., dtype=torch.float16);tensor(-6.5859, dtype=torch.float16);tensor(-0.0469, dtype=torch.float16);tensor(0., dtype=torch.float16);tensor(-0.0156, dtype=torch.float16);tensor(-0.6875, dtype=torch.float16);tensor(-5.0547, dtype=torch.float16);tensor(-2.0156, dtype=torch.float16);tensor(-0.0156, dtype=torch.float16);tensor(0., dtype=torch.float16);tensor(-4.5625, dtype=torch.float16);tensor(0., dtype=torch.float16);tensor(-0.3594, dtype=torch.float16);tensor(-0.1719, dtype=torch.float16);tensor(-2.1562, dtype=torch.float16);tensor(-0.1250, dtype=torch.float16);tensor(-0.0469, dtype=torch.float16);tensor(-7.5977, dtype=torch.float16);tensor(-3.0547, dtype=torch.float16);tensor(-0.5547, dtype=torch.float16);tensor(-3.8281, dtype=torch.float16)",epitome_rm
1,Bernard,implicit,"Scene 1
Megan: Lauren, your phone just buzzed.
[Lauren snatches up her phone]
Megan: Ooooh, is that a booooy?
Lauren: Maybe...OK, OK, it’s Stephen. You know, the one in my Biology class.
Megan: Oh, I didn’t know you had a thing for him. Did you know he used to be best friends with Chris?
Lauren: Which Chris?
Megan: The Chris who’s my best friend. Yeah, they were friends in elementary school.
Lauren: That’s weird. Anyway...I was actually thinking about working up the guts to ask him out, but I’m nervous.
Megan: Haha, you’d better not let our Dad find out... Anyway, why are you nervous? I’m sure he’ll say yes.
Lauren: Well, I saw him chatting to Elaine at lunchtime the other day, and he was all smiley and flirty, so I think he’s planning to ask her out.

Scene 2
Megan: Hey Elaine!
Elaine: Oh, hey cousin, could you hold this for a second?
Megan: So, I saw you flirting with Stephen the other day...he’s cute!
[Stephen walks past them, they pause awkwardly and giggle]
Elaine: Haha, yup, he is, but there’s nothing going on.
Megan: Why not?
Elaine: I kind of have a thing for Bernard...
Megan: Bernard? The one who was in the school play with me?
Elaine: Yeah, that’s the one.
Megan: Oh, I didn’t know you guys knew each other.
Elaine: I live next door to him. Anyway, he doesn’t like me back.
Megan: Why on earth not?
Elaine: Well, I dunno if it’s that he doesn’t like me, it’s more just that he thinks I don’t know him well enough to really want to date him. He says if I knew him better I wouldn’t want to...really weird.
Megan: Ugh, he’s just being melodramatic. I’m sure he’ll come round. Does Stephen know? He looked pretty into you when you were chatting.
Elaine: Yup, I told him about it ages ago, we were just laughing about Mr Murray’s new haircut.
Megan: Ah, OK. Anyway, I’d better run – hope Bernard realizes what he’s missing!

Scene 3
Megan: ...so it turns out that Elaine and Stephen aren’t into each other at all. Elaine is actually really into Bernard.
Chris: The acting one?
Megan: Yeah. Bernard’s super melodramatic, too – he doesn’t want to date Elaine because he reckons Elaine doesn’t know him well enough or something.
Chris: That’s weird. And Stephen knows that Elaine’s not into him?
Megan: Mm, Elaine told him about the whole Bernard thing ages ago.
Chris: So Lauren...
Megan: Right! So, Lauren doesn’t want to ask Stephen out because she thinks he’s into Elaine – but if she knew that Stephen knows that Elaine likes Bernard, and that Stephen knows that Elaine’s not into him, she might work up the guts to ask Stephen out.
Chris: I guess...so are you going to tell her?
Megan: Yeah, I’m going to tell her the whole thing tonight.",implicit,mental,5,"Megan: So Elaine told me today that she has a thing for Bernard, but Bernard doesn’t like her back because he thinks Elaine doesn’t know him well enough.Chris: Elaine has a thing for Bernard? But I saw her flirting with Stephen!Megan: Mm-hmm, and Stephen has no idea, either that Elaine likes Bernard, or that Bernard doesn’t like her back.Chris: Yikes, that’s not cool – she needs to tell him.","Megan: So Elaine told me today that she has a thing for Bernard, but Bernard doesn’t like her back because he thinks Elaine doesn’t know him well enough.Chris: Elaine has a thing for Bernard? But I saw her flirting with Stephen!Megan: Oh, yeah, he knows, she told him.Chris: Knows which bit?Megan: Knows that Elaine likes Bernard and that Bernard told Elaine that he won’t go out with her.",b,-1.9501953125,-1.9296875,-226.25,-223.75,"tensor(-10.1719, dtype=torch.float16);tensor(-0.2266, dtype=torch.float16);tensor(-0.8203, dtype=torch.float16);tensor(-2.5000, dtype=torch.float16);tensor(-6.3906, dtype=torch.float16);tensor(0., dtype=torch.float16);tensor(-3.5078, dtype=torch.float16);tensor(-0.0938, dtype=torch.float16);tensor(-4.2109, dtype=torch.float16);tensor(-0.2031, dtype=torch.float16);tensor(-0.4219, dtype=torch.float16);tensor(-2.3984, dtype=torch.float16);tensor(-0.0625, dtype=torch.float16);tensor(-0.5156, dtype=torch.float16);tensor(0., dtype=torch.float16);tensor(-0.1094, dtype=torch.float16);tensor(-1.2812, dtype=torch.float16);tensor(-0.4844, dtype=torch.float16);tensor(-1.3750, dtype=torch.float16);tensor(-0.4531, dtype=torch.float16);tensor(-0.3438, dtype=torch.float16);tensor(0., dtype=torch.float16);tensor(-1.2188, dtype=torch.float16);tensor(0., dtype=torch.float16);tensor(-1.0469, dtype=torch.float16);tensor(-0.5000, dtype=torch.float16);tensor(-0.0781, dtype=torch.float16);tensor(-0.3750, dtype=torch.float16);tensor(-7.4453, dtype=torch.float16);tensor(0., dtype=torch.float16);tensor(0., dtype=torch.float16);tensor(0., dtype=torch.float16);tensor(0., dtype=torch.float16);tensor(0., dtype=torch.float16);tensor(0., dtype=torch.float16);tensor(0., dtype=torch.float16);tensor(0., dtype=torch.float16);tensor(-18.1875, dtype=torch.float16);tensor(-7.6875, dtype=torch.float16);tensor(0., dtype=torch.float16);tensor(-0.0312, dtype=torch.float16);tensor(-5.8984, dtype=torch.float16);tensor(0., dtype=torch.float16);tensor(-1.0078, dtype=torch.float16);tensor(-0.0156, dtype=torch.float16);tensor(-0.0781, dtype=torch.float16);tensor(0., dtype=torch.float16);tensor(-0.0156, dtype=torch.float16);tensor(-0.0625, dtype=torch.float16);tensor(-4.4219, dtype=torch.float16);tensor(-2.0547, dtype=torch.float16);tensor(-8.4219, dtype=torch.float16);tensor(-0.1406, dtype=torch.float16);tensor(-1.3125, dtype=torch.float16);tensor(0., dtype=torch.float16);tensor(0., dtype=torch.float16);tensor(0., dtype=torch.float16);tensor(0., dtype=torch.float16);tensor(-1.3281, dtype=torch.float16);tensor(-6.6094, dtype=torch.float16);tensor(-0.1562, dtype=torch.float16);tensor(0., dtype=torch.float16);tensor(0., dtype=torch.float16);tensor(0., dtype=torch.float16);tensor(-3.8125, dtype=torch.float16);tensor(-0.2188, dtype=torch.float16);tensor(-1.1719, dtype=torch.float16);tensor(-0.7500, dtype=torch.float16);tensor(-9.6172, dtype=torch.float16);tensor(-5.6875, dtype=torch.float16);tensor(-3.6562, dtype=torch.float16);tensor(-2.4922, dtype=torch.float16);tensor(0., dtype=torch.float16);tensor(-1.0156, dtype=torch.float16);tensor(-12.6094, dtype=torch.float16);tensor(-0.0312, dtype=torch.float16);tensor(0., dtype=torch.float16);tensor(0., dtype=torch.float16);tensor(-11.1094, dtype=torch.float16);tensor(0., dtype=torch.float16);tensor(-9.7891, dtype=torch.float16);tensor(-5.4141, dtype=torch.float16);tensor(-0.6406, dtype=torch.float16);tensor(-5.8984, dtype=torch.float16);tensor(0., dtype=torch.float16);tensor(0., dtype=torch.float16);tensor(0., dtype=torch.float16);tensor(0., dtype=torch.float16);tensor(-0.3594, dtype=torch.float16);tensor(0., dtype=torch.float16);tensor(-0.0938, dtype=torch.float16);tensor(-0.0625, dtype=torch.float16);tensor(0., dtype=torch.float16);tensor(-0.9375, dtype=torch.float16);tensor(0., dtype=torch.float16);tensor(0., dtype=torch.float16);tensor(-2.0234, dtype=torch.float16);tensor(-0.3594, dtype=torch.float16);tensor(-3.9531, dtype=torch.float16);tensor(-11.8203, dtype=torch.float16);tensor(-3.6094, dtype=torch.float16);tensor(0., dtype=torch.float16);tensor(-0.5625, dtype=torch.float16);tensor(-0.1094, dtype=torch.float16);tensor(-7.8438, dtype=torch.float16);tensor(-0.3594, dtype=torch.float16);tensor(0., dtype=torch.float16);tensor(-0.7344, dtype=torch.float16);tensor(0., dtype=torch.float16);tensor(0., dtype=torch.float16);tensor(0., dtype=torch.float16);tensor(-2.5469, dtype=torch.float16);tensor(-6.4414, dtype=torch.float16);tensor(-1.3984, dtype=torch.float16);tensor(-0.8438, dtype=torch.float16);tensor(-4.5586, dtype=torch.float16)","tensor(-10.1719, dtype=torch.float16);tensor(-0.2266, dtype=torch.float16);tensor(-0.8203, dtype=torch.float16);tensor(-2.5000, dtype=torch.float16);tensor(-6.3906, dtype=torch.float16);tensor(0., dtype=torch.float16);tensor(-3.5078, dtype=torch.float16);tensor(-0.0938, dtype=torch.float16);tensor(-4.2109, dtype=torch.float16);tensor(-0.2031, dtype=torch.float16);tensor(-0.4219, dtype=torch.float16);tensor(-2.3984, dtype=torch.float16);tensor(-0.0625, dtype=torch.float16);tensor(-0.5156, dtype=torch.float16);tensor(0., dtype=torch.float16);tensor(-0.1094, dtype=torch.float16);tensor(-1.2812, dtype=torch.float16);tensor(-0.4844, dtype=torch.float16);tensor(-1.3750, dtype=torch.float16);tensor(-0.4531, dtype=torch.float16);tensor(-0.3438, dtype=torch.float16);tensor(0., dtype=torch.float16);tensor(-1.2188, dtype=torch.float16);tensor(0., dtype=torch.float16);tensor(-1.0469, dtype=torch.float16);tensor(-0.5000, dtype=torch.float16);tensor(-0.0781, dtype=torch.float16);tensor(-0.3750, dtype=torch.float16);tensor(-7.4453, dtype=torch.float16);tensor(0., dtype=torch.float16);tensor(0., dtype=torch.float16);tensor(0., dtype=torch.float16);tensor(0., dtype=torch.float16);tensor(0., dtype=torch.float16);tensor(0., dtype=torch.float16);tensor(0., dtype=torch.float16);tensor(0., dtype=torch.float16);tensor(-18.1875, dtype=torch.float16);tensor(-7.6875, dtype=torch.float16);tensor(0., dtype=torch.float16);tensor(-0.0312, dtype=torch.float16);tensor(-5.8984, dtype=torch.float16);tensor(0., dtype=torch.float16);tensor(-1.0078, dtype=torch.float16);tensor(-0.0156, dtype=torch.float16);tensor(-0.0781, dtype=torch.float16);tensor(0., dtype=torch.float16);tensor(-0.0156, dtype=torch.float16);tensor(-0.0625, dtype=torch.float16);tensor(-4.4219, dtype=torch.float16);tensor(-2.0547, dtype=torch.float16);tensor(-8.4219, dtype=torch.float16);tensor(-0.1406, dtype=torch.float16);tensor(-1.3125, dtype=torch.float16);tensor(0., dtype=torch.float16);tensor(0., dtype=torch.float16);tensor(0., dtype=torch.float16);tensor(0., dtype=torch.float16);tensor(-1.3281, dtype=torch.float16);tensor(-6.6094, dtype=torch.float16);tensor(-0.1562, dtype=torch.float16);tensor(0., dtype=torch.float16);tensor(0., dtype=torch.float16);tensor(0., dtype=torch.float16);tensor(-8.2734, dtype=torch.float16);tensor(-0.0625, dtype=torch.float16);tensor(-5.7656, dtype=torch.float16);tensor(-0.6875, dtype=torch.float16);tensor(0., dtype=torch.float16);tensor(-1.1562, dtype=torch.float16);tensor(-2.1562, dtype=torch.float16);tensor(-1.1562, dtype=torch.float16);tensor(-7.7188, dtype=torch.float16);tensor(-6.1641, dtype=torch.float16);tensor(-0.0625, dtype=torch.float16);tensor(-4.9531, dtype=torch.float16);tensor(-6.2812, dtype=torch.float16);tensor(-7.1484, dtype=torch.float16);tensor(-0.0156, dtype=torch.float16);tensor(0., dtype=torch.float16);tensor(-0.2656, dtype=torch.float16);tensor(0., dtype=torch.float16);tensor(-0.0156, dtype=torch.float16);tensor(-2.8906, dtype=torch.float16);tensor(0., dtype=torch.float16);tensor(0., dtype=torch.float16);tensor(-6.6719, dtype=torch.float16);tensor(-0.1406, dtype=torch.float16);tensor(-0.2969, dtype=torch.float16);tensor(0., dtype=torch.float16);tensor(-0.0156, dtype=torch.float16);tensor(-0.5312, dtype=torch.float16);tensor(-0.2656, dtype=torch.float16);tensor(-5.4453, dtype=torch.float16);tensor(-0.2500, dtype=torch.float16);tensor(0., dtype=torch.float16);tensor(0., dtype=torch.float16);tensor(-7.6328, dtype=torch.float16);tensor(-0.1562, dtype=torch.float16);tensor(-1.1562, dtype=torch.float16);tensor(-0.7500, dtype=torch.float16);tensor(-0.3281, dtype=torch.float16);tensor(0., dtype=torch.float16);tensor(-8.5938, dtype=torch.float16);tensor(-3.9375, dtype=torch.float16);tensor(-5.1719, dtype=torch.float16);tensor(-3.0859, dtype=torch.float16);tensor(-3.2812, dtype=torch.float16);tensor(0., dtype=torch.float16);tensor(-1.1641, dtype=torch.float16);tensor(-0.2031, dtype=torch.float16);tensor(-1.8828, dtype=torch.float16);tensor(-8.0469, dtype=torch.float16);tensor(-0.7812, dtype=torch.float16);tensor(-0.8750, dtype=torch.float16);tensor(-4.7031, dtype=torch.float16)",epitome_rm
1,Bernard,implicit,"Scene 1
Megan: Lauren, your phone just buzzed.
[Lauren snatches up her phone]
Megan: Ooooh, is that a booooy?
Lauren: Maybe...OK, OK, it’s Stephen. You know, the one in my Biology class.
Megan: Oh, I didn’t know you had a thing for him. Did you know he used to be best friends with Chris?
Lauren: Which Chris?
Megan: The Chris who’s my best friend. Yeah, they were friends in elementary school.
Lauren: That’s weird. Anyway...I was actually thinking about working up the guts to ask him out, but I’m nervous.
Megan: Haha, you’d better not let our Dad find out... Anyway, why are you nervous? I’m sure he’ll say yes.
Lauren: Well, I saw him chatting to Elaine at lunchtime the other day, and he was all smiley and flirty, so I think he’s planning to ask her out.

Scene 2
Megan: Hey Elaine!
Elaine: Oh, hey cousin, could you hold this for a second?
Megan: So, I saw you flirting with Stephen the other day...he’s cute!
[Stephen walks past them, they pause awkwardly and giggle]
Elaine: Haha, yup, he is, but there’s nothing going on.
Megan: Why not?
Elaine: I kind of have a thing for Bernard...
Megan: Bernard? The one who was in the school play with me?
Elaine: Yeah, that’s the one.
Megan: Oh, I didn’t know you guys knew each other.
Elaine: I live next door to him. Anyway, he doesn’t like me back.
Megan: Why on earth not?
Elaine: Well, I dunno if it’s that he doesn’t like me, it’s more just that he thinks I don’t know him well enough to really want to date him. He says if I knew him better I wouldn’t want to...really weird.
Megan: Ugh, he’s just being melodramatic. I’m sure he’ll come round. Does Stephen know? He looked pretty into you when you were chatting.
Elaine: Yup, I told him about it ages ago, we were just laughing about Mr Murray’s new haircut.
Megan: Ah, OK. Anyway, I’d better run – hope Bernard realizes what he’s missing!

Scene 3
Megan: ...so it turns out that Elaine and Stephen aren’t into each other at all. Elaine is actually really into Bernard.
Chris: The acting one?
Megan: Yeah. Bernard’s super melodramatic, too – he doesn’t want to date Elaine because he reckons Elaine doesn’t know him well enough or something.
Chris: That’s weird. And Stephen knows that Elaine’s not into him?
Megan: Mm, Elaine told him about the whole Bernard thing ages ago.
Chris: So Lauren...
Megan: Right! So, Lauren doesn’t want to ask Stephen out because she thinks he’s into Elaine – but if she knew that Stephen knows that Elaine likes Bernard, and that Stephen knows that Elaine’s not into him, she might work up the guts to ask Stephen out.
Chris: I guess...so are you going to tell her?
Megan: Yeah, I’m going to tell her the whole thing tonight.",implicit,mental,6,"Chris: Yeah, so Megan heard some juicy gossip today...Stephen too? Haha, I bet it’s the same gossip – they both know about this, anyway...So you know Elaine? She has a mega thing for Bernard...uh-huh...and Bernard told her – yeah, told Elaine – that he doesn’t want to go out with her because Elaine doesn’t know him well enough. I know, it’s weird, right? So, wait, you spoke to Megan earlier and asked her about Elaine and Stephen, and Megan
said she didn’t know anything about it? That’s weird, she definitely knows.","Chris: Yeah, so what’s this hot gossip? Elaine and Bernard? Why not? Because she doesn’t know him well enough? That’s weird...does Stephen know? Ok, that’s good, it would be really awful of Elaine if he didn’t. And Megan knows too? What? Has she heard that Stephen knows about all of it? That’s weird, Megan didn’t tell me anything.",a,-2.3203125,-2.458984375,-352.75,-243.5,"tensor(-12.2812, dtype=torch.float16);tensor(-0.2266, dtype=torch.float16);tensor(-2.5625, dtype=torch.float16);tensor(-0.1250, dtype=torch.float16);tensor(-7.0234, dtype=torch.float16);tensor(-7.6797, dtype=torch.float16);tensor(-0.0312, dtype=torch.float16);tensor(-10.1562, dtype=torch.float16);tensor(-4.9141, dtype=torch.float16);tensor(-1.1797, dtype=torch.float16);tensor(0., dtype=torch.float16);tensor(-0.0312, dtype=torch.float16);tensor(0., dtype=torch.float16);tensor(-0.1094, dtype=torch.float16);tensor(-2.2344, dtype=torch.float16);tensor(-2.0469, dtype=torch.float16);tensor(-6.8867, dtype=torch.float16);tensor(0., dtype=torch.float16);tensor(-13.0859, dtype=torch.float16);tensor(-2.9609, dtype=torch.float16);tensor(-6.5625, dtype=torch.float16);tensor(-0.0156, dtype=torch.float16);tensor(-0.8203, dtype=torch.float16);tensor(-2., dtype=torch.float16);tensor(-3.1328, dtype=torch.float16);tensor(-3.5469, dtype=torch.float16);tensor(-1.0312, dtype=torch.float16);tensor(-0.0469, dtype=torch.float16);tensor(-2.6016, dtype=torch.float16);tensor(-0.1094, dtype=torch.float16);tensor(-1.6875, dtype=torch.float16);tensor(0., dtype=torch.float16);tensor(-0.0156, dtype=torch.float16);tensor(-4.3281, dtype=torch.float16);tensor(-6.1719, dtype=torch.float16);tensor(-3., dtype=torch.float16);tensor(-1.4922, dtype=torch.float16);tensor(-0.9375, dtype=torch.float16);tensor(-7.8125, dtype=torch.float16);tensor(-6.8047, dtype=torch.float16);tensor(-6.2031, dtype=torch.float16);tensor(-1.8828, dtype=torch.float16);tensor(-5.3555, dtype=torch.float16);tensor(-4.7891, dtype=torch.float16);tensor(-0.8438, dtype=torch.float16);tensor(-1.2500, dtype=torch.float16);tensor(0., dtype=torch.float16);tensor(-1.1406, dtype=torch.float16);tensor(-1.9922, dtype=torch.float16);tensor(-5.8203, dtype=torch.float16);tensor(-0.0469, dtype=torch.float16);tensor(-10.9062, dtype=torch.float16);tensor(-0.0781, dtype=torch.float16);tensor(-4.8984, dtype=torch.float16);tensor(0., dtype=torch.float16);tensor(-0.0938, dtype=torch.float16);tensor(-1.4922, dtype=torch.float16);tensor(-6.5547, dtype=torch.float16);tensor(-1.6250, dtype=torch.float16);tensor(-0.2500, dtype=torch.float16);tensor(0., dtype=torch.float16);tensor(-0.3125, dtype=torch.float16);tensor(-0.9531, dtype=torch.float16);tensor(-3.0547, dtype=torch.float16);tensor(-5.2422, dtype=torch.float16);tensor(-1.1562, dtype=torch.float16);tensor(-6.3594, dtype=torch.float16);tensor(-5.2578, dtype=torch.float16);tensor(-0.1719, dtype=torch.float16);tensor(-5.5156, dtype=torch.float16);tensor(-7.8828, dtype=torch.float16);tensor(0., dtype=torch.float16);tensor(-0.7500, dtype=torch.float16);tensor(-0.0781, dtype=torch.float16);tensor(-0.0781, dtype=torch.float16);tensor(-0.5469, dtype=torch.float16);tensor(-0.1250, dtype=torch.float16);tensor(0., dtype=torch.float16);tensor(-0.2969, dtype=torch.float16);tensor(0., dtype=torch.float16);tensor(-2.5781, dtype=torch.float16);tensor(0., dtype=torch.float16);tensor(0., dtype=torch.float16);tensor(-0.0156, dtype=torch.float16);tensor(-0.2656, dtype=torch.float16);tensor(-5.7422, dtype=torch.float16);tensor(0., dtype=torch.float16);tensor(-0.0938, dtype=torch.float16);tensor(-0.0156, dtype=torch.float16);tensor(0., dtype=torch.float16);tensor(-0.0625, dtype=torch.float16);tensor(0., dtype=torch.float16);tensor(-0.0156, dtype=torch.float16);tensor(0., dtype=torch.float16);tensor(-1.0625, dtype=torch.float16);tensor(-3.9219, dtype=torch.float16);tensor(-1.4062, dtype=torch.float16);tensor(-0.2031, dtype=torch.float16);tensor(-1.8203, dtype=torch.float16);tensor(-0.1406, dtype=torch.float16);tensor(0., dtype=torch.float16);tensor(-2.6641, dtype=torch.float16);tensor(-0.8125, dtype=torch.float16);tensor(-0.1406, dtype=torch.float16);tensor(-0.0156, dtype=torch.float16);tensor(-3.3672, dtype=torch.float16);tensor(-1.2812, dtype=torch.float16);tensor(-5.3594, dtype=torch.float16);tensor(-0.2344, dtype=torch.float16);tensor(-2.2109, dtype=torch.float16);tensor(-8.9766, dtype=torch.float16);tensor(0., dtype=torch.float16);tensor(-6.2969, dtype=torch.float16);tensor(0., dtype=torch.float16);tensor(-3.9844, dtype=torch.float16);tensor(-2.5625, dtype=torch.float16);tensor(-5.2891, dtype=torch.float16);tensor(-0.3281, dtype=torch.float16);tensor(-1.3516, dtype=torch.float16);tensor(-1.2734, dtype=torch.float16);tensor(0., dtype=torch.float16);tensor(-1.5156, dtype=torch.float16);tensor(-0.1719, dtype=torch.float16);tensor(-2.6484, dtype=torch.float16);tensor(-1.3281, dtype=torch.float16);tensor(-1.6250, dtype=torch.float16);tensor(0., dtype=torch.float16);tensor(-11.7109, dtype=torch.float16);tensor(-5.3984, dtype=torch.float16);tensor(0., dtype=torch.float16);tensor(-3.2500, dtype=torch.float16);tensor(-3.1875, dtype=torch.float16);tensor(-0.0469, dtype=torch.float16);tensor(0., dtype=torch.float16);tensor(-0.1406, dtype=torch.float16);tensor(-0.7031, dtype=torch.float16);tensor(-0.4375, dtype=torch.float16);tensor(-0.4219, dtype=torch.float16);tensor(-0.6250, dtype=torch.float16);tensor(-4.0156, dtype=torch.float16);tensor(-0.1562, dtype=torch.float16);tensor(0., dtype=torch.float16);tensor(-1.5625, dtype=torch.float16);tensor(-1.5703, dtype=torch.float16);tensor(-4.8438, dtype=torch.float16);tensor(-3.7109, dtype=torch.float16);tensor(-2.6094, dtype=torch.float16);tensor(-3.6562, dtype=torch.float16);tensor(-6.1250, dtype=torch.float16);tensor(-4.6484, dtype=torch.float16);tensor(-0.1875, dtype=torch.float16);tensor(-4.3828, dtype=torch.float16)","tensor(-12.2812, dtype=torch.float16);tensor(-0.2266, dtype=torch.float16);tensor(-2.5625, dtype=torch.float16);tensor(-0.1250, dtype=torch.float16);tensor(-7.0234, dtype=torch.float16);tensor(-3.3906, dtype=torch.float16);tensor(-1.2266, dtype=torch.float16);tensor(-0.0156, dtype=torch.float16);tensor(-5.2891, dtype=torch.float16);tensor(-9.3594, dtype=torch.float16);tensor(-5.0234, dtype=torch.float16);tensor(0., dtype=torch.float16);tensor(-0.4219, dtype=torch.float16);tensor(-1.1484, dtype=torch.float16);tensor(-6.6875, dtype=torch.float16);tensor(0., dtype=torch.float16);tensor(-1.8828, dtype=torch.float16);tensor(-1.6094, dtype=torch.float16);tensor(-0.3672, dtype=torch.float16);tensor(-7.5312, dtype=torch.float16);tensor(-4.2812, dtype=torch.float16);tensor(-0.2344, dtype=torch.float16);tensor(-9.5625, dtype=torch.float16);tensor(-4.0391, dtype=torch.float16);tensor(-0.6250, dtype=torch.float16);tensor(-0.0312, dtype=torch.float16);tensor(0., dtype=torch.float16);tensor(-0.0156, dtype=torch.float16);tensor(0., dtype=torch.float16);tensor(-0.1094, dtype=torch.float16);tensor(-0.0469, dtype=torch.float16);tensor(-0.1094, dtype=torch.float16);tensor(-1.3750, dtype=torch.float16);tensor(-0.1250, dtype=torch.float16);tensor(0., dtype=torch.float16);tensor(-1.8750, dtype=torch.float16);tensor(-2.3828, dtype=torch.float16);tensor(-7.0742, dtype=torch.float16);tensor(-1.4688, dtype=torch.float16);tensor(-0.1719, dtype=torch.float16);tensor(-0.4688, dtype=torch.float16);tensor(-8.4531, dtype=torch.float16);tensor(-0.1094, dtype=torch.float16);tensor(-4.2188, dtype=torch.float16);tensor(-0.2656, dtype=torch.float16);tensor(0., dtype=torch.float16);tensor(-5.2188, dtype=torch.float16);tensor(-2.5078, dtype=torch.float16);tensor(-3.8203, dtype=torch.float16);tensor(-4.4609, dtype=torch.float16);tensor(-0.1250, dtype=torch.float16);tensor(-3.3203, dtype=torch.float16);tensor(-8.6094, dtype=torch.float16);tensor(-4.8281, dtype=torch.float16);tensor(-3.2812, dtype=torch.float16);tensor(0., dtype=torch.float16);tensor(-2.1094, dtype=torch.float16);tensor(-4.0859, dtype=torch.float16);tensor(-0.3594, dtype=torch.float16);tensor(0., dtype=torch.float16);tensor(0., dtype=torch.float16);tensor(-2.1719, dtype=torch.float16);tensor(-2.8750, dtype=torch.float16);tensor(-5.8281, dtype=torch.float16);tensor(-0.0312, dtype=torch.float16);tensor(-2.2969, dtype=torch.float16);tensor(-3.7969, dtype=torch.float16);tensor(-0.2344, dtype=torch.float16);tensor(-3.5469, dtype=torch.float16);tensor(-2.1406, dtype=torch.float16);tensor(-5.4609, dtype=torch.float16);tensor(-0.2969, dtype=torch.float16);tensor(-4.0469, dtype=torch.float16);tensor(-4.0156, dtype=torch.float16);tensor(-1.4453, dtype=torch.float16);tensor(-0.8906, dtype=torch.float16);tensor(-2.8828, dtype=torch.float16);tensor(-4.2031, dtype=torch.float16);tensor(-1.0312, dtype=torch.float16);tensor(-2.3125, dtype=torch.float16);tensor(-0.0781, dtype=torch.float16);tensor(-3.4219, dtype=torch.float16);tensor(-0.2969, dtype=torch.float16);tensor(0., dtype=torch.float16);tensor(-4.0469, dtype=torch.float16);tensor(-3.1641, dtype=torch.float16);tensor(-5.6250, dtype=torch.float16);tensor(-0.0156, dtype=torch.float16);tensor(-3.8438, dtype=torch.float16);tensor(0., dtype=torch.float16);tensor(0., dtype=torch.float16);tensor(-0.5156, dtype=torch.float16);tensor(-0.0781, dtype=torch.float16);tensor(-2.0078, dtype=torch.float16);tensor(-1.1250, dtype=torch.float16);tensor(-5.8125, dtype=torch.float16);tensor(-3.5000, dtype=torch.float16);tensor(-0.0859, dtype=torch.float16);tensor(-4.4688, dtype=torch.float16)",epitome_rm
1,Bernard,implicit,"Scene 1
Megan: Lauren, your phone just buzzed.
[Lauren snatches up her phone]
Megan: Ooooh, is that a booooy?
Lauren: Maybe...OK, OK, it’s Stephen. You know, the one in my Biology class.
Megan: Oh, I didn’t know you had a thing for him. Did you know he used to be best friends with Chris?
Lauren: Which Chris?
Megan: The Chris who’s my best friend. Yeah, they were friends in elementary school.
Lauren: That’s weird. Anyway...I was actually thinking about working up the guts to ask him out, but I’m nervous.
Megan: Haha, you’d better not let our Dad find out... Anyway, why are you nervous? I’m sure he’ll say yes.
Lauren: Well, I saw him chatting to Elaine at lunchtime the other day, and he was all smiley and flirty, so I think he’s planning to ask her out.

Scene 2
Megan: Hey Elaine!
Elaine: Oh, hey cousin, could you hold this for a second?
Megan: So, I saw you flirting with Stephen the other day...he’s cute!
[Stephen walks past them, they pause awkwardly and giggle]
Elaine: Haha, yup, he is, but there’s nothing going on.
Megan: Why not?
Elaine: I kind of have a thing for Bernard...
Megan: Bernard? The one who was in the school play with me?
Elaine: Yeah, that’s the one.
Megan: Oh, I didn’t know you guys knew each other.
Elaine: I live next door to him. Anyway, he doesn’t like me back.
Megan: Why on earth not?
Elaine: Well, I dunno if it’s that he doesn’t like me, it’s more just that he thinks I don’t know him well enough to really want to date him. He says if I knew him better I wouldn’t want to...really weird.
Megan: Ugh, he’s just being melodramatic. I’m sure he’ll come round. Does Stephen know? He looked pretty into you when you were chatting.
Elaine: Yup, I told him about it ages ago, we were just laughing about Mr Murray’s new haircut.
Megan: Ah, OK. Anyway, I’d better run – hope Bernard realizes what he’s missing!

Scene 3
Megan: ...so it turns out that Elaine and Stephen aren’t into each other at all. Elaine is actually really into Bernard.
Chris: The acting one?
Megan: Yeah. Bernard’s super melodramatic, too – he doesn’t want to date Elaine because he reckons Elaine doesn’t know him well enough or something.
Chris: That’s weird. And Stephen knows that Elaine’s not into him?
Megan: Mm, Elaine told him about the whole Bernard thing ages ago.
Chris: So Lauren...
Megan: Right! So, Lauren doesn’t want to ask Stephen out because she thinks he’s into Elaine – but if she knew that Stephen knows that Elaine likes Bernard, and that Stephen knows that Elaine’s not into him, she might work up the guts to ask Stephen out.
Chris: I guess...so are you going to tell her?
Megan: Yeah, I’m going to tell her the whole thing tonight.",implicit,mental,7,"Megan: So, I’m thinking that Lauren needs to know what I heard. Right? Because if she knows what I know right now, about Elaine’s crush, and Bernard’s rejection, and that Stephen knows the whole thing...she’ll work up the guts to ask him out! So I’m going to tell her tonight.","Megan: Well, if you think about, if Lauren knew what I heard today – and if she knew that Stephen knew all about it too, about Elaine’s crush and Bernard’s weird reason for rejection and everything – she’d ask Stephen out. But I don’t want her to do that, so I’m not going to tell her.",a,-1.9423828125,-2.189453125,-159.25,-179.5,"tensor(-10.1562, dtype=torch.float16);tensor(-0.2266, dtype=torch.float16);tensor(-0.8203, dtype=torch.float16);tensor(-2.5000, dtype=torch.float16);tensor(-0.5469, dtype=torch.float16);tensor(-2.8984, dtype=torch.float16);tensor(-1.4766, dtype=torch.float16);tensor(-0.5000, dtype=torch.float16);tensor(-2.9531, dtype=torch.float16);tensor(-2.1172, dtype=torch.float16);tensor(-2.1797, dtype=torch.float16);tensor(0., dtype=torch.float16);tensor(-5.4375, dtype=torch.float16);tensor(-0.1094, dtype=torch.float16);tensor(-2.1797, dtype=torch.float16);tensor(-4.8438, dtype=torch.float16);tensor(-7.6406, dtype=torch.float16);tensor(-5.4453, dtype=torch.float16);tensor(-0.9922, dtype=torch.float16);tensor(-7.7031, dtype=torch.float16);tensor(-0.3750, dtype=torch.float16);tensor(-4.1016, dtype=torch.float16);tensor(-1.0625, dtype=torch.float16);tensor(-0.0781, dtype=torch.float16);tensor(-1.4219, dtype=torch.float16);tensor(-2.9062, dtype=torch.float16);tensor(-1.5625, dtype=torch.float16);tensor(-0.0469, dtype=torch.float16);tensor(-11.7969, dtype=torch.float16);tensor(-0.0156, dtype=torch.float16);tensor(-0.0781, dtype=torch.float16);tensor(-9.3438, dtype=torch.float16);tensor(-1.3438, dtype=torch.float16);tensor(0., dtype=torch.float16);tensor(-3.5234, dtype=torch.float16);tensor(0., dtype=torch.float16);tensor(-1.0625, dtype=torch.float16);tensor(0., dtype=torch.float16);tensor(-3.3594, dtype=torch.float16);tensor(-0.4219, dtype=torch.float16);tensor(-3.4688, dtype=torch.float16);tensor(-0.6719, dtype=torch.float16);tensor(0., dtype=torch.float16);tensor(-4.1484, dtype=torch.float16);tensor(0., dtype=torch.float16);tensor(-0.3750, dtype=torch.float16);tensor(-0.5781, dtype=torch.float16);tensor(-3.9453, dtype=torch.float16);tensor(0., dtype=torch.float16);tensor(-0.4375, dtype=torch.float16);tensor(-5.0469, dtype=torch.float16);tensor(-0.0312, dtype=torch.float16);tensor(-0.0781, dtype=torch.float16);tensor(-1.5312, dtype=torch.float16);tensor(-1.7188, dtype=torch.float16);tensor(-0.8906, dtype=torch.float16);tensor(-0.1406, dtype=torch.float16);tensor(-6.5078, dtype=torch.float16);tensor(0., dtype=torch.float16);tensor(-0.0156, dtype=torch.float16);tensor(-0.2656, dtype=torch.float16);tensor(0., dtype=torch.float16);tensor(-0.0156, dtype=torch.float16);tensor(-0.0625, dtype=torch.float16);tensor(-0.7812, dtype=torch.float16);tensor(0., dtype=torch.float16);tensor(-1.8438, dtype=torch.float16);tensor(-5.4297, dtype=torch.float16);tensor(-2.0625, dtype=torch.float16);tensor(-0.5781, dtype=torch.float16);tensor(-0.0938, dtype=torch.float16);tensor(-0.5156, dtype=torch.float16);tensor(0., dtype=torch.float16);tensor(-0.1406, dtype=torch.float16);tensor(0., dtype=torch.float16);tensor(-1.5781, dtype=torch.float16);tensor(0., dtype=torch.float16);tensor(-0.6719, dtype=torch.float16);tensor(-5.8750, dtype=torch.float16);tensor(-1.4844, dtype=torch.float16);tensor(-0.0469, dtype=torch.float16);tensor(-5.0312, dtype=torch.float16)","tensor(-10.1562, dtype=torch.float16);tensor(-0.2266, dtype=torch.float16);tensor(-0.8203, dtype=torch.float16);tensor(-5.3516, dtype=torch.float16);tensor(-0.1016, dtype=torch.float16);tensor(-3.7422, dtype=torch.float16);tensor(-0.9219, dtype=torch.float16);tensor(-5.0234, dtype=torch.float16);tensor(-0.2344, dtype=torch.float16);tensor(-7.2109, dtype=torch.float16);tensor(-3.7891, dtype=torch.float16);tensor(-1.5859, dtype=torch.float16);tensor(0., dtype=torch.float16);tensor(-0.9375, dtype=torch.float16);tensor(-5.2344, dtype=torch.float16);tensor(-4.8906, dtype=torch.float16);tensor(-7., dtype=torch.float16);tensor(-2.8672, dtype=torch.float16);tensor(-5.7344, dtype=torch.float16);tensor(-2.3438, dtype=torch.float16);tensor(-2.2344, dtype=torch.float16);tensor(-0.3125, dtype=torch.float16);tensor(-0.2344, dtype=torch.float16);tensor(-0.3594, dtype=torch.float16);tensor(-1.9219, dtype=torch.float16);tensor(-3.0859, dtype=torch.float16);tensor(-2.9844, dtype=torch.float16);tensor(-4.5938, dtype=torch.float16);tensor(-1.4531, dtype=torch.float16);tensor(-2.1875, dtype=torch.float16);tensor(-2.2500, dtype=torch.float16);tensor(-8.8906, dtype=torch.float16);tensor(-0.9141, dtype=torch.float16);tensor(0., dtype=torch.float16);tensor(-2.2969, dtype=torch.float16);tensor(0., dtype=torch.float16);tensor(-1.1016, dtype=torch.float16);tensor(0., dtype=torch.float16);tensor(-3.7891, dtype=torch.float16);tensor(-0.8125, dtype=torch.float16);tensor(-0.6094, dtype=torch.float16);tensor(0., dtype=torch.float16);tensor(-0.7031, dtype=torch.float16);tensor(-8.1953, dtype=torch.float16);tensor(-0.1094, dtype=torch.float16);tensor(-6.5078, dtype=torch.float16);tensor(-0.0781, dtype=torch.float16);tensor(-4.4297, dtype=torch.float16);tensor(-1.5859, dtype=torch.float16);tensor(-0.6094, dtype=torch.float16);tensor(-1.1250, dtype=torch.float16);tensor(-1.0625, dtype=torch.float16);tensor(-0.0156, dtype=torch.float16);tensor(-8.5469, dtype=torch.float16);tensor(-0.8750, dtype=torch.float16);tensor(0., dtype=torch.float16);tensor(-2.0625, dtype=torch.float16);tensor(-2.6797, dtype=torch.float16);tensor(-2.3047, dtype=torch.float16);tensor(-1.9375, dtype=torch.float16);tensor(-0.0156, dtype=torch.float16);tensor(0., dtype=torch.float16);tensor(-0.9219, dtype=torch.float16);tensor(-3.2031, dtype=torch.float16);tensor(-0.0625, dtype=torch.float16);tensor(-3.0938, dtype=torch.float16);tensor(-1.4062, dtype=torch.float16);tensor(-1.7266, dtype=torch.float16);tensor(-2.3359, dtype=torch.float16);tensor(-0.4844, dtype=torch.float16);tensor(-0.5000, dtype=torch.float16);tensor(-0.1406, dtype=torch.float16);tensor(-0.9688, dtype=torch.float16);tensor(-0.2969, dtype=torch.float16);tensor(0., dtype=torch.float16);tensor(-0.0469, dtype=torch.float16);tensor(0., dtype=torch.float16);tensor(-0.4062, dtype=torch.float16);tensor(-5.1250, dtype=torch.float16);tensor(-2.7969, dtype=torch.float16);tensor(-0.0469, dtype=torch.float16);tensor(-4.8516, dtype=torch.float16)",epitome_rm
1,Bernard,implicit,"Scene 1
Megan: Lauren, your phone just buzzed.
[Lauren snatches up her phone]
Megan: Ooooh, is that a booooy?
Lauren: Maybe...OK, OK, it’s Stephen. You know, the one in my Biology class.
Megan: Oh, I didn’t know you had a thing for him. Did you know he used to be best friends with Chris?
Lauren: Which Chris?
Megan: The Chris who’s my best friend. Yeah, they were friends in elementary school.
Lauren: That’s weird. Anyway...I was actually thinking about working up the guts to ask him out, but I’m nervous.
Megan: Haha, you’d better not let our Dad find out... Anyway, why are you nervous? I’m sure he’ll say yes.
Lauren: Well, I saw him chatting to Elaine at lunchtime the other day, and he was all smiley and flirty, so I think he’s planning to ask her out.

Scene 2
Megan: Hey Elaine!
Elaine: Oh, hey cousin, could you hold this for a second?
Megan: So, I saw you flirting with Stephen the other day...he’s cute!
[Stephen walks past them, they pause awkwardly and giggle]
Elaine: Haha, yup, he is, but there’s nothing going on.
Megan: Why not?
Elaine: I kind of have a thing for Bernard...
Megan: Bernard? The one who was in the school play with me?
Elaine: Yeah, that’s the one.
Megan: Oh, I didn’t know you guys knew each other.
Elaine: I live next door to him. Anyway, he doesn’t like me back.
Megan: Why on earth not?
Elaine: Well, I dunno if it’s that he doesn’t like me, it’s more just that he thinks I don’t know him well enough to really want to date him. He says if I knew him better I wouldn’t want to...really weird.
Megan: Ugh, he’s just being melodramatic. I’m sure he’ll come round. Does Stephen know? He looked pretty into you when you were chatting.
Elaine: Yup, I told him about it ages ago, we were just laughing about Mr Murray’s new haircut.
Megan: Ah, OK. Anyway, I’d better run – hope Bernard realizes what he’s missing!

Scene 3
Megan: ...so it turns out that Elaine and Stephen aren’t into each other at all. Elaine is actually really into Bernard.
Chris: The acting one?
Megan: Yeah. Bernard’s super melodramatic, too – he doesn’t want to date Elaine because he reckons Elaine doesn’t know him well enough or something.
Chris: That’s weird. And Stephen knows that Elaine’s not into him?
Megan: Mm, Elaine told him about the whole Bernard thing ages ago.
Chris: So Lauren...
Megan: Right! So, Lauren doesn’t want to ask Stephen out because she thinks he’s into Elaine – but if she knew that Stephen knows that Elaine likes Bernard, and that Stephen knows that Elaine’s not into him, she might work up the guts to ask Stephen out.
Chris: I guess...so are you going to tell her?
Megan: Yeah, I’m going to tell her the whole thing tonight.",implicit,control,1,"Megan: So I was chatting to my friend, Lauren...","Megan: So I was chatting to my sister, Lauren...",b,-3.240234375,-3.251953125,-61.5625,-61.78125,"tensor(-10.1719, dtype=torch.float16);tensor(-0.2266, dtype=torch.float16);tensor(-0.8203, dtype=torch.float16);tensor(-2.5000, dtype=torch.float16);tensor(-4.1250, dtype=torch.float16);tensor(-1.3672, dtype=torch.float16);tensor(-5.7109, dtype=torch.float16);tensor(-0.0312, dtype=torch.float16);tensor(-0.2656, dtype=torch.float16);tensor(-7.3359, dtype=torch.float16);tensor(-4.4219, dtype=torch.float16);tensor(-3.8906, dtype=torch.float16);tensor(-0.5938, dtype=torch.float16);tensor(0., dtype=torch.float16);tensor(-2.9922, dtype=torch.float16);tensor(-5.7734, dtype=torch.float16);tensor(-4.8828, dtype=torch.float16);tensor(-0.0703, dtype=torch.float16);tensor(-6.3828, dtype=torch.float16)","tensor(-10.1719, dtype=torch.float16);tensor(-0.2266, dtype=torch.float16);tensor(-0.8203, dtype=torch.float16);tensor(-2.5000, dtype=torch.float16);tensor(-4.1250, dtype=torch.float16);tensor(-1.3672, dtype=torch.float16);tensor(-5.7109, dtype=torch.float16);tensor(-0.0312, dtype=torch.float16);tensor(-0.2656, dtype=torch.float16);tensor(-7.3359, dtype=torch.float16);tensor(-1.6250, dtype=torch.float16);tensor(-5.4453, dtype=torch.float16);tensor(-2.8984, dtype=torch.float16);tensor(0., dtype=torch.float16);tensor(-3.1562, dtype=torch.float16);tensor(-5.7578, dtype=torch.float16);tensor(-3.8047, dtype=torch.float16);tensor(-0.0859, dtype=torch.float16);tensor(-6.4570, dtype=torch.float16)",epitome_rm
1,Bernard,implicit,"Scene 1
Megan: Lauren, your phone just buzzed.
[Lauren snatches up her phone]
Megan: Ooooh, is that a booooy?
Lauren: Maybe...OK, OK, it’s Stephen. You know, the one in my Biology class.
Megan: Oh, I didn’t know you had a thing for him. Did you know he used to be best friends with Chris?
Lauren: Which Chris?
Megan: The Chris who’s my best friend. Yeah, they were friends in elementary school.
Lauren: That’s weird. Anyway...I was actually thinking about working up the guts to ask him out, but I’m nervous.
Megan: Haha, you’d better not let our Dad find out... Anyway, why are you nervous? I’m sure he’ll say yes.
Lauren: Well, I saw him chatting to Elaine at lunchtime the other day, and he was all smiley and flirty, so I think he’s planning to ask her out.

Scene 2
Megan: Hey Elaine!
Elaine: Oh, hey cousin, could you hold this for a second?
Megan: So, I saw you flirting with Stephen the other day...he’s cute!
[Stephen walks past them, they pause awkwardly and giggle]
Elaine: Haha, yup, he is, but there’s nothing going on.
Megan: Why not?
Elaine: I kind of have a thing for Bernard...
Megan: Bernard? The one who was in the school play with me?
Elaine: Yeah, that’s the one.
Megan: Oh, I didn’t know you guys knew each other.
Elaine: I live next door to him. Anyway, he doesn’t like me back.
Megan: Why on earth not?
Elaine: Well, I dunno if it’s that he doesn’t like me, it’s more just that he thinks I don’t know him well enough to really want to date him. He says if I knew him better I wouldn’t want to...really weird.
Megan: Ugh, he’s just being melodramatic. I’m sure he’ll come round. Does Stephen know? He looked pretty into you when you were chatting.
Elaine: Yup, I told him about it ages ago, we were just laughing about Mr Murray’s new haircut.
Megan: Ah, OK. Anyway, I’d better run – hope Bernard realizes what he’s missing!

Scene 3
Megan: ...so it turns out that Elaine and Stephen aren’t into each other at all. Elaine is actually really into Bernard.
Chris: The acting one?
Megan: Yeah. Bernard’s super melodramatic, too – he doesn’t want to date Elaine because he reckons Elaine doesn’t know him well enough or something.
Chris: That’s weird. And Stephen knows that Elaine’s not into him?
Megan: Mm, Elaine told him about the whole Bernard thing ages ago.
Chris: So Lauren...
Megan: Right! So, Lauren doesn’t want to ask Stephen out because she thinks he’s into Elaine – but if she knew that Stephen knows that Elaine likes Bernard, and that Stephen knows that Elaine’s not into him, she might work up the guts to ask Stephen out.
Chris: I guess...so are you going to tell her?
Megan: Yeah, I’m going to tell her the whole thing tonight.",implicit,control,2,Megan: You know Stephen? The one who has Biology with my sister Lauren?,Megan: You know Stephen? The one who was in the school play with my friend Chris?,a,-3.025390625,-2.78125,-69.625,-66.75,"tensor(-10.1719, dtype=torch.float16);tensor(-0.2266, dtype=torch.float16);tensor(-0.8203, dtype=torch.float16);tensor(-4.2812, dtype=torch.float16);tensor(-0.6406, dtype=torch.float16);tensor(-5.7969, dtype=torch.float16);tensor(-1.6094, dtype=torch.float16);tensor(-4.3828, dtype=torch.float16);tensor(-0.6562, dtype=torch.float16);tensor(-2.5234, dtype=torch.float16);tensor(-5.9922, dtype=torch.float16);tensor(-7.2188, dtype=torch.float16);tensor(0., dtype=torch.float16);tensor(-0.1719, dtype=torch.float16);tensor(-7.5000, dtype=torch.float16);tensor(-0.0469, dtype=torch.float16);tensor(-0.3281, dtype=torch.float16);tensor(0., dtype=torch.float16);tensor(-0.0156, dtype=torch.float16);tensor(-8.1094, dtype=torch.float16);tensor(-4.1250, dtype=torch.float16);tensor(-0.2266, dtype=torch.float16);tensor(-4.7500, dtype=torch.float16)","tensor(-10.1719, dtype=torch.float16);tensor(-0.2266, dtype=torch.float16);tensor(-0.8203, dtype=torch.float16);tensor(-4.2812, dtype=torch.float16);tensor(-0.6406, dtype=torch.float16);tensor(-5.7969, dtype=torch.float16);tensor(-1.6094, dtype=torch.float16);tensor(-4.3828, dtype=torch.float16);tensor(-0.6562, dtype=torch.float16);tensor(-2.5234, dtype=torch.float16);tensor(-3.3906, dtype=torch.float16);tensor(-0.1250, dtype=torch.float16);tensor(-2.2422, dtype=torch.float16);tensor(-0.1250, dtype=torch.float16);tensor(0., dtype=torch.float16);tensor(-0.0938, dtype=torch.float16);tensor(-6.2656, dtype=torch.float16);tensor(-1.9766, dtype=torch.float16);tensor(-4.3125, dtype=torch.float16);tensor(-0.0625, dtype=torch.float16);tensor(-7.1094, dtype=torch.float16);tensor(-5.2812, dtype=torch.float16);tensor(-0.2266, dtype=torch.float16);tensor(-4.4375, dtype=torch.float16)",epitome_rm
1,Bernard,implicit,"Scene 1
Megan: Lauren, your phone just buzzed.
[Lauren snatches up her phone]
Megan: Ooooh, is that a booooy?
Lauren: Maybe...OK, OK, it’s Stephen. You know, the one in my Biology class.
Megan: Oh, I didn’t know you had a thing for him. Did you know he used to be best friends with Chris?
Lauren: Which Chris?
Megan: The Chris who’s my best friend. Yeah, they were friends in elementary school.
Lauren: That’s weird. Anyway...I was actually thinking about working up the guts to ask him out, but I’m nervous.
Megan: Haha, you’d better not let our Dad find out... Anyway, why are you nervous? I’m sure he’ll say yes.
Lauren: Well, I saw him chatting to Elaine at lunchtime the other day, and he was all smiley and flirty, so I think he’s planning to ask her out.

Scene 2
Megan: Hey Elaine!
Elaine: Oh, hey cousin, could you hold this for a second?
Megan: So, I saw you flirting with Stephen the other day...he’s cute!
[Stephen walks past them, they pause awkwardly and giggle]
Elaine: Haha, yup, he is, but there’s nothing going on.
Megan: Why not?
Elaine: I kind of have a thing for Bernard...
Megan: Bernard? The one who was in the school play with me?
Elaine: Yeah, that’s the one.
Megan: Oh, I didn’t know you guys knew each other.
Elaine: I live next door to him. Anyway, he doesn’t like me back.
Megan: Why on earth not?
Elaine: Well, I dunno if it’s that he doesn’t like me, it’s more just that he thinks I don’t know him well enough to really want to date him. He says if I knew him better I wouldn’t want to...really weird.
Megan: Ugh, he’s just being melodramatic. I’m sure he’ll come round. Does Stephen know? He looked pretty into you when you were chatting.
Elaine: Yup, I told him about it ages ago, we were just laughing about Mr Murray’s new haircut.
Megan: Ah, OK. Anyway, I’d better run – hope Bernard realizes what he’s missing!

Scene 3
Megan: ...so it turns out that Elaine and Stephen aren’t into each other at all. Elaine is actually really into Bernard.
Chris: The acting one?
Megan: Yeah. Bernard’s super melodramatic, too – he doesn’t want to date Elaine because he reckons Elaine doesn’t know him well enough or something.
Chris: That’s weird. And Stephen knows that Elaine’s not into him?
Megan: Mm, Elaine told him about the whole Bernard thing ages ago.
Chris: So Lauren...
Megan: Right! So, Lauren doesn’t want to ask Stephen out because she thinks he’s into Elaine – but if she knew that Stephen knows that Elaine likes Bernard, and that Stephen knows that Elaine’s not into him, she might work up the guts to ask Stephen out.
Chris: I guess...so are you going to tell her?
Megan: Yeah, I’m going to tell her the whole thing tonight.",implicit,control,3,"Megan: Did you know that Chris used to be best friends with Stephen?
Elaine: Which Stephen?
Megan: The one who has Biology with my sister Lauren.","Megan: Did you know that Chris used to be best friends with Bernard?
Elaine: Which Bernard?
Megan: The one who was in the school play with my sister Lauren.",a,-2.087890625,-1.7568359375,-93.9375,-82.5625,"tensor(-10.1562, dtype=torch.float16);tensor(-0.2266, dtype=torch.float16);tensor(-0.8203, dtype=torch.float16);tensor(-8.1094, dtype=torch.float16);tensor(-0.5000, dtype=torch.float16);tensor(-0.3750, dtype=torch.float16);tensor(-0.5625, dtype=torch.float16);tensor(-4.2188, dtype=torch.float16);tensor(-1.1562, dtype=torch.float16);tensor(0., dtype=torch.float16);tensor(-0.0156, dtype=torch.float16);tensor(-0.0312, dtype=torch.float16);tensor(-0.0312, dtype=torch.float16);tensor(0., dtype=torch.float16);tensor(-0.1562, dtype=torch.float16);tensor(-0.2344, dtype=torch.float16);tensor(-0.2344, dtype=torch.float16);tensor(-7.0547, dtype=torch.float16);tensor(0., dtype=torch.float16);tensor(0., dtype=torch.float16);tensor(-0.0156, dtype=torch.float16);tensor(-3.4688, dtype=torch.float16);tensor(-8.8672, dtype=torch.float16);tensor(-0.0156, dtype=torch.float16);tensor(-0.0938, dtype=torch.float16);tensor(-0.0781, dtype=torch.float16);tensor(0., dtype=torch.float16);tensor(0., dtype=torch.float16);tensor(0., dtype=torch.float16);tensor(-0.3750, dtype=torch.float16);tensor(-0.4688, dtype=torch.float16);tensor(-2.0703, dtype=torch.float16);tensor(-8.9453, dtype=torch.float16);tensor(-10.2031, dtype=torch.float16);tensor(0., dtype=torch.float16);tensor(-0.7344, dtype=torch.float16);tensor(-7.9141, dtype=torch.float16);tensor(-0.0625, dtype=torch.float16);tensor(-0.3594, dtype=torch.float16);tensor(0., dtype=torch.float16);tensor(-0.0938, dtype=torch.float16);tensor(-8.3438, dtype=torch.float16);tensor(-3.8516, dtype=torch.float16);tensor(-0.1016, dtype=torch.float16);tensor(-3.9883, dtype=torch.float16)","tensor(-10.1562, dtype=torch.float16);tensor(-0.2266, dtype=torch.float16);tensor(-0.8203, dtype=torch.float16);tensor(-8.1094, dtype=torch.float16);tensor(-0.5000, dtype=torch.float16);tensor(-0.3750, dtype=torch.float16);tensor(-0.5625, dtype=torch.float16);tensor(-4.2188, dtype=torch.float16);tensor(-1.1562, dtype=torch.float16);tensor(0., dtype=torch.float16);tensor(-0.0156, dtype=torch.float16);tensor(-0.0312, dtype=torch.float16);tensor(-0.0312, dtype=torch.float16);tensor(0., dtype=torch.float16);tensor(-3.6875, dtype=torch.float16);tensor(-0.2031, dtype=torch.float16);tensor(-0.2109, dtype=torch.float16);tensor(-5.3438, dtype=torch.float16);tensor(0., dtype=torch.float16);tensor(0., dtype=torch.float16);tensor(-0.0156, dtype=torch.float16);tensor(-4.4453, dtype=torch.float16);tensor(-5.6172, dtype=torch.float16);tensor(-0.0156, dtype=torch.float16);tensor(-0.1094, dtype=torch.float16);tensor(-0.0625, dtype=torch.float16);tensor(0., dtype=torch.float16);tensor(0., dtype=torch.float16);tensor(0., dtype=torch.float16);tensor(-0.2812, dtype=torch.float16);tensor(-0.9375, dtype=torch.float16);tensor(-0.4375, dtype=torch.float16);tensor(-2.9141, dtype=torch.float16);tensor(0., dtype=torch.float16);tensor(-0.1562, dtype=torch.float16);tensor(0., dtype=torch.float16);tensor(0., dtype=torch.float16);tensor(-0.0938, dtype=torch.float16);tensor(-7.9844, dtype=torch.float16);tensor(-3.7422, dtype=torch.float16);tensor(-2.9297, dtype=torch.float16);tensor(0., dtype=torch.float16);tensor(-0.0625, dtype=torch.float16);tensor(-8.5547, dtype=torch.float16);tensor(-4.2656, dtype=torch.float16);tensor(-0.1094, dtype=torch.float16);tensor(-4.1836, dtype=torch.float16)",epitome_rm
1,Bernard,implicit,"Scene 1
Megan: Lauren, your phone just buzzed.
[Lauren snatches up her phone]
Megan: Ooooh, is that a booooy?
Lauren: Maybe...OK, OK, it’s Stephen. You know, the one in my Biology class.
Megan: Oh, I didn’t know you had a thing for him. Did you know he used to be best friends with Chris?
Lauren: Which Chris?
Megan: The Chris who’s my best friend. Yeah, they were friends in elementary school.
Lauren: That’s weird. Anyway...I was actually thinking about working up the guts to ask him out, but I’m nervous.
Megan: Haha, you’d better not let our Dad find out... Anyway, why are you nervous? I’m sure he’ll say yes.
Lauren: Well, I saw him chatting to Elaine at lunchtime the other day, and he was all smiley and flirty, so I think he’s planning to ask her out.

Scene 2
Megan: Hey Elaine!
Elaine: Oh, hey cousin, could you hold this for a second?
Megan: So, I saw you flirting with Stephen the other day...he’s cute!
[Stephen walks past them, they pause awkwardly and giggle]
Elaine: Haha, yup, he is, but there’s nothing going on.
Megan: Why not?
Elaine: I kind of have a thing for Bernard...
Megan: Bernard? The one who was in the school play with me?
Elaine: Yeah, that’s the one.
Megan: Oh, I didn’t know you guys knew each other.
Elaine: I live next door to him. Anyway, he doesn’t like me back.
Megan: Why on earth not?
Elaine: Well, I dunno if it’s that he doesn’t like me, it’s more just that he thinks I don’t know him well enough to really want to date him. He says if I knew him better I wouldn’t want to...really weird.
Megan: Ugh, he’s just being melodramatic. I’m sure he’ll come round. Does Stephen know? He looked pretty into you when you were chatting.
Elaine: Yup, I told him about it ages ago, we were just laughing about Mr Murray’s new haircut.
Megan: Ah, OK. Anyway, I’d better run – hope Bernard realizes what he’s missing!

Scene 3
Megan: ...so it turns out that Elaine and Stephen aren’t into each other at all. Elaine is actually really into Bernard.
Chris: The acting one?
Megan: Yeah. Bernard’s super melodramatic, too – he doesn’t want to date Elaine because he reckons Elaine doesn’t know him well enough or something.
Chris: That’s weird. And Stephen knows that Elaine’s not into him?
Megan: Mm, Elaine told him about the whole Bernard thing ages ago.
Chris: So Lauren...
Megan: Right! So, Lauren doesn’t want to ask Stephen out because she thinks he’s into Elaine – but if she knew that Stephen knows that Elaine likes Bernard, and that Stephen knows that Elaine’s not into him, she might work up the guts to ask Stephen out.
Chris: I guess...so are you going to tell her?
Megan: Yeah, I’m going to tell her the whole thing tonight.",implicit,control,4,"Megan: You know Stephen, who has Biology with my sister? He used to be best friends with my best friend, Chris.","Megan: You know my sister Lauren used to go out with Chris, who’s best friends with Elaine? She has Biology with Stephen.",a,-2.7734375,-2.7890625,-88.75,-100.4375,"tensor(-10.1797, dtype=torch.float16);tensor(-0.2266, dtype=torch.float16);tensor(-0.8203, dtype=torch.float16);tensor(-4.2734, dtype=torch.float16);tensor(-0.6406, dtype=torch.float16);tensor(-5.7969, dtype=torch.float16);tensor(-2.2500, dtype=torch.float16);tensor(-8.4453, dtype=torch.float16);tensor(-4.7344, dtype=torch.float16);tensor(-10.3281, dtype=torch.float16);tensor(0., dtype=torch.float16);tensor(-0.1719, dtype=torch.float16);tensor(-7.7891, dtype=torch.float16);tensor(-0.0938, dtype=torch.float16);tensor(-1.9531, dtype=torch.float16);tensor(-2.5000, dtype=torch.float16);tensor(-3.1250, dtype=torch.float16);tensor(0., dtype=torch.float16);tensor(0., dtype=torch.float16);tensor(-0.1406, dtype=torch.float16);tensor(-0.1406, dtype=torch.float16);tensor(0., dtype=torch.float16);tensor(-3.8125, dtype=torch.float16);tensor(-2.4141, dtype=torch.float16);tensor(-0.0156, dtype=torch.float16);tensor(-1.6172, dtype=torch.float16);tensor(-0.0469, dtype=torch.float16);tensor(-0.2031, dtype=torch.float16);tensor(-7.3047, dtype=torch.float16);tensor(-4.1562, dtype=torch.float16);tensor(-0.1875, dtype=torch.float16);tensor(-5.3867, dtype=torch.float16)","tensor(-10.1797, dtype=torch.float16);tensor(-0.2266, dtype=torch.float16);tensor(-0.8203, dtype=torch.float16);tensor(-4.2734, dtype=torch.float16);tensor(-0.6406, dtype=torch.float16);tensor(-7.8281, dtype=torch.float16);tensor(-4.0703, dtype=torch.float16);tensor(-1.1328, dtype=torch.float16);tensor(0., dtype=torch.float16);tensor(-8.7500, dtype=torch.float16);tensor(0., dtype=torch.float16);tensor(-3.3594, dtype=torch.float16);tensor(-0.6484, dtype=torch.float16);tensor(0., dtype=torch.float16);tensor(-2.8594, dtype=torch.float16);tensor(-1.7656, dtype=torch.float16);tensor(-5.4453, dtype=torch.float16);tensor(-1.4375, dtype=torch.float16);tensor(0., dtype=torch.float16);tensor(-2.2734, dtype=torch.float16);tensor(-0.1406, dtype=torch.float16);tensor(0., dtype=torch.float16);tensor(-2.1172, dtype=torch.float16);tensor(0., dtype=torch.float16);tensor(-0.7656, dtype=torch.float16);tensor(-5.5859, dtype=torch.float16);tensor(-5.3828, dtype=torch.float16);tensor(-10.9375, dtype=torch.float16);tensor(0., dtype=torch.float16);tensor(-0.1875, dtype=torch.float16);tensor(-0.8594, dtype=torch.float16);tensor(-1.1875, dtype=torch.float16);tensor(-7.6172, dtype=torch.float16);tensor(-4.4844, dtype=torch.float16);tensor(-0.4531, dtype=torch.float16);tensor(-5.0117, dtype=torch.float16)",epitome_rm
1,Bernard,implicit,"Scene 1
Megan: Lauren, your phone just buzzed.
[Lauren snatches up her phone]
Megan: Ooooh, is that a booooy?
Lauren: Maybe...OK, OK, it’s Stephen. You know, the one in my Biology class.
Megan: Oh, I didn’t know you had a thing for him. Did you know he used to be best friends with Chris?
Lauren: Which Chris?
Megan: The Chris who’s my best friend. Yeah, they were friends in elementary school.
Lauren: That’s weird. Anyway...I was actually thinking about working up the guts to ask him out, but I’m nervous.
Megan: Haha, you’d better not let our Dad find out... Anyway, why are you nervous? I’m sure he’ll say yes.
Lauren: Well, I saw him chatting to Elaine at lunchtime the other day, and he was all smiley and flirty, so I think he’s planning to ask her out.

Scene 2
Megan: Hey Elaine!
Elaine: Oh, hey cousin, could you hold this for a second?
Megan: So, I saw you flirting with Stephen the other day...he’s cute!
[Stephen walks past them, they pause awkwardly and giggle]
Elaine: Haha, yup, he is, but there’s nothing going on.
Megan: Why not?
Elaine: I kind of have a thing for Bernard...
Megan: Bernard? The one who was in the school play with me?
Elaine: Yeah, that’s the one.
Megan: Oh, I didn’t know you guys knew each other.
Elaine: I live next door to him. Anyway, he doesn’t like me back.
Megan: Why on earth not?
Elaine: Well, I dunno if it’s that he doesn’t like me, it’s more just that he thinks I don’t know him well enough to really want to date him. He says if I knew him better I wouldn’t want to...really weird.
Megan: Ugh, he’s just being melodramatic. I’m sure he’ll come round. Does Stephen know? He looked pretty into you when you were chatting.
Elaine: Yup, I told him about it ages ago, we were just laughing about Mr Murray’s new haircut.
Megan: Ah, OK. Anyway, I’d better run – hope Bernard realizes what he’s missing!

Scene 3
Megan: ...so it turns out that Elaine and Stephen aren’t into each other at all. Elaine is actually really into Bernard.
Chris: The acting one?
Megan: Yeah. Bernard’s super melodramatic, too – he doesn’t want to date Elaine because he reckons Elaine doesn’t know him well enough or something.
Chris: That’s weird. And Stephen knows that Elaine’s not into him?
Megan: Mm, Elaine told him about the whole Bernard thing ages ago.
Chris: So Lauren...
Megan: Right! So, Lauren doesn’t want to ask Stephen out because she thinks he’s into Elaine – but if she knew that Stephen knows that Elaine likes Bernard, and that Stephen knows that Elaine’s not into him, she might work up the guts to ask Stephen out.
Chris: I guess...so are you going to tell her?
Megan: Yeah, I’m going to tell her the whole thing tonight.",implicit,control,5,"Elaine: No, the other Megan, the one whose best friend Chris used to be best friends with this guy Stephen who has Biology with Lauren, Megan’s sister...yeah, she knows Bernard from the school play.","Elaine: No, the other Lauren, the one who used to go out with that Chris guy who used to be best friends with Stephen...yeah, Stephen who lives next door to me. Yup, that’s the Lauren who’s my cousin.",a,-2.978515625,-2.55078125,-163.875,-155.625,"tensor(-10.8984, dtype=torch.float16);tensor(0., dtype=torch.float16);tensor(-8.0859, dtype=torch.float16);tensor(-6.8906, dtype=torch.float16);tensor(-1.5078, dtype=torch.float16);tensor(-6.7891, dtype=torch.float16);tensor(-1.9688, dtype=torch.float16);tensor(-7.9922, dtype=torch.float16);tensor(-0.0156, dtype=torch.float16);tensor(-3.3438, dtype=torch.float16);tensor(-1.6406, dtype=torch.float16);tensor(-0.2109, dtype=torch.float16);tensor(-5.0391, dtype=torch.float16);tensor(-3.8672, dtype=torch.float16);tensor(-0.0469, dtype=torch.float16);tensor(-4.1094, dtype=torch.float16);tensor(-7.0312, dtype=torch.float16);tensor(0., dtype=torch.float16);tensor(-0.6875, dtype=torch.float16);tensor(-0.8438, dtype=torch.float16);tensor(-0.0156, dtype=torch.float16);tensor(0., dtype=torch.float16);tensor(-11.8594, dtype=torch.float16);tensor(-1.4844, dtype=torch.float16);tensor(0., dtype=torch.float16);tensor(-0.5391, dtype=torch.float16);tensor(-3.5938, dtype=torch.float16);tensor(-5.4844, dtype=torch.float16);tensor(-12.2422, dtype=torch.float16);tensor(0., dtype=torch.float16);tensor(-0.7188, dtype=torch.float16);tensor(-1.2969, dtype=torch.float16);tensor(0., dtype=torch.float16);tensor(-1.9141, dtype=torch.float16);tensor(-6.5234, dtype=torch.float16);tensor(0., dtype=torch.float16);tensor(-6.2188, dtype=torch.float16);tensor(0., dtype=torch.float16);tensor(-3.1406, dtype=torch.float16);tensor(-1.9766, dtype=torch.float16);tensor(-3.9609, dtype=torch.float16);tensor(0., dtype=torch.float16);tensor(-0.6172, dtype=torch.float16);tensor(-1.7266, dtype=torch.float16);tensor(-2.6562, dtype=torch.float16);tensor(-5.2109, dtype=torch.float16);tensor(-5.0391, dtype=torch.float16);tensor(-0.2188, dtype=torch.float16);tensor(-0.0469, dtype=torch.float16);tensor(0., dtype=torch.float16);tensor(-0.7344, dtype=torch.float16);tensor(-7.5234, dtype=torch.float16);tensor(-1.5234, dtype=torch.float16);tensor(-0.0938, dtype=torch.float16);tensor(-6.5117, dtype=torch.float16)","tensor(-10.8984, dtype=torch.float16);tensor(0., dtype=torch.float16);tensor(-8.0859, dtype=torch.float16);tensor(-6.8906, dtype=torch.float16);tensor(-1.5078, dtype=torch.float16);tensor(-6.7891, dtype=torch.float16);tensor(-1.9688, dtype=torch.float16);tensor(-8.7500, dtype=torch.float16);tensor(0., dtype=torch.float16);tensor(-2.6406, dtype=torch.float16);tensor(-1.6094, dtype=torch.float16);tensor(-0.1250, dtype=torch.float16);tensor(-1.3359, dtype=torch.float16);tensor(-3.1328, dtype=torch.float16);tensor(0., dtype=torch.float16);tensor(-6.0781, dtype=torch.float16);tensor(-3.1016, dtype=torch.float16);tensor(0., dtype=torch.float16);tensor(-2.3516, dtype=torch.float16);tensor(-3.7266, dtype=torch.float16);tensor(-1.3750, dtype=torch.float16);tensor(0., dtype=torch.float16);tensor(-5.1719, dtype=torch.float16);tensor(-4.2422, dtype=torch.float16);tensor(0., dtype=torch.float16);tensor(-0.4219, dtype=torch.float16);tensor(-1.0703, dtype=torch.float16);tensor(-0.2188, dtype=torch.float16);tensor(0., dtype=torch.float16);tensor(-1.8125, dtype=torch.float16);tensor(-2.3594, dtype=torch.float16);tensor(-4.4141, dtype=torch.float16);tensor(0., dtype=torch.float16);tensor(-0.1719, dtype=torch.float16);tensor(-6.3125, dtype=torch.float16);tensor(-5.9688, dtype=torch.float16);tensor(-7.3359, dtype=torch.float16);tensor(-0.8125, dtype=torch.float16);tensor(-0.2656, dtype=torch.float16);tensor(-0.0312, dtype=torch.float16);tensor(-1.9219, dtype=torch.float16);tensor(-0.7031, dtype=torch.float16);tensor(-7.4453, dtype=torch.float16);tensor(-0.9219, dtype=torch.float16);tensor(-0.1875, dtype=torch.float16);tensor(-2.0078, dtype=torch.float16);tensor(-1.9219, dtype=torch.float16);tensor(0., dtype=torch.float16);tensor(-0.7969, dtype=torch.float16);tensor(-2.3906, dtype=torch.float16);tensor(0., dtype=torch.float16);tensor(-3.9141, dtype=torch.float16);tensor(-0.5703, dtype=torch.float16);tensor(0., dtype=torch.float16);tensor(-4.7734, dtype=torch.float16);tensor(-2.5000, dtype=torch.float16);tensor(-0.2344, dtype=torch.float16);tensor(-6.7500, dtype=torch.float16);tensor(-2.0312, dtype=torch.float16);tensor(-0.0469, dtype=torch.float16);tensor(-5.5312, dtype=torch.float16)",epitome_rm
1,Bernard,implicit,"Scene 1
Megan: Lauren, your phone just buzzed.
[Lauren snatches up her phone]
Megan: Ooooh, is that a booooy?
Lauren: Maybe...OK, OK, it’s Stephen. You know, the one in my Biology class.
Megan: Oh, I didn’t know you had a thing for him. Did you know he used to be best friends with Chris?
Lauren: Which Chris?
Megan: The Chris who’s my best friend. Yeah, they were friends in elementary school.
Lauren: That’s weird. Anyway...I was actually thinking about working up the guts to ask him out, but I’m nervous.
Megan: Haha, you’d better not let our Dad find out... Anyway, why are you nervous? I’m sure he’ll say yes.
Lauren: Well, I saw him chatting to Elaine at lunchtime the other day, and he was all smiley and flirty, so I think he’s planning to ask her out.

Scene 2
Megan: Hey Elaine!
Elaine: Oh, hey cousin, could you hold this for a second?
Megan: So, I saw you flirting with Stephen the other day...he’s cute!
[Stephen walks past them, they pause awkwardly and giggle]
Elaine: Haha, yup, he is, but there’s nothing going on.
Megan: Why not?
Elaine: I kind of have a thing for Bernard...
Megan: Bernard? The one who was in the school play with me?
Elaine: Yeah, that’s the one.
Megan: Oh, I didn’t know you guys knew each other.
Elaine: I live next door to him. Anyway, he doesn’t like me back.
Megan: Why on earth not?
Elaine: Well, I dunno if it’s that he doesn’t like me, it’s more just that he thinks I don’t know him well enough to really want to date him. He says if I knew him better I wouldn’t want to...really weird.
Megan: Ugh, he’s just being melodramatic. I’m sure he’ll come round. Does Stephen know? He looked pretty into you when you were chatting.
Elaine: Yup, I told him about it ages ago, we were just laughing about Mr Murray’s new haircut.
Megan: Ah, OK. Anyway, I’d better run – hope Bernard realizes what he’s missing!

Scene 3
Megan: ...so it turns out that Elaine and Stephen aren’t into each other at all. Elaine is actually really into Bernard.
Chris: The acting one?
Megan: Yeah. Bernard’s super melodramatic, too – he doesn’t want to date Elaine because he reckons Elaine doesn’t know him well enough or something.
Chris: That’s weird. And Stephen knows that Elaine’s not into him?
Megan: Mm, Elaine told him about the whole Bernard thing ages ago.
Chris: So Lauren...
Megan: Right! So, Lauren doesn’t want to ask Stephen out because she thinks he’s into Elaine – but if she knew that Stephen knows that Elaine likes Bernard, and that Stephen knows that Elaine’s not into him, she might work up the guts to ask Stephen out.
Chris: I guess...so are you going to tell her?
Megan: Yeah, I’m going to tell her the whole thing tonight.",implicit,control,6,"Elaine: You know Bernard, who was in the play with Megan? No, the Megan whose best friend is that Chris guy, the one who used to be best friends with Stephen...nuh-uh, the other Stephen, the one who has Biology with Megan’s sister Lauren. Yeah, that Megan. Remember she co-starred with Bernard? That’s my next-door neighbour.","Elaine: You know Bernard, Chris’s best friend? No, the Chris who used to be best friends with Stephen, that guy who starred in the play with Lauren’s sister Megan, who’s in Biology with us. Yeah, that Bernard is my next-door neighbour.",a,-2.58984375,-2.83203125,-240.875,-192.625,"tensor(-10.8984, dtype=torch.float16);tensor(0., dtype=torch.float16);tensor(-8.0859, dtype=torch.float16);tensor(-5.8594, dtype=torch.float16);tensor(-1.1641, dtype=torch.float16);tensor(-5.5078, dtype=torch.float16);tensor(-2.6797, dtype=torch.float16);tensor(-7.8984, dtype=torch.float16);tensor(-2.0391, dtype=torch.float16);tensor(-0.0156, dtype=torch.float16);tensor(-0.1094, dtype=torch.float16);tensor(-3.9141, dtype=torch.float16);tensor(-0.2344, dtype=torch.float16);tensor(-3.2734, dtype=torch.float16);tensor(-0.0156, dtype=torch.float16);tensor(-0.2344, dtype=torch.float16);tensor(-9.8906, dtype=torch.float16);tensor(-2., dtype=torch.float16);tensor(-5.1875, dtype=torch.float16);tensor(-11.2344, dtype=torch.float16);tensor(0., dtype=torch.float16);tensor(-5.9609, dtype=torch.float16);tensor(-3.7734, dtype=torch.float16);tensor(-0.0156, dtype=torch.float16);tensor(-0.1875, dtype=torch.float16);tensor(-6.8516, dtype=torch.float16);tensor(-1.0625, dtype=torch.float16);tensor(-1.3438, dtype=torch.float16);tensor(0., dtype=torch.float16);tensor(-4.7734, dtype=torch.float16);tensor(-2.4141, dtype=torch.float16);tensor(-0.0781, dtype=torch.float16);tensor(-0.7031, dtype=torch.float16);tensor(-2.5859, dtype=torch.float16);tensor(0., dtype=torch.float16);tensor(-0.3906, dtype=torch.float16);tensor(-0.6250, dtype=torch.float16);tensor(-0.2344, dtype=torch.float16);tensor(0., dtype=torch.float16);tensor(-0.8281, dtype=torch.float16);tensor(-2.5703, dtype=torch.float16);tensor(-13.1797, dtype=torch.float16);tensor(0., dtype=torch.float16);tensor(-0.1562, dtype=torch.float16);tensor(-0.0469, dtype=torch.float16);tensor(-0.7578, dtype=torch.float16);tensor(-2.5625, dtype=torch.float16);tensor(-0.2031, dtype=torch.float16);tensor(-7.5781, dtype=torch.float16);tensor(-1.2656, dtype=torch.float16);tensor(-0.6250, dtype=torch.float16);tensor(-0.0938, dtype=torch.float16);tensor(-0.6562, dtype=torch.float16);tensor(-6.0625, dtype=torch.float16);tensor(-9.9375, dtype=torch.float16);tensor(0., dtype=torch.float16);tensor(-0.0938, dtype=torch.float16);tensor(-6.3359, dtype=torch.float16);tensor(0., dtype=torch.float16);tensor(-4.2422, dtype=torch.float16);tensor(0., dtype=torch.float16);tensor(-1.0312, dtype=torch.float16);tensor(-0.2812, dtype=torch.float16);tensor(0., dtype=torch.float16);tensor(-1.0625, dtype=torch.float16);tensor(-0.6719, dtype=torch.float16);tensor(-0.0469, dtype=torch.float16);tensor(-0.7188, dtype=torch.float16);tensor(-2.6875, dtype=torch.float16);tensor(0., dtype=torch.float16);tensor(-0.2969, dtype=torch.float16);tensor(-6.1484, dtype=torch.float16);tensor(-5.0156, dtype=torch.float16);tensor(-11.6875, dtype=torch.float16);tensor(-0.6953, dtype=torch.float16);tensor(-0.3906, dtype=torch.float16);tensor(0., dtype=torch.float16);tensor(-0.2188, dtype=torch.float16);tensor(-0.8828, dtype=torch.float16);tensor(-1.0156, dtype=torch.float16);tensor(-4.3281, dtype=torch.float16);tensor(-1.7109, dtype=torch.float16);tensor(0., dtype=torch.float16);tensor(-5.7031, dtype=torch.float16);tensor(-4.8828, dtype=torch.float16);tensor(-0.2656, dtype=torch.float16);tensor(0., dtype=torch.float16);tensor(-4.6172, dtype=torch.float16);tensor(-0.9922, dtype=torch.float16);tensor(-6.9531, dtype=torch.float16);tensor(-4.4297, dtype=torch.float16);tensor(-0.0781, dtype=torch.float16);tensor(-5.6445, dtype=torch.float16)","tensor(-10.8984, dtype=torch.float16);tensor(0., dtype=torch.float16);tensor(-8.0859, dtype=torch.float16);tensor(-5.8594, dtype=torch.float16);tensor(-1.1641, dtype=torch.float16);tensor(-5.5078, dtype=torch.float16);tensor(-2.6797, dtype=torch.float16);tensor(-8.1328, dtype=torch.float16);tensor(-5.8359, dtype=torch.float16);tensor(-0.2031, dtype=torch.float16);tensor(-1.2500, dtype=torch.float16);tensor(-0.1406, dtype=torch.float16);tensor(-0.8750, dtype=torch.float16);tensor(-9.3594, dtype=torch.float16);tensor(-2.3984, dtype=torch.float16);tensor(-4.3828, dtype=torch.float16);tensor(-8.2500, dtype=torch.float16);tensor(-1.0234, dtype=torch.float16);tensor(-3.8516, dtype=torch.float16);tensor(0., dtype=torch.float16);tensor(-0.3906, dtype=torch.float16);tensor(-1.0859, dtype=torch.float16);tensor(-0.0781, dtype=torch.float16);tensor(0., dtype=torch.float16);tensor(-1.5938, dtype=torch.float16);tensor(-4.3359, dtype=torch.float16);tensor(-4.7891, dtype=torch.float16);tensor(-4.4453, dtype=torch.float16);tensor(0., dtype=torch.float16);tensor(-6.2500, dtype=torch.float16);tensor(-10.7188, dtype=torch.float16);tensor(0., dtype=torch.float16);tensor(-0.0312, dtype=torch.float16);tensor(-0.2969, dtype=torch.float16);tensor(-3.6641, dtype=torch.float16);tensor(-0.6719, dtype=torch.float16);tensor(-4.8203, dtype=torch.float16);tensor(0., dtype=torch.float16);tensor(-3.6641, dtype=torch.float16);tensor(0., dtype=torch.float16);tensor(-1.3281, dtype=torch.float16);tensor(-2.3594, dtype=torch.float16);tensor(0., dtype=torch.float16);tensor(-4.6094, dtype=torch.float16);tensor(-4.2266, dtype=torch.float16);tensor(-0.5078, dtype=torch.float16);tensor(0., dtype=torch.float16);tensor(-2.6172, dtype=torch.float16);tensor(-6.3672, dtype=torch.float16);tensor(0., dtype=torch.float16);tensor(-0.6094, dtype=torch.float16);tensor(-1.9141, dtype=torch.float16);tensor(-1.4688, dtype=torch.float16);tensor(-0.7188, dtype=torch.float16);tensor(-0.0781, dtype=torch.float16);tensor(-1.2188, dtype=torch.float16);tensor(-2.3906, dtype=torch.float16);tensor(-5.1328, dtype=torch.float16);tensor(-4.6797, dtype=torch.float16);tensor(-3.2891, dtype=torch.float16);tensor(-0.1094, dtype=torch.float16);tensor(0., dtype=torch.float16);tensor(-3.9297, dtype=torch.float16);tensor(-1., dtype=torch.float16);tensor(-7.5898, dtype=torch.float16);tensor(-4.0938, dtype=torch.float16);tensor(-0.1484, dtype=torch.float16);tensor(-5.4922, dtype=torch.float16)",epitome_rm
1,Bernard,implicit,"Scene 1
Megan: Lauren, your phone just buzzed.
[Lauren snatches up her phone]
Megan: Ooooh, is that a booooy?
Lauren: Maybe...OK, OK, it’s Stephen. You know, the one in my Biology class.
Megan: Oh, I didn’t know you had a thing for him. Did you know he used to be best friends with Chris?
Lauren: Which Chris?
Megan: The Chris who’s my best friend. Yeah, they were friends in elementary school.
Lauren: That’s weird. Anyway...I was actually thinking about working up the guts to ask him out, but I’m nervous.
Megan: Haha, you’d better not let our Dad find out... Anyway, why are you nervous? I’m sure he’ll say yes.
Lauren: Well, I saw him chatting to Elaine at lunchtime the other day, and he was all smiley and flirty, so I think he’s planning to ask her out.

Scene 2
Megan: Hey Elaine!
Elaine: Oh, hey cousin, could you hold this for a second?
Megan: So, I saw you flirting with Stephen the other day...he’s cute!
[Stephen walks past them, they pause awkwardly and giggle]
Elaine: Haha, yup, he is, but there’s nothing going on.
Megan: Why not?
Elaine: I kind of have a thing for Bernard...
Megan: Bernard? The one who was in the school play with me?
Elaine: Yeah, that’s the one.
Megan: Oh, I didn’t know you guys knew each other.
Elaine: I live next door to him. Anyway, he doesn’t like me back.
Megan: Why on earth not?
Elaine: Well, I dunno if it’s that he doesn’t like me, it’s more just that he thinks I don’t know him well enough to really want to date him. He says if I knew him better I wouldn’t want to...really weird.
Megan: Ugh, he’s just being melodramatic. I’m sure he’ll come round. Does Stephen know? He looked pretty into you when you were chatting.
Elaine: Yup, I told him about it ages ago, we were just laughing about Mr Murray’s new haircut.
Megan: Ah, OK. Anyway, I’d better run – hope Bernard realizes what he’s missing!

Scene 3
Megan: ...so it turns out that Elaine and Stephen aren’t into each other at all. Elaine is actually really into Bernard.
Chris: The acting one?
Megan: Yeah. Bernard’s super melodramatic, too – he doesn’t want to date Elaine because he reckons Elaine doesn’t know him well enough or something.
Chris: That’s weird. And Stephen knows that Elaine’s not into him?
Megan: Mm, Elaine told him about the whole Bernard thing ages ago.
Chris: So Lauren...
Megan: Right! So, Lauren doesn’t want to ask Stephen out because she thinks he’s into Elaine – but if she knew that Stephen knows that Elaine likes Bernard, and that Stephen knows that Elaine’s not into him, she might work up the guts to ask Stephen out.
Chris: I guess...so are you going to tell her?
Megan: Yeah, I’m going to tell her the whole thing tonight.",implicit,control,7,"Megan: My cousin, Elaine, the one who lives next door to Bernard? Argh, you know Bernard. He was in the play with me and my best friend Chris...Chris who used to be best friends with Stephen, the guy in Biology with my sister Lauren.","Megan: You know my cousin Elaine, who has Biology with Bernard? Argh, you know Bernard...he acted in the play with my ex, Stephen, and my best
friend Chris...Chris who lives next door to me and my sister Lauren.",a,-2.4140625,-3.361328125,-156.875,-201.75,"tensor(-10.1562, dtype=torch.float16);tensor(-0.2266, dtype=torch.float16);tensor(-0.8203, dtype=torch.float16);tensor(-8.8906, dtype=torch.float16);tensor(-4.7969, dtype=torch.float16);tensor(-4.5234, dtype=torch.float16);tensor(-1.6016, dtype=torch.float16);tensor(0., dtype=torch.float16);tensor(-0.3438, dtype=torch.float16);tensor(-7.4297, dtype=torch.float16);tensor(-0.3750, dtype=torch.float16);tensor(-0.8594, dtype=torch.float16);tensor(-2.3125, dtype=torch.float16);tensor(-0.0469, dtype=torch.float16);tensor(-0.1719, dtype=torch.float16);tensor(-0.0781, dtype=torch.float16);tensor(-0.3672, dtype=torch.float16);tensor(-1.4531, dtype=torch.float16);tensor(-14.1250, dtype=torch.float16);tensor(-0.1406, dtype=torch.float16);tensor(-0.2812, dtype=torch.float16);tensor(-4.9062, dtype=torch.float16);tensor(-0.2500, dtype=torch.float16);tensor(-6.6797, dtype=torch.float16);tensor(-3.3281, dtype=torch.float16);tensor(-1.4922, dtype=torch.float16);tensor(-3.5781, dtype=torch.float16);tensor(-0.1406, dtype=torch.float16);tensor(-0.2344, dtype=torch.float16);tensor(-4.9609, dtype=torch.float16);tensor(-0.2344, dtype=torch.float16);tensor(-0.2188, dtype=torch.float16);tensor(-2.7969, dtype=torch.float16);tensor(-4.4141, dtype=torch.float16);tensor(-1.5391, dtype=torch.float16);tensor(-0.1094, dtype=torch.float16);tensor(-1.9375, dtype=torch.float16);tensor(-3.6406, dtype=torch.float16);tensor(-7.1875, dtype=torch.float16);tensor(0., dtype=torch.float16);tensor(-5., dtype=torch.float16);tensor(-2.4531, dtype=torch.float16);tensor(0., dtype=torch.float16);tensor(-0.0156, dtype=torch.float16);tensor(-0.0625, dtype=torch.float16);tensor(-0.0938, dtype=torch.float16);tensor(0., dtype=torch.float16);tensor(-0.4219, dtype=torch.float16);tensor(-2.5469, dtype=torch.float16);tensor(-2.1953, dtype=torch.float16);tensor(-1.8594, dtype=torch.float16);tensor(0., dtype=torch.float16);tensor(-4.2969, dtype=torch.float16);tensor(-3.9141, dtype=torch.float16);tensor(0., dtype=torch.float16);tensor(-5.7344, dtype=torch.float16);tensor(-5.0156, dtype=torch.float16);tensor(-0.3438, dtype=torch.float16);tensor(-0.0312, dtype=torch.float16);tensor(0., dtype=torch.float16);tensor(-1.1719, dtype=torch.float16);tensor(-7.2109, dtype=torch.float16);tensor(-1.6797, dtype=torch.float16);tensor(-0.3281, dtype=torch.float16);tensor(-5.8984, dtype=torch.float16)","tensor(-10.1562, dtype=torch.float16);tensor(-0.2266, dtype=torch.float16);tensor(-0.8203, dtype=torch.float16);tensor(-4.2734, dtype=torch.float16);tensor(-0.6484, dtype=torch.float16);tensor(-7.8281, dtype=torch.float16);tensor(-2.6250, dtype=torch.float16);tensor(-1.7812, dtype=torch.float16);tensor(0., dtype=torch.float16);tensor(-2.2812, dtype=torch.float16);tensor(-7.1328, dtype=torch.float16);tensor(-3.7656, dtype=torch.float16);tensor(-14.9922, dtype=torch.float16);tensor(0., dtype=torch.float16);tensor(-0.1094, dtype=torch.float16);tensor(-10.1094, dtype=torch.float16);tensor(-0.3281, dtype=torch.float16);tensor(-14.5469, dtype=torch.float16);tensor(-0.2031, dtype=torch.float16);tensor(-0.3594, dtype=torch.float16);tensor(-4.3750, dtype=torch.float16);tensor(-1.1797, dtype=torch.float16);tensor(-6.9453, dtype=torch.float16);tensor(-3.2500, dtype=torch.float16);tensor(-2.0156, dtype=torch.float16);tensor(-8.3125, dtype=torch.float16);tensor(-0.1406, dtype=torch.float16);tensor(-0.8906, dtype=torch.float16);tensor(-3.4297, dtype=torch.float16);tensor(-0.2344, dtype=torch.float16);tensor(-4.1484, dtype=torch.float16);tensor(-6.7969, dtype=torch.float16);tensor(-1.1953, dtype=torch.float16);tensor(-4.1719, dtype=torch.float16);tensor(-2.4844, dtype=torch.float16);tensor(-0.8906, dtype=torch.float16);tensor(-3.9453, dtype=torch.float16);tensor(-1.2812, dtype=torch.float16);tensor(-11.8203, dtype=torch.float16);tensor(-1.1797, dtype=torch.float16);tensor(-1.8047, dtype=torch.float16);tensor(-2.2734, dtype=torch.float16);tensor(-6.1289, dtype=torch.float16);tensor(0., dtype=torch.float16);tensor(-4.4922, dtype=torch.float16);tensor(-6.8750, dtype=torch.float16);tensor(-0.0938, dtype=torch.float16);tensor(-0.1562, dtype=torch.float16);tensor(-0.0625, dtype=torch.float16);tensor(-2.3750, dtype=torch.float16);tensor(-1.7812, dtype=torch.float16);tensor(-3.2578, dtype=torch.float16);tensor(-3.7734, dtype=torch.float16);tensor(-0.4609, dtype=torch.float16);tensor(0., dtype=torch.float16);tensor(-1.5625, dtype=torch.float16);tensor(-6.9766, dtype=torch.float16);tensor(-2.5391, dtype=torch.float16);tensor(-0.4219, dtype=torch.float16);tensor(-5.7812, dtype=torch.float16)",epitome_rm
2,Michelle & Nick,explicit,"Nick and Michelle, who have been friends for a very long time, started dating recently, on November 22nd. They were at a beautiful pre-Thanksgiving wedding, and Nick had managed to get tipsy before the ceremony, so they went for a walk in the afternoon to help him walk it off. When they got back from the walk, Nick asked Michelle if she’d consider dating him, and she said yes.
Michelle is really crazy about Nick, but she is worried that he doesn’t feel the same, because he doesn’t want them to break the news to all their friends. Although Nick has told her that he feels it’s too early to tell people, she is worried that he doesn’t want to tell people because he actually doesn’t like her all that much.
Michelle tells her friend Rebecca about the relationship and about how she and Nick started dating. She and Rebecca argue over some of the details – Rebecca thought the wedding was after Thanksgiving, on November 29th, but Michelle reminds her that it was definitely the 22nd, because that was the morning when Richard got his puppy. Michelle tells her friend Rebecca about her concerns about Nick’s feelings, and Rebecca advises her to talk to Nick about it.
Meanwhile, Nick has actually told a mutual friend, James, about his relationship with Michelle. He tells James that he is so excited about the relationship that he is terrified of telling people in case the pressure makes him mess everything up. Rebecca walks in and overhears the conversation, finding out Nick’s real reason for keeping the relationship secret. While she thinks it is sweet, she is also annoyed at him for not being honest with Michelle, because the reason he gave Michelle is causing her anxiety. She then gets angry with James for being in on Nick’s lie.
Rebecca realizes that she can get Nick and James to tell Michelle the truth by threatening to tell Michelle’s big brother, Richard. Richard is very protective of Michelle and Rebecca points out that he will be very angry if he finds out what Rebecca knows about Nick lying to Michelle and James protecting Nick. Rebecca promises to tell Richard if the two of them don’t sort out the situation. She thinks to herself with satisfaction that they will tell Michelle without her having to intervene any further.",explicit,mental,1,Nick is scared to tell people about his relationship with Michelle.,Nick doesn’t like Michelle enough to tell people he is dating her.,a,-2.478515625,-2.623046875,-44.625,-55.09375,"tensor(-7.7500, dtype=torch.float16);tensor(-2.9766, dtype=torch.float16);tensor(-2.7500, dtype=torch.float16);tensor(0., dtype=torch.float16);tensor(-3.0547, dtype=torch.float16);tensor(-1.3438, dtype=torch.float16);tensor(-3.0156, dtype=torch.float16);tensor(-0.6562, dtype=torch.float16);tensor(-2.0938, dtype=torch.float16);tensor(-0.0625, dtype=torch.float16);tensor(-0.1875, dtype=torch.float16);tensor(0., dtype=torch.float16);tensor(0., dtype=torch.float16);tensor(-3.1875, dtype=torch.float16);tensor(-11.2031, dtype=torch.float16);tensor(0., dtype=torch.float16);tensor(-0.3359, dtype=torch.float16);tensor(-5.9961, dtype=torch.float16)","tensor(-7.7500, dtype=torch.float16);tensor(-5.5859, dtype=torch.float16);tensor(-0.1719, dtype=torch.float16);tensor(0., dtype=torch.float16);tensor(-3.4375, dtype=torch.float16);tensor(-6.4219, dtype=torch.float16);tensor(0., dtype=torch.float16);tensor(-4.9531, dtype=torch.float16);tensor(-0.8438, dtype=torch.float16);tensor(-0.8594, dtype=torch.float16);tensor(-0.4688, dtype=torch.float16);tensor(-5.5391, dtype=torch.float16);tensor(-0.7500, dtype=torch.float16);tensor(-0.0938, dtype=torch.float16);tensor(0., dtype=torch.float16);tensor(0., dtype=torch.float16);tensor(-1.2031, dtype=torch.float16);tensor(-10.2031, dtype=torch.float16);tensor(-0.0156, dtype=torch.float16);tensor(-0.1719, dtype=torch.float16);tensor(-6.6211, dtype=torch.float16)",epitome_rm
2,Michelle & Nick,explicit,"Nick and Michelle, who have been friends for a very long time, started dating recently, on November 22nd. They were at a beautiful pre-Thanksgiving wedding, and Nick had managed to get tipsy before the ceremony, so they went for a walk in the afternoon to help him walk it off. When they got back from the walk, Nick asked Michelle if she’d consider dating him, and she said yes.
Michelle is really crazy about Nick, but she is worried that he doesn’t feel the same, because he doesn’t want them to break the news to all their friends. Although Nick has told her that he feels it’s too early to tell people, she is worried that he doesn’t want to tell people because he actually doesn’t like her all that much.
Michelle tells her friend Rebecca about the relationship and about how she and Nick started dating. She and Rebecca argue over some of the details – Rebecca thought the wedding was after Thanksgiving, on November 29th, but Michelle reminds her that it was definitely the 22nd, because that was the morning when Richard got his puppy. Michelle tells her friend Rebecca about her concerns about Nick’s feelings, and Rebecca advises her to talk to Nick about it.
Meanwhile, Nick has actually told a mutual friend, James, about his relationship with Michelle. He tells James that he is so excited about the relationship that he is terrified of telling people in case the pressure makes him mess everything up. Rebecca walks in and overhears the conversation, finding out Nick’s real reason for keeping the relationship secret. While she thinks it is sweet, she is also annoyed at him for not being honest with Michelle, because the reason he gave Michelle is causing her anxiety. She then gets angry with James for being in on Nick’s lie.
Rebecca realizes that she can get Nick and James to tell Michelle the truth by threatening to tell Michelle’s big brother, Richard. Richard is very protective of Michelle and Rebecca points out that he will be very angry if he finds out what Rebecca knows about Nick lying to Michelle and James protecting Nick. Rebecca promises to tell Richard if the two of them don’t sort out the situation. She thinks to herself with satisfaction that they will tell Michelle without her having to intervene any further.",explicit,mental,2,Michelle believes that Nick thinks it’s too early to tell people about their relationship because he doesn’t like her all that much.,Michelle knows that Nick thinks too much outside attention will put pressure on their new relationship.,a,-1.572265625,-3.666015625,-51.875,-80.6875,"tensor(-6.6172, dtype=torch.float16);tensor(0., dtype=torch.float16);tensor(-7.6484, dtype=torch.float16);tensor(0., dtype=torch.float16);tensor(-0.5469, dtype=torch.float16);tensor(-0.7656, dtype=torch.float16);tensor(-7.7422, dtype=torch.float16);tensor(-2.2578, dtype=torch.float16);tensor(-0.6406, dtype=torch.float16);tensor(0., dtype=torch.float16);tensor(0., dtype=torch.float16);tensor(-0.0156, dtype=torch.float16);tensor(-0.0156, dtype=torch.float16);tensor(-0.0156, dtype=torch.float16);tensor(-0.1250, dtype=torch.float16);tensor(-0.6719, dtype=torch.float16);tensor(-0.4531, dtype=torch.float16);tensor(0., dtype=torch.float16);tensor(-1.1719, dtype=torch.float16);tensor(-0.1875, dtype=torch.float16);tensor(-0.4062, dtype=torch.float16);tensor(-0.0312, dtype=torch.float16);tensor(0., dtype=torch.float16);tensor(-2.2500, dtype=torch.float16);tensor(0., dtype=torch.float16);tensor(-2.7578, dtype=torch.float16);tensor(0., dtype=torch.float16);tensor(0., dtype=torch.float16);tensor(-0.3125, dtype=torch.float16);tensor(-10.4844, dtype=torch.float16);tensor(0., dtype=torch.float16);tensor(-0.3125, dtype=torch.float16);tensor(-6.4492, dtype=torch.float16)","tensor(-6.6172, dtype=torch.float16);tensor(0., dtype=torch.float16);tensor(-6.5000, dtype=torch.float16);tensor(-0.8438, dtype=torch.float16);tensor(-1.7188, dtype=torch.float16);tensor(-7.5078, dtype=torch.float16);tensor(-6.1562, dtype=torch.float16);tensor(-0.4375, dtype=torch.float16);tensor(-11.5312, dtype=torch.float16);tensor(-12.7031, dtype=torch.float16);tensor(-0.7500, dtype=torch.float16);tensor(-1.3906, dtype=torch.float16);tensor(-0.9375, dtype=torch.float16);tensor(0., dtype=torch.float16);tensor(-0.9531, dtype=torch.float16);tensor(-3.6250, dtype=torch.float16);tensor(-0.0312, dtype=torch.float16);tensor(-1.2812, dtype=torch.float16);tensor(-11.0156, dtype=torch.float16);tensor(0., dtype=torch.float16);tensor(-0.3672, dtype=torch.float16);tensor(-6.2969, dtype=torch.float16)",epitome_rm
2,Michelle & Nick,explicit,"Nick and Michelle, who have been friends for a very long time, started dating recently, on November 22nd. They were at a beautiful pre-Thanksgiving wedding, and Nick had managed to get tipsy before the ceremony, so they went for a walk in the afternoon to help him walk it off. When they got back from the walk, Nick asked Michelle if she’d consider dating him, and she said yes.
Michelle is really crazy about Nick, but she is worried that he doesn’t feel the same, because he doesn’t want them to break the news to all their friends. Although Nick has told her that he feels it’s too early to tell people, she is worried that he doesn’t want to tell people because he actually doesn’t like her all that much.
Michelle tells her friend Rebecca about the relationship and about how she and Nick started dating. She and Rebecca argue over some of the details – Rebecca thought the wedding was after Thanksgiving, on November 29th, but Michelle reminds her that it was definitely the 22nd, because that was the morning when Richard got his puppy. Michelle tells her friend Rebecca about her concerns about Nick’s feelings, and Rebecca advises her to talk to Nick about it.
Meanwhile, Nick has actually told a mutual friend, James, about his relationship with Michelle. He tells James that he is so excited about the relationship that he is terrified of telling people in case the pressure makes him mess everything up. Rebecca walks in and overhears the conversation, finding out Nick’s real reason for keeping the relationship secret. While she thinks it is sweet, she is also annoyed at him for not being honest with Michelle, because the reason he gave Michelle is causing her anxiety. She then gets angry with James for being in on Nick’s lie.
Rebecca realizes that she can get Nick and James to tell Michelle the truth by threatening to tell Michelle’s big brother, Richard. Richard is very protective of Michelle and Rebecca points out that he will be very angry if he finds out what Rebecca knows about Nick lying to Michelle and James protecting Nick. Rebecca promises to tell Richard if the two of them don’t sort out the situation. She thinks to herself with satisfaction that they will tell Michelle without her having to intervene any further.",explicit,mental,3,Nick doesn’t know that Michelle is worried that he doesn’t like her enough to want to tell people.,Nick is fully aware that Michelle is worried that he doesn’t like her enough to want to tell people.,a,-2.03515625,-2.22265625,-59.0,-62.25,"tensor(-7.7500, dtype=torch.float16);tensor(-5.5859, dtype=torch.float16);tensor(-0.1719, dtype=torch.float16);tensor(0., dtype=torch.float16);tensor(-3.7969, dtype=torch.float16);tensor(-1.6094, dtype=torch.float16);tensor(-4.1406, dtype=torch.float16);tensor(0., dtype=torch.float16);tensor(-2.0469, dtype=torch.float16);tensor(-0.2656, dtype=torch.float16);tensor(0., dtype=torch.float16);tensor(-2.4219, dtype=torch.float16);tensor(0., dtype=torch.float16);tensor(-0.0781, dtype=torch.float16);tensor(-0.0156, dtype=torch.float16);tensor(0., dtype=torch.float16);tensor(-0.3281, dtype=torch.float16);tensor(0., dtype=torch.float16);tensor(-5.4375, dtype=torch.float16);tensor(-1.8750, dtype=torch.float16);tensor(-2.7031, dtype=torch.float16);tensor(-0.0156, dtype=torch.float16);tensor(-0.1875, dtype=torch.float16);tensor(-0.1875, dtype=torch.float16);tensor(-2.3125, dtype=torch.float16);tensor(-11.5469, dtype=torch.float16);tensor(-0.0625, dtype=torch.float16);tensor(-0.3516, dtype=torch.float16);tensor(-6.1172, dtype=torch.float16)","tensor(-7.7500, dtype=torch.float16);tensor(-2.9766, dtype=torch.float16);tensor(-8.7422, dtype=torch.float16);tensor(-0.3594, dtype=torch.float16);tensor(-0.5938, dtype=torch.float16);tensor(-1.9766, dtype=torch.float16);tensor(0., dtype=torch.float16);tensor(-1., dtype=torch.float16);tensor(-2.5469, dtype=torch.float16);tensor(0., dtype=torch.float16);tensor(-2.8281, dtype=torch.float16);tensor(-0.0156, dtype=torch.float16);tensor(-0.1406, dtype=torch.float16);tensor(-0.1250, dtype=torch.float16);tensor(0., dtype=torch.float16);tensor(-0.4062, dtype=torch.float16);tensor(0., dtype=torch.float16);tensor(-4.1016, dtype=torch.float16);tensor(-2.4062, dtype=torch.float16);tensor(-2.8750, dtype=torch.float16);tensor(-0.0469, dtype=torch.float16);tensor(-0.2656, dtype=torch.float16);tensor(-0.2344, dtype=torch.float16);tensor(-3.3750, dtype=torch.float16);tensor(-11.5469, dtype=torch.float16);tensor(-1.6719, dtype=torch.float16);tensor(-0.3984, dtype=torch.float16);tensor(-5.8789, dtype=torch.float16)",epitome_rm
2,Michelle & Nick,explicit,"Nick and Michelle, who have been friends for a very long time, started dating recently, on November 22nd. They were at a beautiful pre-Thanksgiving wedding, and Nick had managed to get tipsy before the ceremony, so they went for a walk in the afternoon to help him walk it off. When they got back from the walk, Nick asked Michelle if she’d consider dating him, and she said yes.
Michelle is really crazy about Nick, but she is worried that he doesn’t feel the same, because he doesn’t want them to break the news to all their friends. Although Nick has told her that he feels it’s too early to tell people, she is worried that he doesn’t want to tell people because he actually doesn’t like her all that much.
Michelle tells her friend Rebecca about the relationship and about how she and Nick started dating. She and Rebecca argue over some of the details – Rebecca thought the wedding was after Thanksgiving, on November 29th, but Michelle reminds her that it was definitely the 22nd, because that was the morning when Richard got his puppy. Michelle tells her friend Rebecca about her concerns about Nick’s feelings, and Rebecca advises her to talk to Nick about it.
Meanwhile, Nick has actually told a mutual friend, James, about his relationship with Michelle. He tells James that he is so excited about the relationship that he is terrified of telling people in case the pressure makes him mess everything up. Rebecca walks in and overhears the conversation, finding out Nick’s real reason for keeping the relationship secret. While she thinks it is sweet, she is also annoyed at him for not being honest with Michelle, because the reason he gave Michelle is causing her anxiety. She then gets angry with James for being in on Nick’s lie.
Rebecca realizes that she can get Nick and James to tell Michelle the truth by threatening to tell Michelle’s big brother, Richard. Richard is very protective of Michelle and Rebecca points out that he will be very angry if he finds out what Rebecca knows about Nick lying to Michelle and James protecting Nick. Rebecca promises to tell Richard if the two of them don’t sort out the situation. She thinks to herself with satisfaction that they will tell Michelle without her having to intervene any further.",explicit,mental,4,James knows that Nick wants Michelle to believe that Nick thinks it’s too early to tell people.,James doesn’t know that Nick wants Michelle to believe that Nick thinks it’s too early to tell people.,a,-2.6171875,-2.673828125,-65.4375,-74.875,"tensor(-8.8750, dtype=torch.float16);tensor(-4.3125, dtype=torch.float16);tensor(-0.4531, dtype=torch.float16);tensor(-2.5312, dtype=torch.float16);tensor(-4.1719, dtype=torch.float16);tensor(-5.1562, dtype=torch.float16);tensor(0., dtype=torch.float16);tensor(-0.0938, dtype=torch.float16);tensor(-4.6797, dtype=torch.float16);tensor(-0.3906, dtype=torch.float16);tensor(-4.9375, dtype=torch.float16);tensor(-6.8672, dtype=torch.float16);tensor(-1.0312, dtype=torch.float16);tensor(-0.5000, dtype=torch.float16);tensor(0., dtype=torch.float16);tensor(0., dtype=torch.float16);tensor(-0.0156, dtype=torch.float16);tensor(0., dtype=torch.float16);tensor(-0.0156, dtype=torch.float16);tensor(-0.1250, dtype=torch.float16);tensor(-3.6172, dtype=torch.float16);tensor(-10.8125, dtype=torch.float16);tensor(-0.6172, dtype=torch.float16);tensor(-0.3125, dtype=torch.float16);tensor(-5.8945, dtype=torch.float16)","tensor(-8.8750, dtype=torch.float16);tensor(-5.0469, dtype=torch.float16);tensor(-0.1719, dtype=torch.float16);tensor(0., dtype=torch.float16);tensor(-3.9453, dtype=torch.float16);tensor(-3.6562, dtype=torch.float16);tensor(-4.7031, dtype=torch.float16);tensor(-4.5234, dtype=torch.float16);tensor(-5.2266, dtype=torch.float16);tensor(0., dtype=torch.float16);tensor(-0.0469, dtype=torch.float16);tensor(-4.6172, dtype=torch.float16);tensor(-0.7500, dtype=torch.float16);tensor(-5.2812, dtype=torch.float16);tensor(-6.9297, dtype=torch.float16);tensor(-0.6562, dtype=torch.float16);tensor(-0.1875, dtype=torch.float16);tensor(0., dtype=torch.float16);tensor(0., dtype=torch.float16);tensor(-0.0156, dtype=torch.float16);tensor(0., dtype=torch.float16);tensor(-0.0156, dtype=torch.float16);tensor(-0.0938, dtype=torch.float16);tensor(-2.0938, dtype=torch.float16);tensor(-11.0469, dtype=torch.float16);tensor(-0.0625, dtype=torch.float16);tensor(-0.2109, dtype=torch.float16);tensor(-6.7109, dtype=torch.float16)",epitome_rm
2,Michelle & Nick,explicit,"Nick and Michelle, who have been friends for a very long time, started dating recently, on November 22nd. They were at a beautiful pre-Thanksgiving wedding, and Nick had managed to get tipsy before the ceremony, so they went for a walk in the afternoon to help him walk it off. When they got back from the walk, Nick asked Michelle if she’d consider dating him, and she said yes.
Michelle is really crazy about Nick, but she is worried that he doesn’t feel the same, because he doesn’t want them to break the news to all their friends. Although Nick has told her that he feels it’s too early to tell people, she is worried that he doesn’t want to tell people because he actually doesn’t like her all that much.
Michelle tells her friend Rebecca about the relationship and about how she and Nick started dating. She and Rebecca argue over some of the details – Rebecca thought the wedding was after Thanksgiving, on November 29th, but Michelle reminds her that it was definitely the 22nd, because that was the morning when Richard got his puppy. Michelle tells her friend Rebecca about her concerns about Nick’s feelings, and Rebecca advises her to talk to Nick about it.
Meanwhile, Nick has actually told a mutual friend, James, about his relationship with Michelle. He tells James that he is so excited about the relationship that he is terrified of telling people in case the pressure makes him mess everything up. Rebecca walks in and overhears the conversation, finding out Nick’s real reason for keeping the relationship secret. While she thinks it is sweet, she is also annoyed at him for not being honest with Michelle, because the reason he gave Michelle is causing her anxiety. She then gets angry with James for being in on Nick’s lie.
Rebecca realizes that she can get Nick and James to tell Michelle the truth by threatening to tell Michelle’s big brother, Richard. Richard is very protective of Michelle and Rebecca points out that he will be very angry if he finds out what Rebecca knows about Nick lying to Michelle and James protecting Nick. Rebecca promises to tell Richard if the two of them don’t sort out the situation. She thinks to herself with satisfaction that they will tell Michelle without her having to intervene any further.",explicit,mental,5,Rebecca knows that James knows that Nick doesn't want Michelle to know that he is scared of too much attention ruining their relationship.,Rebecca doesn’t know that James knows that Nick doesn't want Michelle to know that he is scared of too much attention ruining their relationship.,a,-2.47265625,-2.30859375,-86.5625,-87.6875,"tensor(-5.2812, dtype=torch.float16);tensor(0., dtype=torch.float16);tensor(0., dtype=torch.float16);tensor(-3.0938, dtype=torch.float16);tensor(-0.4219, dtype=torch.float16);tensor(-5.9141, dtype=torch.float16);tensor(-5.0781, dtype=torch.float16);tensor(-2.3828, dtype=torch.float16);tensor(-1.4688, dtype=torch.float16);tensor(-4.5000, dtype=torch.float16);tensor(-2.6719, dtype=torch.float16);tensor(0., dtype=torch.float16);tensor(-0.6250, dtype=torch.float16);tensor(-4.5234, dtype=torch.float16);tensor(0., dtype=torch.float16);tensor(-0.0312, dtype=torch.float16);tensor(-0.9375, dtype=torch.float16);tensor(-1.8594, dtype=torch.float16);tensor(-0.0312, dtype=torch.float16);tensor(-1.3516, dtype=torch.float16);tensor(-1.7422, dtype=torch.float16);tensor(0., dtype=torch.float16);tensor(-0.4219, dtype=torch.float16);tensor(-13.5156, dtype=torch.float16);tensor(-0.0469, dtype=torch.float16);tensor(-0.1250, dtype=torch.float16);tensor(-10.0312, dtype=torch.float16);tensor(0., dtype=torch.float16);tensor(-1.8750, dtype=torch.float16);tensor(-0.2500, dtype=torch.float16);tensor(-0.8750, dtype=torch.float16);tensor(-11.1875, dtype=torch.float16);tensor(-0.0156, dtype=torch.float16);tensor(-0.3125, dtype=torch.float16);tensor(-6.0039, dtype=torch.float16)","tensor(-5.2812, dtype=torch.float16);tensor(0., dtype=torch.float16);tensor(0., dtype=torch.float16);tensor(-5.1875, dtype=torch.float16);tensor(-0.1719, dtype=torch.float16);tensor(0., dtype=torch.float16);tensor(-2.1797, dtype=torch.float16);tensor(-0.6875, dtype=torch.float16);tensor(-3.5547, dtype=torch.float16);tensor(-4.5938, dtype=torch.float16);tensor(-2.2031, dtype=torch.float16);tensor(-1.3594, dtype=torch.float16);tensor(-4.0859, dtype=torch.float16);tensor(-3.0469, dtype=torch.float16);tensor(0., dtype=torch.float16);tensor(-1.1250, dtype=torch.float16);tensor(-3.8438, dtype=torch.float16);tensor(0., dtype=torch.float16);tensor(-0.0312, dtype=torch.float16);tensor(-0.4844, dtype=torch.float16);tensor(-1.7656, dtype=torch.float16);tensor(-0.1094, dtype=torch.float16);tensor(-1.9375, dtype=torch.float16);tensor(-1.4609, dtype=torch.float16);tensor(0., dtype=torch.float16);tensor(-0.4062, dtype=torch.float16);tensor(-13.3125, dtype=torch.float16);tensor(-0.0781, dtype=torch.float16);tensor(-0.2031, dtype=torch.float16);tensor(-10.2969, dtype=torch.float16);tensor(0., dtype=torch.float16);tensor(-2.0156, dtype=torch.float16);tensor(-0.2188, dtype=torch.float16);tensor(-0.3906, dtype=torch.float16);tensor(-10.4219, dtype=torch.float16);tensor(0., dtype=torch.float16);tensor(-0.1875, dtype=torch.float16);tensor(-7.0742, dtype=torch.float16)",epitome_rm
2,Michelle & Nick,explicit,"Nick and Michelle, who have been friends for a very long time, started dating recently, on November 22nd. They were at a beautiful pre-Thanksgiving wedding, and Nick had managed to get tipsy before the ceremony, so they went for a walk in the afternoon to help him walk it off. When they got back from the walk, Nick asked Michelle if she’d consider dating him, and she said yes.
Michelle is really crazy about Nick, but she is worried that he doesn’t feel the same, because he doesn’t want them to break the news to all their friends. Although Nick has told her that he feels it’s too early to tell people, she is worried that he doesn’t want to tell people because he actually doesn’t like her all that much.
Michelle tells her friend Rebecca about the relationship and about how she and Nick started dating. She and Rebecca argue over some of the details – Rebecca thought the wedding was after Thanksgiving, on November 29th, but Michelle reminds her that it was definitely the 22nd, because that was the morning when Richard got his puppy. Michelle tells her friend Rebecca about her concerns about Nick’s feelings, and Rebecca advises her to talk to Nick about it.
Meanwhile, Nick has actually told a mutual friend, James, about his relationship with Michelle. He tells James that he is so excited about the relationship that he is terrified of telling people in case the pressure makes him mess everything up. Rebecca walks in and overhears the conversation, finding out Nick’s real reason for keeping the relationship secret. While she thinks it is sweet, she is also annoyed at him for not being honest with Michelle, because the reason he gave Michelle is causing her anxiety. She then gets angry with James for being in on Nick’s lie.
Rebecca realizes that she can get Nick and James to tell Michelle the truth by threatening to tell Michelle’s big brother, Richard. Richard is very protective of Michelle and Rebecca points out that he will be very angry if he finds out what Rebecca knows about Nick lying to Michelle and James protecting Nick. Rebecca promises to tell Richard if the two of them don’t sort out the situation. She thinks to herself with satisfaction that they will tell Michelle without her having to intervene any further.",explicit,mental,6,"James thinks that if Richard knows that James knows that Nick wants Michelle to believe that he thinks it’s too early to tell people, Richard will be really angry.","James doesn’t think that if Richard knows that James knows that Nick wants Michelle to believe that he thinks it’s too early to tell people, Richard will be really angry.",a,-2.66015625,-2.654296875,-101.0625,-108.875,"tensor(-8.8750, dtype=torch.float16);tensor(-5.6172, dtype=torch.float16);tensor(-1.7891, dtype=torch.float16);tensor(-3.8125, dtype=torch.float16);tensor(-1.6719, dtype=torch.float16);tensor(-4.3203, dtype=torch.float16);tensor(-3.9297, dtype=torch.float16);tensor(-7.5938, dtype=torch.float16);tensor(-1.6406, dtype=torch.float16);tensor(-3.8828, dtype=torch.float16);tensor(-0.2188, dtype=torch.float16);tensor(-6.5391, dtype=torch.float16);tensor(-6.2578, dtype=torch.float16);tensor(0., dtype=torch.float16);tensor(-0.5000, dtype=torch.float16);tensor(-5.0703, dtype=torch.float16);tensor(-0.9531, dtype=torch.float16);tensor(-0.1719, dtype=torch.float16);tensor(-7.2812, dtype=torch.float16);tensor(-1.2812, dtype=torch.float16);tensor(-0.7031, dtype=torch.float16);tensor(0., dtype=torch.float16);tensor(-0.0156, dtype=torch.float16);tensor(-0.0469, dtype=torch.float16);tensor(-0.0781, dtype=torch.float16);tensor(-0.0312, dtype=torch.float16);tensor(-0.2031, dtype=torch.float16);tensor(-0.1719, dtype=torch.float16);tensor(-2.3281, dtype=torch.float16);tensor(-0.2812, dtype=torch.float16);tensor(-1.3984, dtype=torch.float16);tensor(-4.7656, dtype=torch.float16);tensor(-0.6094, dtype=torch.float16);tensor(-1.4531, dtype=torch.float16);tensor(-11., dtype=torch.float16);tensor(0., dtype=torch.float16);tensor(-0.1719, dtype=torch.float16);tensor(-6.4180, dtype=torch.float16)","tensor(-8.8750, dtype=torch.float16);tensor(-5.0469, dtype=torch.float16);tensor(-0.1719, dtype=torch.float16);tensor(0., dtype=torch.float16);tensor(-3.2109, dtype=torch.float16);tensor(-1.7422, dtype=torch.float16);tensor(-10.1250, dtype=torch.float16);tensor(-2.3594, dtype=torch.float16);tensor(-4.2188, dtype=torch.float16);tensor(-3.7656, dtype=torch.float16);tensor(-8.0469, dtype=torch.float16);tensor(-1.8203, dtype=torch.float16);tensor(-2.3594, dtype=torch.float16);tensor(-0.3281, dtype=torch.float16);tensor(-6.4375, dtype=torch.float16);tensor(-5.7344, dtype=torch.float16);tensor(0., dtype=torch.float16);tensor(-0.2969, dtype=torch.float16);tensor(-4.6875, dtype=torch.float16);tensor(-0.8281, dtype=torch.float16);tensor(-0.2500, dtype=torch.float16);tensor(-7.2891, dtype=torch.float16);tensor(-1.3125, dtype=torch.float16);tensor(-0.7500, dtype=torch.float16);tensor(-0.0156, dtype=torch.float16);tensor(-0.0156, dtype=torch.float16);tensor(-0.0625, dtype=torch.float16);tensor(-0.0625, dtype=torch.float16);tensor(-0.0469, dtype=torch.float16);tensor(-0.2500, dtype=torch.float16);tensor(-0.3750, dtype=torch.float16);tensor(-1.8516, dtype=torch.float16);tensor(-0.3281, dtype=torch.float16);tensor(-1.4531, dtype=torch.float16);tensor(-5.2344, dtype=torch.float16);tensor(-0.4688, dtype=torch.float16);tensor(-1.2344, dtype=torch.float16);tensor(-10.9531, dtype=torch.float16);tensor(0., dtype=torch.float16);tensor(-0.1484, dtype=torch.float16);tensor(-6.6914, dtype=torch.float16)",epitome_rm
2,Michelle & Nick,explicit,"Nick and Michelle, who have been friends for a very long time, started dating recently, on November 22nd. They were at a beautiful pre-Thanksgiving wedding, and Nick had managed to get tipsy before the ceremony, so they went for a walk in the afternoon to help him walk it off. When they got back from the walk, Nick asked Michelle if she’d consider dating him, and she said yes.
Michelle is really crazy about Nick, but she is worried that he doesn’t feel the same, because he doesn’t want them to break the news to all their friends. Although Nick has told her that he feels it’s too early to tell people, she is worried that he doesn’t want to tell people because he actually doesn’t like her all that much.
Michelle tells her friend Rebecca about the relationship and about how she and Nick started dating. She and Rebecca argue over some of the details – Rebecca thought the wedding was after Thanksgiving, on November 29th, but Michelle reminds her that it was definitely the 22nd, because that was the morning when Richard got his puppy. Michelle tells her friend Rebecca about her concerns about Nick’s feelings, and Rebecca advises her to talk to Nick about it.
Meanwhile, Nick has actually told a mutual friend, James, about his relationship with Michelle. He tells James that he is so excited about the relationship that he is terrified of telling people in case the pressure makes him mess everything up. Rebecca walks in and overhears the conversation, finding out Nick’s real reason for keeping the relationship secret. While she thinks it is sweet, she is also annoyed at him for not being honest with Michelle, because the reason he gave Michelle is causing her anxiety. She then gets angry with James for being in on Nick’s lie.
Rebecca realizes that she can get Nick and James to tell Michelle the truth by threatening to tell Michelle’s big brother, Richard. Richard is very protective of Michelle and Rebecca points out that he will be very angry if he finds out what Rebecca knows about Nick lying to Michelle and James protecting Nick. Rebecca promises to tell Richard if the two of them don’t sort out the situation. She thinks to herself with satisfaction that they will tell Michelle without her having to intervene any further.",explicit,mental,7,Rebecca wants Richard to know that she knows that James knows that Nick wants Michelle to believe that he thinks that it’s too early to tell people.,Rebecca doesn’t want Richard to know that she knows that James knows that Nick wants Michelle to believe that he thinks that it’s too early to tell people.,a,-2.599609375,-2.583984375,-96.1875,-103.375,"tensor(-5.2812, dtype=torch.float16);tensor(0., dtype=torch.float16);tensor(0., dtype=torch.float16);tensor(-5.4688, dtype=torch.float16);tensor(-6.5156, dtype=torch.float16);tensor(-0.0781, dtype=torch.float16);tensor(-1.3750, dtype=torch.float16);tensor(-1.6406, dtype=torch.float16);tensor(-0.6094, dtype=torch.float16);tensor(-2.6953, dtype=torch.float16);tensor(-4.0469, dtype=torch.float16);tensor(-4.7734, dtype=torch.float16);tensor(-2.1719, dtype=torch.float16);tensor(-3.2656, dtype=torch.float16);tensor(-0.0469, dtype=torch.float16);tensor(-6.0312, dtype=torch.float16);tensor(-4.6406, dtype=torch.float16);tensor(0., dtype=torch.float16);tensor(-0.2188, dtype=torch.float16);tensor(-4.3672, dtype=torch.float16);tensor(-0.5469, dtype=torch.float16);tensor(-0.1250, dtype=torch.float16);tensor(-6.5703, dtype=torch.float16);tensor(-3.7656, dtype=torch.float16);tensor(-1.6250, dtype=torch.float16);tensor(-0.8594, dtype=torch.float16);tensor(0., dtype=torch.float16);tensor(0., dtype=torch.float16);tensor(-0.0312, dtype=torch.float16);tensor(-0.0156, dtype=torch.float16);tensor(-0.0312, dtype=torch.float16);tensor(-0.2500, dtype=torch.float16);tensor(-2.1250, dtype=torch.float16);tensor(-10.6172, dtype=torch.float16);tensor(-9.3828, dtype=torch.float16);tensor(-0.3125, dtype=torch.float16);tensor(-6.6953, dtype=torch.float16)","tensor(-5.2812, dtype=torch.float16);tensor(0., dtype=torch.float16);tensor(0., dtype=torch.float16);tensor(-5.1875, dtype=torch.float16);tensor(-0.1719, dtype=torch.float16);tensor(0., dtype=torch.float16);tensor(-2.0156, dtype=torch.float16);tensor(-5.8516, dtype=torch.float16);tensor(-0.1406, dtype=torch.float16);tensor(-3.7578, dtype=torch.float16);tensor(-2.8672, dtype=torch.float16);tensor(-0.0469, dtype=torch.float16);tensor(-0.7500, dtype=torch.float16);tensor(-7.4141, dtype=torch.float16);tensor(-6.0312, dtype=torch.float16);tensor(-3.4453, dtype=torch.float16);tensor(-4.7656, dtype=torch.float16);tensor(-0.0781, dtype=torch.float16);tensor(-7.1562, dtype=torch.float16);tensor(-5.4375, dtype=torch.float16);tensor(0., dtype=torch.float16);tensor(-0.4375, dtype=torch.float16);tensor(-4.3750, dtype=torch.float16);tensor(-0.7812, dtype=torch.float16);tensor(-0.1094, dtype=torch.float16);tensor(-6.7422, dtype=torch.float16);tensor(-4.0078, dtype=torch.float16);tensor(-1.9297, dtype=torch.float16);tensor(-0.6250, dtype=torch.float16);tensor(0., dtype=torch.float16);tensor(0., dtype=torch.float16);tensor(-0.0312, dtype=torch.float16);tensor(-0.0156, dtype=torch.float16);tensor(-0.0156, dtype=torch.float16);tensor(-0.2031, dtype=torch.float16);tensor(-1.4688, dtype=torch.float16);tensor(-10.8594, dtype=torch.float16);tensor(-3.8086, dtype=torch.float16);tensor(-0.2266, dtype=torch.float16);tensor(-7.3320, dtype=torch.float16)",epitome_rm
2,Michelle & Nick,explicit,"Nick and Michelle, who have been friends for a very long time, started dating recently, on November 22nd. They were at a beautiful pre-Thanksgiving wedding, and Nick had managed to get tipsy before the ceremony, so they went for a walk in the afternoon to help him walk it off. When they got back from the walk, Nick asked Michelle if she’d consider dating him, and she said yes.
Michelle is really crazy about Nick, but she is worried that he doesn’t feel the same, because he doesn’t want them to break the news to all their friends. Although Nick has told her that he feels it’s too early to tell people, she is worried that he doesn’t want to tell people because he actually doesn’t like her all that much.
Michelle tells her friend Rebecca about the relationship and about how she and Nick started dating. She and Rebecca argue over some of the details – Rebecca thought the wedding was after Thanksgiving, on November 29th, but Michelle reminds her that it was definitely the 22nd, because that was the morning when Richard got his puppy. Michelle tells her friend Rebecca about her concerns about Nick’s feelings, and Rebecca advises her to talk to Nick about it.
Meanwhile, Nick has actually told a mutual friend, James, about his relationship with Michelle. He tells James that he is so excited about the relationship that he is terrified of telling people in case the pressure makes him mess everything up. Rebecca walks in and overhears the conversation, finding out Nick’s real reason for keeping the relationship secret. While she thinks it is sweet, she is also annoyed at him for not being honest with Michelle, because the reason he gave Michelle is causing her anxiety. She then gets angry with James for being in on Nick’s lie.
Rebecca realizes that she can get Nick and James to tell Michelle the truth by threatening to tell Michelle’s big brother, Richard. Richard is very protective of Michelle and Rebecca points out that he will be very angry if he finds out what Rebecca knows about Nick lying to Michelle and James protecting Nick. Rebecca promises to tell Richard if the two of them don’t sort out the situation. She thinks to herself with satisfaction that they will tell Michelle without her having to intervene any further.",explicit,control,1,Michelle and Nick started dating after a walk in the park.,Michelle and Nick started dating during a walk in the park.,a,-3.12109375,-3.251953125,-56.15625,-58.53125,"tensor(-6.6172, dtype=torch.float16);tensor(0., dtype=torch.float16);tensor(-1.7812, dtype=torch.float16);tensor(-0.6562, dtype=torch.float16);tensor(-7.2734, dtype=torch.float16);tensor(-0.0156, dtype=torch.float16);tensor(0., dtype=torch.float16);tensor(-4.6484, dtype=torch.float16);tensor(-2.1484, dtype=torch.float16);tensor(-3.7266, dtype=torch.float16);tensor(-3.9297, dtype=torch.float16);tensor(-0.0625, dtype=torch.float16);tensor(-5.7734, dtype=torch.float16);tensor(-1.5781, dtype=torch.float16);tensor(-11.0312, dtype=torch.float16);tensor(0., dtype=torch.float16);tensor(-0.3359, dtype=torch.float16);tensor(-6.5898, dtype=torch.float16)","tensor(-6.6172, dtype=torch.float16);tensor(0., dtype=torch.float16);tensor(-1.7812, dtype=torch.float16);tensor(-0.6562, dtype=torch.float16);tensor(-7.2734, dtype=torch.float16);tensor(-0.0156, dtype=torch.float16);tensor(0., dtype=torch.float16);tensor(-9.1875, dtype=torch.float16);tensor(-3.4375, dtype=torch.float16);tensor(-1.7031, dtype=torch.float16);tensor(-2.4688, dtype=torch.float16);tensor(-0.0625, dtype=torch.float16);tensor(-5.8594, dtype=torch.float16);tensor(-1.4688, dtype=torch.float16);tensor(-11.0469, dtype=torch.float16);tensor(0., dtype=torch.float16);tensor(-0.4609, dtype=torch.float16);tensor(-6.4883, dtype=torch.float16)",epitome_rm
2,Michelle & Nick,explicit,"Nick and Michelle, who have been friends for a very long time, started dating recently, on November 22nd. They were at a beautiful pre-Thanksgiving wedding, and Nick had managed to get tipsy before the ceremony, so they went for a walk in the afternoon to help him walk it off. When they got back from the walk, Nick asked Michelle if she’d consider dating him, and she said yes.
Michelle is really crazy about Nick, but she is worried that he doesn’t feel the same, because he doesn’t want them to break the news to all their friends. Although Nick has told her that he feels it’s too early to tell people, she is worried that he doesn’t want to tell people because he actually doesn’t like her all that much.
Michelle tells her friend Rebecca about the relationship and about how she and Nick started dating. She and Rebecca argue over some of the details – Rebecca thought the wedding was after Thanksgiving, on November 29th, but Michelle reminds her that it was definitely the 22nd, because that was the morning when Richard got his puppy. Michelle tells her friend Rebecca about her concerns about Nick’s feelings, and Rebecca advises her to talk to Nick about it.
Meanwhile, Nick has actually told a mutual friend, James, about his relationship with Michelle. He tells James that he is so excited about the relationship that he is terrified of telling people in case the pressure makes him mess everything up. Rebecca walks in and overhears the conversation, finding out Nick’s real reason for keeping the relationship secret. While she thinks it is sweet, she is also annoyed at him for not being honest with Michelle, because the reason he gave Michelle is causing her anxiety. She then gets angry with James for being in on Nick’s lie.
Rebecca realizes that she can get Nick and James to tell Michelle the truth by threatening to tell Michelle’s big brother, Richard. Richard is very protective of Michelle and Rebecca points out that he will be very angry if he finds out what Rebecca knows about Nick lying to Michelle and James protecting Nick. Rebecca promises to tell Richard if the two of them don’t sort out the situation. She thinks to herself with satisfaction that they will tell Michelle without her having to intervene any further.",explicit,control,2,"Michelle and Nick started dating after a walk in the park, when Nick was tipsy.","Michelle and Nick started dating during a walk in the park, when Nick was tipsy.",a,-2.80859375,-2.86328125,-67.4375,-68.6875,"tensor(-6.6172, dtype=torch.float16);tensor(0., dtype=torch.float16);tensor(-1.7812, dtype=torch.float16);tensor(-0.6562, dtype=torch.float16);tensor(-7.2734, dtype=torch.float16);tensor(-0.0156, dtype=torch.float16);tensor(0., dtype=torch.float16);tensor(-4.6484, dtype=torch.float16);tensor(-2.1484, dtype=torch.float16);tensor(-3.7266, dtype=torch.float16);tensor(-3.9297, dtype=torch.float16);tensor(-0.0625, dtype=torch.float16);tensor(-5.7734, dtype=torch.float16);tensor(-2.1094, dtype=torch.float16);tensor(-4.8203, dtype=torch.float16);tensor(-0.3750, dtype=torch.float16);tensor(-4.8281, dtype=torch.float16);tensor(-0.3125, dtype=torch.float16);tensor(0., dtype=torch.float16);tensor(-0.7500, dtype=torch.float16);tensor(-10.7188, dtype=torch.float16);tensor(0., dtype=torch.float16);tensor(-0.3516, dtype=torch.float16);tensor(-6.5234, dtype=torch.float16)","tensor(-6.6172, dtype=torch.float16);tensor(0., dtype=torch.float16);tensor(-1.7812, dtype=torch.float16);tensor(-0.6562, dtype=torch.float16);tensor(-7.2734, dtype=torch.float16);tensor(-0.0156, dtype=torch.float16);tensor(0., dtype=torch.float16);tensor(-9.1875, dtype=torch.float16);tensor(-3.4375, dtype=torch.float16);tensor(-1.7031, dtype=torch.float16);tensor(-2.4688, dtype=torch.float16);tensor(-0.0625, dtype=torch.float16);tensor(-5.8594, dtype=torch.float16);tensor(-2.2422, dtype=torch.float16);tensor(-4.4062, dtype=torch.float16);tensor(-0.5312, dtype=torch.float16);tensor(-3.7266, dtype=torch.float16);tensor(-0.4219, dtype=torch.float16);tensor(0., dtype=torch.float16);tensor(-0.8594, dtype=torch.float16);tensor(-10.6406, dtype=torch.float16);tensor(0., dtype=torch.float16);tensor(-0.4141, dtype=torch.float16);tensor(-6.3945, dtype=torch.float16)",epitome_rm
2,Michelle & Nick,explicit,"Nick and Michelle, who have been friends for a very long time, started dating recently, on November 22nd. They were at a beautiful pre-Thanksgiving wedding, and Nick had managed to get tipsy before the ceremony, so they went for a walk in the afternoon to help him walk it off. When they got back from the walk, Nick asked Michelle if she’d consider dating him, and she said yes.
Michelle is really crazy about Nick, but she is worried that he doesn’t feel the same, because he doesn’t want them to break the news to all their friends. Although Nick has told her that he feels it’s too early to tell people, she is worried that he doesn’t want to tell people because he actually doesn’t like her all that much.
Michelle tells her friend Rebecca about the relationship and about how she and Nick started dating. She and Rebecca argue over some of the details – Rebecca thought the wedding was after Thanksgiving, on November 29th, but Michelle reminds her that it was definitely the 22nd, because that was the morning when Richard got his puppy. Michelle tells her friend Rebecca about her concerns about Nick’s feelings, and Rebecca advises her to talk to Nick about it.
Meanwhile, Nick has actually told a mutual friend, James, about his relationship with Michelle. He tells James that he is so excited about the relationship that he is terrified of telling people in case the pressure makes him mess everything up. Rebecca walks in and overhears the conversation, finding out Nick’s real reason for keeping the relationship secret. While she thinks it is sweet, she is also annoyed at him for not being honest with Michelle, because the reason he gave Michelle is causing her anxiety. She then gets angry with James for being in on Nick’s lie.
Rebecca realizes that she can get Nick and James to tell Michelle the truth by threatening to tell Michelle’s big brother, Richard. Richard is very protective of Michelle and Rebecca points out that he will be very angry if he finds out what Rebecca knows about Nick lying to Michelle and James protecting Nick. Rebecca promises to tell Richard if the two of them don’t sort out the situation. She thinks to herself with satisfaction that they will tell Michelle without her having to intervene any further.",explicit,control,3,"Michelle and Nick started dating in the afternoon, after a walk in the park, when Nick was tipsy.","Michelle and Nick started dating in the morning, during a walk in the park, before Nick got tipsy.",a,-2.3671875,-2.69140625,-66.25,-75.3125,"tensor(-6.6172, dtype=torch.float16);tensor(0., dtype=torch.float16);tensor(-1.7812, dtype=torch.float16);tensor(-0.6562, dtype=torch.float16);tensor(-7.2734, dtype=torch.float16);tensor(-0.0156, dtype=torch.float16);tensor(0., dtype=torch.float16);tensor(-4.3125, dtype=torch.float16);tensor(-2.2734, dtype=torch.float16);tensor(-0.6094, dtype=torch.float16);tensor(-3.8203, dtype=torch.float16);tensor(-2.4453, dtype=torch.float16);tensor(-1.7500, dtype=torch.float16);tensor(-1.4688, dtype=torch.float16);tensor(-3.0078, dtype=torch.float16);tensor(-0.0781, dtype=torch.float16);tensor(-0.4531, dtype=torch.float16);tensor(-1.3906, dtype=torch.float16);tensor(-4.1953, dtype=torch.float16);tensor(-0.5000, dtype=torch.float16);tensor(-5.4219, dtype=torch.float16);tensor(-0.6562, dtype=torch.float16);tensor(0., dtype=torch.float16);tensor(-0.5156, dtype=torch.float16);tensor(-10.3359, dtype=torch.float16);tensor(0., dtype=torch.float16);tensor(-0.2812, dtype=torch.float16);tensor(-6.4219, dtype=torch.float16)","tensor(-6.6172, dtype=torch.float16);tensor(0., dtype=torch.float16);tensor(-1.7812, dtype=torch.float16);tensor(-0.6562, dtype=torch.float16);tensor(-7.2734, dtype=torch.float16);tensor(-0.0156, dtype=torch.float16);tensor(0., dtype=torch.float16);tensor(-4.3125, dtype=torch.float16);tensor(-2.2734, dtype=torch.float16);tensor(-4.4062, dtype=torch.float16);tensor(-2.6406, dtype=torch.float16);tensor(-6.8047, dtype=torch.float16);tensor(-1.9609, dtype=torch.float16);tensor(-1.0312, dtype=torch.float16);tensor(-2.0312, dtype=torch.float16);tensor(-0.0469, dtype=torch.float16);tensor(-0.1875, dtype=torch.float16);tensor(-1.3125, dtype=torch.float16);tensor(-3.8047, dtype=torch.float16);tensor(-5.0781, dtype=torch.float16);tensor(-2.8359, dtype=torch.float16);tensor(-0.5312, dtype=torch.float16);tensor(0., dtype=torch.float16);tensor(-1.9531, dtype=torch.float16);tensor(-10.8125, dtype=torch.float16);tensor(0., dtype=torch.float16);tensor(-0.3516, dtype=torch.float16);tensor(-6.6172, dtype=torch.float16)",epitome_rm
2,Michelle & Nick,explicit,"Nick and Michelle, who have been friends for a very long time, started dating recently, on November 22nd. They were at a beautiful pre-Thanksgiving wedding, and Nick had managed to get tipsy before the ceremony, so they went for a walk in the afternoon to help him walk it off. When they got back from the walk, Nick asked Michelle if she’d consider dating him, and she said yes.
Michelle is really crazy about Nick, but she is worried that he doesn’t feel the same, because he doesn’t want them to break the news to all their friends. Although Nick has told her that he feels it’s too early to tell people, she is worried that he doesn’t want to tell people because he actually doesn’t like her all that much.
Michelle tells her friend Rebecca about the relationship and about how she and Nick started dating. She and Rebecca argue over some of the details – Rebecca thought the wedding was after Thanksgiving, on November 29th, but Michelle reminds her that it was definitely the 22nd, because that was the morning when Richard got his puppy. Michelle tells her friend Rebecca about her concerns about Nick’s feelings, and Rebecca advises her to talk to Nick about it.
Meanwhile, Nick has actually told a mutual friend, James, about his relationship with Michelle. He tells James that he is so excited about the relationship that he is terrified of telling people in case the pressure makes him mess everything up. Rebecca walks in and overhears the conversation, finding out Nick’s real reason for keeping the relationship secret. While she thinks it is sweet, she is also annoyed at him for not being honest with Michelle, because the reason he gave Michelle is causing her anxiety. She then gets angry with James for being in on Nick’s lie.
Rebecca realizes that she can get Nick and James to tell Michelle the truth by threatening to tell Michelle’s big brother, Richard. Richard is very protective of Michelle and Rebecca points out that he will be very angry if he finds out what Rebecca knows about Nick lying to Michelle and James protecting Nick. Rebecca promises to tell Richard if the two of them don’t sort out the situation. She thinks to herself with satisfaction that they will tell Michelle without her having to intervene any further.",explicit,control,4,"Michelle and Nick started dating after a walk in the park, when Nick was tipsy, in the afternoon, on November 22nd.","Michelle and Nick started dating during a walk in the park, in the morning, on November 22nd, before Nick got tipsy.",a,-2.212890625,-2.525390625,-77.4375,-88.375,"tensor(-6.6172, dtype=torch.float16);tensor(0., dtype=torch.float16);tensor(-1.7812, dtype=torch.float16);tensor(-0.6562, dtype=torch.float16);tensor(-7.2734, dtype=torch.float16);tensor(-0.0156, dtype=torch.float16);tensor(0., dtype=torch.float16);tensor(-4.6484, dtype=torch.float16);tensor(-2.1484, dtype=torch.float16);tensor(-3.7266, dtype=torch.float16);tensor(-3.9297, dtype=torch.float16);tensor(-0.0625, dtype=torch.float16);tensor(-5.7734, dtype=torch.float16);tensor(-2.1094, dtype=torch.float16);tensor(-4.8203, dtype=torch.float16);tensor(-0.3750, dtype=torch.float16);tensor(-4.8281, dtype=torch.float16);tensor(-0.3125, dtype=torch.float16);tensor(0., dtype=torch.float16);tensor(-1.7969, dtype=torch.float16);tensor(-4.8594, dtype=torch.float16);tensor(-1.3438, dtype=torch.float16);tensor(-0.2188, dtype=torch.float16);tensor(-2.3359, dtype=torch.float16);tensor(-0.5000, dtype=torch.float16);tensor(-0.1562, dtype=torch.float16);tensor(-0.0156, dtype=torch.float16);tensor(0., dtype=torch.float16);tensor(0., dtype=torch.float16);tensor(0., dtype=torch.float16);tensor(-0.1875, dtype=torch.float16);tensor(-10.1328, dtype=torch.float16);tensor(0., dtype=torch.float16);tensor(-0.2344, dtype=torch.float16);tensor(-6.5625, dtype=torch.float16)","tensor(-6.6172, dtype=torch.float16);tensor(0., dtype=torch.float16);tensor(-1.7812, dtype=torch.float16);tensor(-0.6562, dtype=torch.float16);tensor(-7.2734, dtype=torch.float16);tensor(-0.0156, dtype=torch.float16);tensor(0., dtype=torch.float16);tensor(-9.1875, dtype=torch.float16);tensor(-3.4375, dtype=torch.float16);tensor(-1.7031, dtype=torch.float16);tensor(-2.4688, dtype=torch.float16);tensor(-0.0625, dtype=torch.float16);tensor(-5.8594, dtype=torch.float16);tensor(-2.2422, dtype=torch.float16);tensor(-4.6172, dtype=torch.float16);tensor(-0.6562, dtype=torch.float16);tensor(-5.8125, dtype=torch.float16);tensor(-0.9531, dtype=torch.float16);tensor(-0.7031, dtype=torch.float16);tensor(-0.2500, dtype=torch.float16);tensor(-0.0156, dtype=torch.float16);tensor(0., dtype=torch.float16);tensor(0., dtype=torch.float16);tensor(0., dtype=torch.float16);tensor(-1.6875, dtype=torch.float16);tensor(-3.2188, dtype=torch.float16);tensor(-7.1641, dtype=torch.float16);tensor(-1.1328, dtype=torch.float16);tensor(-0.8281, dtype=torch.float16);tensor(0., dtype=torch.float16);tensor(-2.3125, dtype=torch.float16);tensor(-10.6250, dtype=torch.float16);tensor(0., dtype=torch.float16);tensor(-0.4609, dtype=torch.float16);tensor(-6.6250, dtype=torch.float16)",epitome_rm
2,Michelle & Nick,explicit,"Nick and Michelle, who have been friends for a very long time, started dating recently, on November 22nd. They were at a beautiful pre-Thanksgiving wedding, and Nick had managed to get tipsy before the ceremony, so they went for a walk in the afternoon to help him walk it off. When they got back from the walk, Nick asked Michelle if she’d consider dating him, and she said yes.
Michelle is really crazy about Nick, but she is worried that he doesn’t feel the same, because he doesn’t want them to break the news to all their friends. Although Nick has told her that he feels it’s too early to tell people, she is worried that he doesn’t want to tell people because he actually doesn’t like her all that much.
Michelle tells her friend Rebecca about the relationship and about how she and Nick started dating. She and Rebecca argue over some of the details – Rebecca thought the wedding was after Thanksgiving, on November 29th, but Michelle reminds her that it was definitely the 22nd, because that was the morning when Richard got his puppy. Michelle tells her friend Rebecca about her concerns about Nick’s feelings, and Rebecca advises her to talk to Nick about it.
Meanwhile, Nick has actually told a mutual friend, James, about his relationship with Michelle. He tells James that he is so excited about the relationship that he is terrified of telling people in case the pressure makes him mess everything up. Rebecca walks in and overhears the conversation, finding out Nick’s real reason for keeping the relationship secret. While she thinks it is sweet, she is also annoyed at him for not being honest with Michelle, because the reason he gave Michelle is causing her anxiety. She then gets angry with James for being in on Nick’s lie.
Rebecca realizes that she can get Nick and James to tell Michelle the truth by threatening to tell Michelle’s big brother, Richard. Richard is very protective of Michelle and Rebecca points out that he will be very angry if he finds out what Rebecca knows about Nick lying to Michelle and James protecting Nick. Rebecca promises to tell Richard if the two of them don’t sort out the situation. She thinks to herself with satisfaction that they will tell Michelle without her having to intervene any further.",explicit,control,5,"Michelle and Nick started dating after a walk in the park, when Nick was tipsy, in the afternoon, on November 22nd, before Thanksgiving.","Michelle and Nick started dating when Nick was tipsy, during a walk, in the morning, on November 29th, after Thanksgiving.",a,-2.060546875,-2.578125,-82.4375,-95.4375,"tensor(-6.6172, dtype=torch.float16);tensor(0., dtype=torch.float16);tensor(-1.7812, dtype=torch.float16);tensor(-0.6719, dtype=torch.float16);tensor(-7.2734, dtype=torch.float16);tensor(-0.0156, dtype=torch.float16);tensor(0., dtype=torch.float16);tensor(-4.6484, dtype=torch.float16);tensor(-2.1484, dtype=torch.float16);tensor(-3.7344, dtype=torch.float16);tensor(-3.9219, dtype=torch.float16);tensor(-0.0625, dtype=torch.float16);tensor(-5.7891, dtype=torch.float16);tensor(-2.1094, dtype=torch.float16);tensor(-4.8203, dtype=torch.float16);tensor(-0.3750, dtype=torch.float16);tensor(-4.8281, dtype=torch.float16);tensor(-0.3125, dtype=torch.float16);tensor(0., dtype=torch.float16);tensor(-1.7969, dtype=torch.float16);tensor(-4.8438, dtype=torch.float16);tensor(-1.3438, dtype=torch.float16);tensor(-0.2188, dtype=torch.float16);tensor(-2.3359, dtype=torch.float16);tensor(-0.4844, dtype=torch.float16);tensor(-0.1562, dtype=torch.float16);tensor(-0.0156, dtype=torch.float16);tensor(0., dtype=torch.float16);tensor(0., dtype=torch.float16);tensor(0., dtype=torch.float16);tensor(-1.9531, dtype=torch.float16);tensor(-2.9219, dtype=torch.float16);tensor(-0.1250, dtype=torch.float16);tensor(0., dtype=torch.float16);tensor(0., dtype=torch.float16);tensor(-0.1406, dtype=torch.float16);tensor(-10.4688, dtype=torch.float16);tensor(0., dtype=torch.float16);tensor(-0.3125, dtype=torch.float16);tensor(-6.2266, dtype=torch.float16)","tensor(-6.6172, dtype=torch.float16);tensor(0., dtype=torch.float16);tensor(-1.7812, dtype=torch.float16);tensor(-0.6719, dtype=torch.float16);tensor(-7.2734, dtype=torch.float16);tensor(-0.0156, dtype=torch.float16);tensor(0., dtype=torch.float16);tensor(-7.7812, dtype=torch.float16);tensor(-3.8359, dtype=torch.float16);tensor(-4.1953, dtype=torch.float16);tensor(-0.6484, dtype=torch.float16);tensor(0., dtype=torch.float16);tensor(-1.7812, dtype=torch.float16);tensor(-7.8594, dtype=torch.float16);tensor(-0.3281, dtype=torch.float16);tensor(-1.8281, dtype=torch.float16);tensor(-3.4609, dtype=torch.float16);tensor(-3.8594, dtype=torch.float16);tensor(-0.9219, dtype=torch.float16);tensor(-8.2969, dtype=torch.float16);tensor(-1.6250, dtype=torch.float16);tensor(-0.6562, dtype=torch.float16);tensor(-0.1719, dtype=torch.float16);tensor(-0.0156, dtype=torch.float16);tensor(0., dtype=torch.float16);tensor(-9.3203, dtype=torch.float16);tensor(0., dtype=torch.float16);tensor(-1.2656, dtype=torch.float16);tensor(-2.0156, dtype=torch.float16);tensor(-2.3672, dtype=torch.float16);tensor(0., dtype=torch.float16);tensor(0., dtype=torch.float16);tensor(-0.3125, dtype=torch.float16);tensor(-9.8984, dtype=torch.float16);tensor(0., dtype=torch.float16);tensor(-0.3984, dtype=torch.float16);tensor(-6.2070, dtype=torch.float16)",epitome_rm
2,Michelle & Nick,explicit,"Nick and Michelle, who have been friends for a very long time, started dating recently, on November 22nd. They were at a beautiful pre-Thanksgiving wedding, and Nick had managed to get tipsy before the ceremony, so they went for a walk in the afternoon to help him walk it off. When they got back from the walk, Nick asked Michelle if she’d consider dating him, and she said yes.
Michelle is really crazy about Nick, but she is worried that he doesn’t feel the same, because he doesn’t want them to break the news to all their friends. Although Nick has told her that he feels it’s too early to tell people, she is worried that he doesn’t want to tell people because he actually doesn’t like her all that much.
Michelle tells her friend Rebecca about the relationship and about how she and Nick started dating. She and Rebecca argue over some of the details – Rebecca thought the wedding was after Thanksgiving, on November 29th, but Michelle reminds her that it was definitely the 22nd, because that was the morning when Richard got his puppy. Michelle tells her friend Rebecca about her concerns about Nick’s feelings, and Rebecca advises her to talk to Nick about it.
Meanwhile, Nick has actually told a mutual friend, James, about his relationship with Michelle. He tells James that he is so excited about the relationship that he is terrified of telling people in case the pressure makes him mess everything up. Rebecca walks in and overhears the conversation, finding out Nick’s real reason for keeping the relationship secret. While she thinks it is sweet, she is also annoyed at him for not being honest with Michelle, because the reason he gave Michelle is causing her anxiety. She then gets angry with James for being in on Nick’s lie.
Rebecca realizes that she can get Nick and James to tell Michelle the truth by threatening to tell Michelle’s big brother, Richard. Richard is very protective of Michelle and Rebecca points out that he will be very angry if he finds out what Rebecca knows about Nick lying to Michelle and James protecting Nick. Rebecca promises to tell Richard if the two of them don’t sort out the situation. She thinks to herself with satisfaction that they will tell Michelle without her having to intervene any further.",explicit,control,6,"Michelle and Nick started dating after a walk in the park, when Nick was tipsy, in the afternoon, on November 22nd, before Thanksgiving, at a wedding.","Michelle and Nick started dating before a wedding, in the morning, on November 22nd, after Thanksgiving, during a walk in the park, before Nick got tipsy.",a,-2.037109375,-2.298828125,-91.625,-103.4375,"tensor(-6.6172, dtype=torch.float16);tensor(0., dtype=torch.float16);tensor(-1.7812, dtype=torch.float16);tensor(-0.6562, dtype=torch.float16);tensor(-7.2734, dtype=torch.float16);tensor(-0.0156, dtype=torch.float16);tensor(0., dtype=torch.float16);tensor(-4.6484, dtype=torch.float16);tensor(-2.1484, dtype=torch.float16);tensor(-3.7266, dtype=torch.float16);tensor(-3.9297, dtype=torch.float16);tensor(-0.0625, dtype=torch.float16);tensor(-5.7734, dtype=torch.float16);tensor(-2.1094, dtype=torch.float16);tensor(-4.8203, dtype=torch.float16);tensor(-0.3750, dtype=torch.float16);tensor(-4.8281, dtype=torch.float16);tensor(-0.3125, dtype=torch.float16);tensor(0., dtype=torch.float16);tensor(-1.7969, dtype=torch.float16);tensor(-4.8594, dtype=torch.float16);tensor(-1.3438, dtype=torch.float16);tensor(-0.2188, dtype=torch.float16);tensor(-2.3359, dtype=torch.float16);tensor(-0.5000, dtype=torch.float16);tensor(-0.1562, dtype=torch.float16);tensor(-0.0156, dtype=torch.float16);tensor(0., dtype=torch.float16);tensor(0., dtype=torch.float16);tensor(0., dtype=torch.float16);tensor(-1.9688, dtype=torch.float16);tensor(-2.9219, dtype=torch.float16);tensor(-0.1250, dtype=torch.float16);tensor(0., dtype=torch.float16);tensor(0., dtype=torch.float16);tensor(-2.3438, dtype=torch.float16);tensor(-3.9766, dtype=torch.float16);tensor(-0.2188, dtype=torch.float16);tensor(-2.1875, dtype=torch.float16);tensor(0., dtype=torch.float16);tensor(-0.3750, dtype=torch.float16);tensor(-10.5703, dtype=torch.float16);tensor(0., dtype=torch.float16);tensor(-0.3828, dtype=torch.float16);tensor(-6.2539, dtype=torch.float16)","tensor(-6.6172, dtype=torch.float16);tensor(0., dtype=torch.float16);tensor(-1.7812, dtype=torch.float16);tensor(-0.6562, dtype=torch.float16);tensor(-7.2734, dtype=torch.float16);tensor(-0.0156, dtype=torch.float16);tensor(0., dtype=torch.float16);tensor(-7.3047, dtype=torch.float16);tensor(-7.8203, dtype=torch.float16);tensor(-1.1250, dtype=torch.float16);tensor(0., dtype=torch.float16);tensor(-1.0625, dtype=torch.float16);tensor(-5.0781, dtype=torch.float16);tensor(-2.2578, dtype=torch.float16);tensor(-6.5625, dtype=torch.float16);tensor(-0.8750, dtype=torch.float16);tensor(-1.1250, dtype=torch.float16);tensor(-0.0938, dtype=torch.float16);tensor(-0.0156, dtype=torch.float16);tensor(0., dtype=torch.float16);tensor(0., dtype=torch.float16);tensor(0., dtype=torch.float16);tensor(-1.3906, dtype=torch.float16);tensor(-3.6719, dtype=torch.float16);tensor(-4.5547, dtype=torch.float16);tensor(0., dtype=torch.float16);tensor(0., dtype=torch.float16);tensor(-1.5234, dtype=torch.float16);tensor(-6.7578, dtype=torch.float16);tensor(-0.5391, dtype=torch.float16);tensor(-0.8750, dtype=torch.float16);tensor(-3.0234, dtype=torch.float16);tensor(-0.0156, dtype=torch.float16);tensor(-3.6797, dtype=torch.float16);tensor(-1.8906, dtype=torch.float16);tensor(-4.3125, dtype=torch.float16);tensor(-2.0469, dtype=torch.float16);tensor(-1.1094, dtype=torch.float16);tensor(-0.3438, dtype=torch.float16);tensor(0., dtype=torch.float16);tensor(-0.5156, dtype=torch.float16);tensor(-10.4219, dtype=torch.float16);tensor(0., dtype=torch.float16);tensor(-0.3516, dtype=torch.float16);tensor(-6.7461, dtype=torch.float16)",epitome_rm
2,Michelle & Nick,explicit,"Nick and Michelle, who have been friends for a very long time, started dating recently, on November 22nd. They were at a beautiful pre-Thanksgiving wedding, and Nick had managed to get tipsy before the ceremony, so they went for a walk in the afternoon to help him walk it off. When they got back from the walk, Nick asked Michelle if she’d consider dating him, and she said yes.
Michelle is really crazy about Nick, but she is worried that he doesn’t feel the same, because he doesn’t want them to break the news to all their friends. Although Nick has told her that he feels it’s too early to tell people, she is worried that he doesn’t want to tell people because he actually doesn’t like her all that much.
Michelle tells her friend Rebecca about the relationship and about how she and Nick started dating. She and Rebecca argue over some of the details – Rebecca thought the wedding was after Thanksgiving, on November 29th, but Michelle reminds her that it was definitely the 22nd, because that was the morning when Richard got his puppy. Michelle tells her friend Rebecca about her concerns about Nick’s feelings, and Rebecca advises her to talk to Nick about it.
Meanwhile, Nick has actually told a mutual friend, James, about his relationship with Michelle. He tells James that he is so excited about the relationship that he is terrified of telling people in case the pressure makes him mess everything up. Rebecca walks in and overhears the conversation, finding out Nick’s real reason for keeping the relationship secret. While she thinks it is sweet, she is also annoyed at him for not being honest with Michelle, because the reason he gave Michelle is causing her anxiety. She then gets angry with James for being in on Nick’s lie.
Rebecca realizes that she can get Nick and James to tell Michelle the truth by threatening to tell Michelle’s big brother, Richard. Richard is very protective of Michelle and Rebecca points out that he will be very angry if he finds out what Rebecca knows about Nick lying to Michelle and James protecting Nick. Rebecca promises to tell Richard if the two of them don’t sort out the situation. She thinks to herself with satisfaction that they will tell Michelle without her having to intervene any further.",explicit,control,7,"Michelle and Nick started dating after a walk in the park, when Nick was tipsy, in the afternoon, on November 22nd, before Thanksgiving, at a wedding, before the ceremony.","Michelle and Nick started dating at a wedding, after the ceremony, in the morning, on November 29th, before Thanksgiving, during a walk in the park, when Nick was tipsy.",a,-2.07421875,-2.291015625,-101.6875,-112.25,"tensor(-6.6172, dtype=torch.float16);tensor(0., dtype=torch.float16);tensor(-1.7812, dtype=torch.float16);tensor(-0.6562, dtype=torch.float16);tensor(-7.2734, dtype=torch.float16);tensor(-0.0156, dtype=torch.float16);tensor(0., dtype=torch.float16);tensor(-4.6484, dtype=torch.float16);tensor(-2.1484, dtype=torch.float16);tensor(-3.7266, dtype=torch.float16);tensor(-3.9297, dtype=torch.float16);tensor(-0.0625, dtype=torch.float16);tensor(-5.7734, dtype=torch.float16);tensor(-2.1094, dtype=torch.float16);tensor(-4.8203, dtype=torch.float16);tensor(-0.3750, dtype=torch.float16);tensor(-4.8281, dtype=torch.float16);tensor(-0.3125, dtype=torch.float16);tensor(0., dtype=torch.float16);tensor(-1.7969, dtype=torch.float16);tensor(-4.8594, dtype=torch.float16);tensor(-1.3438, dtype=torch.float16);tensor(-0.2188, dtype=torch.float16);tensor(-2.3359, dtype=torch.float16);tensor(-0.5000, dtype=torch.float16);tensor(-0.1562, dtype=torch.float16);tensor(-0.0156, dtype=torch.float16);tensor(0., dtype=torch.float16);tensor(0., dtype=torch.float16);tensor(0., dtype=torch.float16);tensor(-1.9688, dtype=torch.float16);tensor(-2.9219, dtype=torch.float16);tensor(-0.1250, dtype=torch.float16);tensor(0., dtype=torch.float16);tensor(0., dtype=torch.float16);tensor(-2.3438, dtype=torch.float16);tensor(-3.9766, dtype=torch.float16);tensor(-0.2188, dtype=torch.float16);tensor(-2.1875, dtype=torch.float16);tensor(0., dtype=torch.float16);tensor(-2.4688, dtype=torch.float16);tensor(-6.4922, dtype=torch.float16);tensor(-1.0078, dtype=torch.float16);tensor(-0.0156, dtype=torch.float16);tensor(-0.2656, dtype=torch.float16);tensor(-10.3047, dtype=torch.float16);tensor(0., dtype=torch.float16);tensor(-0.3906, dtype=torch.float16);tensor(-6.6680, dtype=torch.float16)","tensor(-6.6172, dtype=torch.float16);tensor(0., dtype=torch.float16);tensor(-1.7812, dtype=torch.float16);tensor(-0.6562, dtype=torch.float16);tensor(-7.2734, dtype=torch.float16);tensor(-0.0156, dtype=torch.float16);tensor(0., dtype=torch.float16);tensor(-6.8516, dtype=torch.float16);tensor(-2.9922, dtype=torch.float16);tensor(-2.1094, dtype=torch.float16);tensor(0., dtype=torch.float16);tensor(-1.9766, dtype=torch.float16);tensor(-4.4453, dtype=torch.float16);tensor(-2.9922, dtype=torch.float16);tensor(-0.2500, dtype=torch.float16);tensor(-1.2344, dtype=torch.float16);tensor(-3.9219, dtype=torch.float16);tensor(-0.8750, dtype=torch.float16);tensor(-8.3203, dtype=torch.float16);tensor(-1.4219, dtype=torch.float16);tensor(-0.3438, dtype=torch.float16);tensor(-0.0781, dtype=torch.float16);tensor(-0.0156, dtype=torch.float16);tensor(0., dtype=torch.float16);tensor(-9.2734, dtype=torch.float16);tensor(0., dtype=torch.float16);tensor(-1.5938, dtype=torch.float16);tensor(-5.1172, dtype=torch.float16);tensor(-0.0469, dtype=torch.float16);tensor(0., dtype=torch.float16);tensor(0., dtype=torch.float16);tensor(-2.1719, dtype=torch.float16);tensor(-6.3672, dtype=torch.float16);tensor(-1.0703, dtype=torch.float16);tensor(-0.5781, dtype=torch.float16);tensor(-2.6641, dtype=torch.float16);tensor(-0.0156, dtype=torch.float16);tensor(-2.9609, dtype=torch.float16);tensor(-2.0312, dtype=torch.float16);tensor(-2.5312, dtype=torch.float16);tensor(-0.3438, dtype=torch.float16);tensor(-3.6562, dtype=torch.float16);tensor(-0.2656, dtype=torch.float16);tensor(0., dtype=torch.float16);tensor(-0.4375, dtype=torch.float16);tensor(-9.7500, dtype=torch.float16);tensor(0., dtype=torch.float16);tensor(-0.3906, dtype=torch.float16);tensor(-6.8398, dtype=torch.float16)",epitome_rm
2,Michelle & Nick,explicit,"Nick and Michelle, who have been friends for a very long time, started dating recently, on November 22nd. They were at a beautiful pre-Thanksgiving wedding, and Nick had managed to get tipsy before the ceremony, so they went for a walk in the afternoon to help him walk it off. When they got back from the walk, Nick asked Michelle if she’d consider dating him, and she said yes.
Michelle is really crazy about Nick, but she is worried that he doesn’t feel the same, because he doesn’t want them to break the news to all their friends. Although Nick has told her that he feels it’s too early to tell people, she is worried that he doesn’t want to tell people because he actually doesn’t like her all that much.
Michelle tells her friend Rebecca about the relationship and about how she and Nick started dating. She and Rebecca argue over some of the details – Rebecca thought the wedding was after Thanksgiving, on November 29th, but Michelle reminds her that it was definitely the 22nd, because that was the morning when Richard got his puppy. Michelle tells her friend Rebecca about her concerns about Nick’s feelings, and Rebecca advises her to talk to Nick about it.
Meanwhile, Nick has actually told a mutual friend, James, about his relationship with Michelle. He tells James that he is so excited about the relationship that he is terrified of telling people in case the pressure makes him mess everything up. Rebecca walks in and overhears the conversation, finding out Nick’s real reason for keeping the relationship secret. While she thinks it is sweet, she is also annoyed at him for not being honest with Michelle, because the reason he gave Michelle is causing her anxiety. She then gets angry with James for being in on Nick’s lie.
Rebecca realizes that she can get Nick and James to tell Michelle the truth by threatening to tell Michelle’s big brother, Richard. Richard is very protective of Michelle and Rebecca points out that he will be very angry if he finds out what Rebecca knows about Nick lying to Michelle and James protecting Nick. Rebecca promises to tell Richard if the two of them don’t sort out the situation. She thinks to herself with satisfaction that they will tell Michelle without her having to intervene any further.",implicit,mental,1,Nick: I’m really nervous to tell people in case it messes everything up.,Nick: I’m not really that crazy about her and I’m not sure I want people knowing that we’re dating.,a,-2.578125,-2.587890625,-59.28125,-85.375,"tensor(-7.7500, dtype=torch.float16);tensor(-9.2031, dtype=torch.float16);tensor(-2.7344, dtype=torch.float16);tensor(-1.5547, dtype=torch.float16);tensor(-0.1406, dtype=torch.float16);tensor(-1.8984, dtype=torch.float16);tensor(-1.8906, dtype=torch.float16);tensor(0., dtype=torch.float16);tensor(-4.5703, dtype=torch.float16);tensor(-0.0156, dtype=torch.float16);tensor(-0.5312, dtype=torch.float16);tensor(-6.7734, dtype=torch.float16);tensor(-0.0312, dtype=torch.float16);tensor(-1.3906, dtype=torch.float16);tensor(-2.7734, dtype=torch.float16);tensor(0., dtype=torch.float16);tensor(-0.5156, dtype=torch.float16);tensor(0., dtype=torch.float16);tensor(-0.1250, dtype=torch.float16);tensor(-9.8516, dtype=torch.float16);tensor(-0.2344, dtype=torch.float16);tensor(-0.4297, dtype=torch.float16);tensor(-6.8789, dtype=torch.float16)","tensor(-7.7500, dtype=torch.float16);tensor(-9.2031, dtype=torch.float16);tensor(-2.7344, dtype=torch.float16);tensor(-1.5547, dtype=torch.float16);tensor(-0.1406, dtype=torch.float16);tensor(-2.6719, dtype=torch.float16);tensor(-5.8516, dtype=torch.float16);tensor(-5.3047, dtype=torch.float16);tensor(-5.8828, dtype=torch.float16);tensor(0., dtype=torch.float16);tensor(0., dtype=torch.float16);tensor(-1.9062, dtype=torch.float16);tensor(-4.0391, dtype=torch.float16);tensor(-0.2812, dtype=torch.float16);tensor(-1.2500, dtype=torch.float16);tensor(-0.0312, dtype=torch.float16);tensor(-3.4141, dtype=torch.float16);tensor(-1.1406, dtype=torch.float16);tensor(-1.0625, dtype=torch.float16);tensor(-0.0312, dtype=torch.float16);tensor(-4.6328, dtype=torch.float16);tensor(-4.0312, dtype=torch.float16);tensor(-3.4062, dtype=torch.float16);tensor(-0.4531, dtype=torch.float16);tensor(-0.2031, dtype=torch.float16);tensor(0., dtype=torch.float16);tensor(-0.2656, dtype=torch.float16);tensor(0., dtype=torch.float16);tensor(-0.5156, dtype=torch.float16);tensor(-10.2344, dtype=torch.float16);tensor(0., dtype=torch.float16);tensor(-0.3906, dtype=torch.float16);tensor(-7.0156, dtype=torch.float16)",epitome_rm
2,Michelle & Nick,explicit,"Nick and Michelle, who have been friends for a very long time, started dating recently, on November 22nd. They were at a beautiful pre-Thanksgiving wedding, and Nick had managed to get tipsy before the ceremony, so they went for a walk in the afternoon to help him walk it off. When they got back from the walk, Nick asked Michelle if she’d consider dating him, and she said yes.
Michelle is really crazy about Nick, but she is worried that he doesn’t feel the same, because he doesn’t want them to break the news to all their friends. Although Nick has told her that he feels it’s too early to tell people, she is worried that he doesn’t want to tell people because he actually doesn’t like her all that much.
Michelle tells her friend Rebecca about the relationship and about how she and Nick started dating. She and Rebecca argue over some of the details – Rebecca thought the wedding was after Thanksgiving, on November 29th, but Michelle reminds her that it was definitely the 22nd, because that was the morning when Richard got his puppy. Michelle tells her friend Rebecca about her concerns about Nick’s feelings, and Rebecca advises her to talk to Nick about it.
Meanwhile, Nick has actually told a mutual friend, James, about his relationship with Michelle. He tells James that he is so excited about the relationship that he is terrified of telling people in case the pressure makes him mess everything up. Rebecca walks in and overhears the conversation, finding out Nick’s real reason for keeping the relationship secret. While she thinks it is sweet, she is also annoyed at him for not being honest with Michelle, because the reason he gave Michelle is causing her anxiety. She then gets angry with James for being in on Nick’s lie.
Rebecca realizes that she can get Nick and James to tell Michelle the truth by threatening to tell Michelle’s big brother, Richard. Richard is very protective of Michelle and Rebecca points out that he will be very angry if he finds out what Rebecca knows about Nick lying to Michelle and James protecting Nick. Rebecca promises to tell Richard if the two of them don’t sort out the situation. She thinks to herself with satisfaction that they will tell Michelle without her having to intervene any further.",implicit,mental,2,"Michelle: Nick doesn’t want to tell anyone yet, and I think it’s because he isn’t really all that into me.",Michelle: Nick doesn’t want everyone to know because he’s worried that having all eyes on us will put too much pressure on us.,a,-1.908203125,-2.15625,-64.875,-75.5,"tensor(-6.6172, dtype=torch.float16);tensor(0., dtype=torch.float16);tensor(-7.3281, dtype=torch.float16);tensor(-3.6406, dtype=torch.float16);tensor(-5.4141, dtype=torch.float16);tensor(-0.4531, dtype=torch.float16);tensor(0., dtype=torch.float16);tensor(-0.4062, dtype=torch.float16);tensor(-0.0312, dtype=torch.float16);tensor(-0.0156, dtype=torch.float16);tensor(-1.1719, dtype=torch.float16);tensor(-4.4062, dtype=torch.float16);tensor(-1.4219, dtype=torch.float16);tensor(-1.0781, dtype=torch.float16);tensor(-0.3594, dtype=torch.float16);tensor(-2.5391, dtype=torch.float16);tensor(-0.5312, dtype=torch.float16);tensor(-0.2188, dtype=torch.float16);tensor(0., dtype=torch.float16);tensor(0., dtype=torch.float16);tensor(0., dtype=torch.float16);tensor(-5.1953, dtype=torch.float16);tensor(0., dtype=torch.float16);tensor(0., dtype=torch.float16);tensor(-0.8750, dtype=torch.float16);tensor(-5.7656, dtype=torch.float16);tensor(0., dtype=torch.float16);tensor(-0.0156, dtype=torch.float16);tensor(0., dtype=torch.float16);tensor(-0.1406, dtype=torch.float16);tensor(-9.1719, dtype=torch.float16);tensor(-0.1641, dtype=torch.float16);tensor(-0.5000, dtype=torch.float16);tensor(-7.4180, dtype=torch.float16)","tensor(-6.6172, dtype=torch.float16);tensor(0., dtype=torch.float16);tensor(-7.3281, dtype=torch.float16);tensor(-3.6406, dtype=torch.float16);tensor(-5.4141, dtype=torch.float16);tensor(-0.4531, dtype=torch.float16);tensor(0., dtype=torch.float16);tensor(-0.4062, dtype=torch.float16);tensor(-7.5625, dtype=torch.float16);tensor(-0.0312, dtype=torch.float16);tensor(-0.0781, dtype=torch.float16);tensor(-3.8203, dtype=torch.float16);tensor(-0.1406, dtype=torch.float16);tensor(-1.0625, dtype=torch.float16);tensor(0., dtype=torch.float16);tensor(-0.8438, dtype=torch.float16);tensor(0., dtype=torch.float16);tensor(-1.8438, dtype=torch.float16);tensor(-8.5312, dtype=torch.float16);tensor(-1.5781, dtype=torch.float16);tensor(-2.2656, dtype=torch.float16);tensor(0., dtype=torch.float16);tensor(-3.7969, dtype=torch.float16);tensor(-0.0938, dtype=torch.float16);tensor(-0.8125, dtype=torch.float16);tensor(-0.3594, dtype=torch.float16);tensor(0., dtype=torch.float16);tensor(0., dtype=torch.float16);tensor(-0.0156, dtype=torch.float16);tensor(-1.2812, dtype=torch.float16);tensor(-0.3906, dtype=torch.float16);tensor(-9.3125, dtype=torch.float16);tensor(-0.0469, dtype=torch.float16);tensor(-0.4141, dtype=torch.float16);tensor(-7.3359, dtype=torch.float16)",epitome_rm
2,Michelle & Nick,explicit,"Nick and Michelle, who have been friends for a very long time, started dating recently, on November 22nd. They were at a beautiful pre-Thanksgiving wedding, and Nick had managed to get tipsy before the ceremony, so they went for a walk in the afternoon to help him walk it off. When they got back from the walk, Nick asked Michelle if she’d consider dating him, and she said yes.
Michelle is really crazy about Nick, but she is worried that he doesn’t feel the same, because he doesn’t want them to break the news to all their friends. Although Nick has told her that he feels it’s too early to tell people, she is worried that he doesn’t want to tell people because he actually doesn’t like her all that much.
Michelle tells her friend Rebecca about the relationship and about how she and Nick started dating. She and Rebecca argue over some of the details – Rebecca thought the wedding was after Thanksgiving, on November 29th, but Michelle reminds her that it was definitely the 22nd, because that was the morning when Richard got his puppy. Michelle tells her friend Rebecca about her concerns about Nick’s feelings, and Rebecca advises her to talk to Nick about it.
Meanwhile, Nick has actually told a mutual friend, James, about his relationship with Michelle. He tells James that he is so excited about the relationship that he is terrified of telling people in case the pressure makes him mess everything up. Rebecca walks in and overhears the conversation, finding out Nick’s real reason for keeping the relationship secret. While she thinks it is sweet, she is also annoyed at him for not being honest with Michelle, because the reason he gave Michelle is causing her anxiety. She then gets angry with James for being in on Nick’s lie.
Rebecca realizes that she can get Nick and James to tell Michelle the truth by threatening to tell Michelle’s big brother, Richard. Richard is very protective of Michelle and Rebecca points out that he will be very angry if he finds out what Rebecca knows about Nick lying to Michelle and James protecting Nick. Rebecca promises to tell Richard if the two of them don’t sort out the situation. She thinks to herself with satisfaction that they will tell Michelle without her having to intervene any further.",implicit,mental,3,"Rebecca: You know she’s worried sick that you’re not telling people just because you’re not really into her?Nick: What, that’s what she thinks? I had no idea, that’s crazy!","Rebecca: You know she’s worried that you don’t really like her enough to tell people you’re together?Nick: I know she’s worried about that, but I have no idea what to do about it!",a,-2.408203125,-2.140625,-137.25,-121.9375,"tensor(-5.2891, dtype=torch.float16);tensor(0., dtype=torch.float16);tensor(0., dtype=torch.float16);tensor(-7.5859, dtype=torch.float16);tensor(-3.2422, dtype=torch.float16);tensor(-2.3906, dtype=torch.float16);tensor(-6.0703, dtype=torch.float16);tensor(-0.7656, dtype=torch.float16);tensor(-0.0469, dtype=torch.float16);tensor(-4.4375, dtype=torch.float16);tensor(0., dtype=torch.float16);tensor(-0.2656, dtype=torch.float16);tensor(-2.3672, dtype=torch.float16);tensor(-0.1562, dtype=torch.float16);tensor(-3.3281, dtype=torch.float16);tensor(-0.0156, dtype=torch.float16);tensor(-0.1719, dtype=torch.float16);tensor(-2.1406, dtype=torch.float16);tensor(-0.4219, dtype=torch.float16);tensor(-9.2266, dtype=torch.float16);tensor(-0.0781, dtype=torch.float16);tensor(-0.2188, dtype=torch.float16);tensor(-0.7188, dtype=torch.float16);tensor(0., dtype=torch.float16);tensor(-4.9297, dtype=torch.float16);tensor(-8.9688, dtype=torch.float16);tensor(-0.4062, dtype=torch.float16);tensor(0., dtype=torch.float16);tensor(-4.6484, dtype=torch.float16);tensor(-18.0156, dtype=torch.float16);tensor(-2.5234, dtype=torch.float16);tensor(0., dtype=torch.float16);tensor(-0.0469, dtype=torch.float16);tensor(-0.7656, dtype=torch.float16);tensor(-5.2266, dtype=torch.float16);tensor(-5.6406, dtype=torch.float16);tensor(-1.9531, dtype=torch.float16);tensor(0., dtype=torch.float16);tensor(-4.1562, dtype=torch.float16);tensor(-2.4375, dtype=torch.float16);tensor(-1.2969, dtype=torch.float16);tensor(-0.0156, dtype=torch.float16);tensor(-2.0625, dtype=torch.float16);tensor(-2.6641, dtype=torch.float16);tensor(-0.1562, dtype=torch.float16);tensor(-0.0156, dtype=torch.float16);tensor(-3.2891, dtype=torch.float16);tensor(-4.2891, dtype=torch.float16);tensor(-0.1406, dtype=torch.float16);tensor(0., dtype=torch.float16);tensor(-1.0938, dtype=torch.float16);tensor(0., dtype=torch.float16);tensor(-0.8359, dtype=torch.float16);tensor(-5.6250, dtype=torch.float16);tensor(-1.2656, dtype=torch.float16);tensor(-0.0781, dtype=torch.float16);tensor(-5.7461, dtype=torch.float16)","tensor(-5.2891, dtype=torch.float16);tensor(0., dtype=torch.float16);tensor(0., dtype=torch.float16);tensor(-7.5859, dtype=torch.float16);tensor(-3.2422, dtype=torch.float16);tensor(-2.3906, dtype=torch.float16);tensor(-6.0703, dtype=torch.float16);tensor(-0.7656, dtype=torch.float16);tensor(-0.0469, dtype=torch.float16);tensor(-4.4375, dtype=torch.float16);tensor(0., dtype=torch.float16);tensor(-2.7891, dtype=torch.float16);tensor(-0.2031, dtype=torch.float16);tensor(-0.1094, dtype=torch.float16);tensor(0., dtype=torch.float16);tensor(0., dtype=torch.float16);tensor(-2.6562, dtype=torch.float16);tensor(-0.0781, dtype=torch.float16);tensor(0., dtype=torch.float16);tensor(-8.5469, dtype=torch.float16);tensor(-0.4219, dtype=torch.float16);tensor(-0.1406, dtype=torch.float16);tensor(-0.3750, dtype=torch.float16);tensor(-5.2812, dtype=torch.float16);tensor(-0.1094, dtype=torch.float16);tensor(0., dtype=torch.float16);tensor(-1.0781, dtype=torch.float16);tensor(-3.7266, dtype=torch.float16);tensor(-17.7500, dtype=torch.float16);tensor(-2.1094, dtype=torch.float16);tensor(0., dtype=torch.float16);tensor(-0.0469, dtype=torch.float16);tensor(-4.1406, dtype=torch.float16);tensor(-0.7812, dtype=torch.float16);tensor(-3.3281, dtype=torch.float16);tensor(-1.7500, dtype=torch.float16);tensor(0., dtype=torch.float16);tensor(-0.9766, dtype=torch.float16);tensor(0., dtype=torch.float16);tensor(-0.7812, dtype=torch.float16);tensor(-0.1250, dtype=torch.float16);tensor(-1.0625, dtype=torch.float16);tensor(-0.2500, dtype=torch.float16);tensor(-0.4375, dtype=torch.float16);tensor(-4.2656, dtype=torch.float16);tensor(-5.9219, dtype=torch.float16);tensor(-0.8281, dtype=torch.float16);tensor(-2.5156, dtype=torch.float16);tensor(-1.0469, dtype=torch.float16);tensor(-0.8125, dtype=torch.float16);tensor(-0.5625, dtype=torch.float16);tensor(0., dtype=torch.float16);tensor(-3.7578, dtype=torch.float16);tensor(-6.9531, dtype=torch.float16);tensor(-0.7891, dtype=torch.float16);tensor(-0.1328, dtype=torch.float16);tensor(-5.4961, dtype=torch.float16)",epitome_rm
2,Michelle & Nick,explicit,"Nick and Michelle, who have been friends for a very long time, started dating recently, on November 22nd. They were at a beautiful pre-Thanksgiving wedding, and Nick had managed to get tipsy before the ceremony, so they went for a walk in the afternoon to help him walk it off. When they got back from the walk, Nick asked Michelle if she’d consider dating him, and she said yes.
Michelle is really crazy about Nick, but she is worried that he doesn’t feel the same, because he doesn’t want them to break the news to all their friends. Although Nick has told her that he feels it’s too early to tell people, she is worried that he doesn’t want to tell people because he actually doesn’t like her all that much.
Michelle tells her friend Rebecca about the relationship and about how she and Nick started dating. She and Rebecca argue over some of the details – Rebecca thought the wedding was after Thanksgiving, on November 29th, but Michelle reminds her that it was definitely the 22nd, because that was the morning when Richard got his puppy. Michelle tells her friend Rebecca about her concerns about Nick’s feelings, and Rebecca advises her to talk to Nick about it.
Meanwhile, Nick has actually told a mutual friend, James, about his relationship with Michelle. He tells James that he is so excited about the relationship that he is terrified of telling people in case the pressure makes him mess everything up. Rebecca walks in and overhears the conversation, finding out Nick’s real reason for keeping the relationship secret. While she thinks it is sweet, she is also annoyed at him for not being honest with Michelle, because the reason he gave Michelle is causing her anxiety. She then gets angry with James for being in on Nick’s lie.
Rebecca realizes that she can get Nick and James to tell Michelle the truth by threatening to tell Michelle’s big brother, Richard. Richard is very protective of Michelle and Rebecca points out that he will be very angry if he finds out what Rebecca knows about Nick lying to Michelle and James protecting Nick. Rebecca promises to tell Richard if the two of them don’t sort out the situation. She thinks to herself with satisfaction that they will tell Michelle without her having to intervene any further.",implicit,mental,4,"James: So Nick wants to keep Michelle believing that he thinks it’s too early to tell people, even though he’s really just scared to tell people because it
will put pressure on the relationship.",James: So Nick’s going to just keep letting her believe that he thinks it’s too early to tell people? That’s insane – why didn’t he tell me this? I would have told him it was a dumb plan.,a,-2.5234375,-2.650390625,-123.6875,-148.375,"tensor(-8.8750, dtype=torch.float16);tensor(-7.5469, dtype=torch.float16);tensor(-5.1953, dtype=torch.float16);tensor(-2.8125, dtype=torch.float16);tensor(-5.0625, dtype=torch.float16);tensor(-0.3281, dtype=torch.float16);tensor(-0.1406, dtype=torch.float16);tensor(-12.8359, dtype=torch.float16);tensor(0., dtype=torch.float16);tensor(-9.6875, dtype=torch.float16);tensor(0., dtype=torch.float16);tensor(-0.5000, dtype=torch.float16);tensor(-0.0938, dtype=torch.float16);tensor(-6.6875, dtype=torch.float16);tensor(-0.3438, dtype=torch.float16);tensor(-0.2031, dtype=torch.float16);tensor(0., dtype=torch.float16);tensor(0., dtype=torch.float16);tensor(-0.0312, dtype=torch.float16);tensor(-0.0312, dtype=torch.float16);tensor(-0.0156, dtype=torch.float16);tensor(-0.1562, dtype=torch.float16);tensor(-2.1562, dtype=torch.float16);tensor(-3.6172, dtype=torch.float16);tensor(-0.0156, dtype=torch.float16);tensor(-0.3438, dtype=torch.float16);tensor(-1.0312, dtype=torch.float16);tensor(0., dtype=torch.float16);tensor(-2.0234, dtype=torch.float16);tensor(-5.4219, dtype=torch.float16);tensor(-0.6719, dtype=torch.float16);tensor(0., dtype=torch.float16);tensor(-2.1406, dtype=torch.float16);tensor(-1.6875, dtype=torch.float16);tensor(-0.3281, dtype=torch.float16);tensor(-2.0469, dtype=torch.float16);tensor(-4.0859, dtype=torch.float16);tensor(-11.3906, dtype=torch.float16);tensor(-6.3438, dtype=torch.float16);tensor(-1.4531, dtype=torch.float16);tensor(-0.6562, dtype=torch.float16);tensor(0., dtype=torch.float16);tensor(-0.5000, dtype=torch.float16);tensor(0., dtype=torch.float16);tensor(-0.9531, dtype=torch.float16);tensor(-9.2500, dtype=torch.float16);tensor(-0.4766, dtype=torch.float16);tensor(-0.3047, dtype=torch.float16);tensor(-6.2305, dtype=torch.float16)","tensor(-8.8750, dtype=torch.float16);tensor(-7.5469, dtype=torch.float16);tensor(-5.1953, dtype=torch.float16);tensor(-2.8125, dtype=torch.float16);tensor(-3.9688, dtype=torch.float16);tensor(0., dtype=torch.float16);tensor(-5.6484, dtype=torch.float16);tensor(-0.0469, dtype=torch.float16);tensor(-9., dtype=torch.float16);tensor(-0.8281, dtype=torch.float16);tensor(-6.1953, dtype=torch.float16);tensor(-4.4062, dtype=torch.float16);tensor(-4.4766, dtype=torch.float16);tensor(-0.5625, dtype=torch.float16);tensor(-0.0938, dtype=torch.float16);tensor(-9.2578, dtype=torch.float16);tensor(-0.5938, dtype=torch.float16);tensor(-0.0156, dtype=torch.float16);tensor(0., dtype=torch.float16);tensor(0., dtype=torch.float16);tensor(-0.0156, dtype=torch.float16);tensor(-0.1719, dtype=torch.float16);tensor(0., dtype=torch.float16);tensor(-0.0781, dtype=torch.float16);tensor(-0.2656, dtype=torch.float16);tensor(-3.0859, dtype=torch.float16);tensor(-0.2188, dtype=torch.float16);tensor(0., dtype=torch.float16);tensor(-4.8906, dtype=torch.float16);tensor(-0.0469, dtype=torch.float16);tensor(-5.2969, dtype=torch.float16);tensor(-3.0234, dtype=torch.float16);tensor(-3.1328, dtype=torch.float16);tensor(-0.0156, dtype=torch.float16);tensor(0., dtype=torch.float16);tensor(-0.6875, dtype=torch.float16);tensor(-5.4609, dtype=torch.float16);tensor(-8.7656, dtype=torch.float16);tensor(-3.3672, dtype=torch.float16);tensor(-1.6094, dtype=torch.float16);tensor(-4.7109, dtype=torch.float16);tensor(-3.0938, dtype=torch.float16);tensor(-0.2188, dtype=torch.float16);tensor(-0.9219, dtype=torch.float16);tensor(-0.7031, dtype=torch.float16);tensor(-2.1406, dtype=torch.float16);tensor(-0.8438, dtype=torch.float16);tensor(-0.6250, dtype=torch.float16);tensor(-2.0859, dtype=torch.float16);tensor(0., dtype=torch.float16);tensor(-5.0469, dtype=torch.float16);tensor(-0.7031, dtype=torch.float16);tensor(-9.5469, dtype=torch.float16);tensor(-1.8047, dtype=torch.float16);tensor(-0.2031, dtype=torch.float16);tensor(-6.0664, dtype=torch.float16)",epitome_rm
2,Michelle & Nick,explicit,"Nick and Michelle, who have been friends for a very long time, started dating recently, on November 22nd. They were at a beautiful pre-Thanksgiving wedding, and Nick had managed to get tipsy before the ceremony, so they went for a walk in the afternoon to help him walk it off. When they got back from the walk, Nick asked Michelle if she’d consider dating him, and she said yes.
Michelle is really crazy about Nick, but she is worried that he doesn’t feel the same, because he doesn’t want them to break the news to all their friends. Although Nick has told her that he feels it’s too early to tell people, she is worried that he doesn’t want to tell people because he actually doesn’t like her all that much.
Michelle tells her friend Rebecca about the relationship and about how she and Nick started dating. She and Rebecca argue over some of the details – Rebecca thought the wedding was after Thanksgiving, on November 29th, but Michelle reminds her that it was definitely the 22nd, because that was the morning when Richard got his puppy. Michelle tells her friend Rebecca about her concerns about Nick’s feelings, and Rebecca advises her to talk to Nick about it.
Meanwhile, Nick has actually told a mutual friend, James, about his relationship with Michelle. He tells James that he is so excited about the relationship that he is terrified of telling people in case the pressure makes him mess everything up. Rebecca walks in and overhears the conversation, finding out Nick’s real reason for keeping the relationship secret. While she thinks it is sweet, she is also annoyed at him for not being honest with Michelle, because the reason he gave Michelle is causing her anxiety. She then gets angry with James for being in on Nick’s lie.
Rebecca realizes that she can get Nick and James to tell Michelle the truth by threatening to tell Michelle’s big brother, Richard. Richard is very protective of Michelle and Rebecca points out that he will be very angry if he finds out what Rebecca knows about Nick lying to Michelle and James protecting Nick. Rebecca promises to tell Richard if the two of them don’t sort out the situation. She thinks to herself with satisfaction that they will tell Michelle without her having to intervene any further.",implicit,mental,5,"Rebecca: So Nick, idiot that he is, is going to keep letting Michelle believe that he
thinks it’s too soon to tell people! And James knew about this dumb plan, and did nothing about it!","Rebecca: So Nick, idiot that he is, is going to keep letting Michelle believe that he thinks it’s too soon to tell people! No...no...I don’t think James knew about it.",a,-2.67578125,-2.744140625,-144.5,-140.0,"tensor(-5.2812, dtype=torch.float16);tensor(0., dtype=torch.float16);tensor(0., dtype=torch.float16);tensor(-7.5781, dtype=torch.float16);tensor(-4.3359, dtype=torch.float16);tensor(-3.4141, dtype=torch.float16);tensor(-0.2188, dtype=torch.float16);tensor(-14.7188, dtype=torch.float16);tensor(-0.3281, dtype=torch.float16);tensor(-1.1016, dtype=torch.float16);tensor(-0.0938, dtype=torch.float16);tensor(0., dtype=torch.float16);tensor(-0.0312, dtype=torch.float16);tensor(-1.5547, dtype=torch.float16);tensor(-2.0547, dtype=torch.float16);tensor(0., dtype=torch.float16);tensor(-7.0703, dtype=torch.float16);tensor(-6.6562, dtype=torch.float16);tensor(-2.5156, dtype=torch.float16);tensor(0., dtype=torch.float16);tensor(-2.8281, dtype=torch.float16);tensor(-0.5312, dtype=torch.float16);tensor(-0.0312, dtype=torch.float16);tensor(-10.8281, dtype=torch.float16);tensor(-5.8984, dtype=torch.float16);tensor(0., dtype=torch.float16);tensor(-1.2031, dtype=torch.float16);tensor(-0.2656, dtype=torch.float16);tensor(0., dtype=torch.float16);tensor(0., dtype=torch.float16);tensor(-3.6875, dtype=torch.float16);tensor(-0.0156, dtype=torch.float16);tensor(-0.0156, dtype=torch.float16);tensor(-0.2656, dtype=torch.float16);tensor(-8.6875, dtype=torch.float16);tensor(-1.8203, dtype=torch.float16);tensor(-0.4844, dtype=torch.float16);tensor(-8.6797, dtype=torch.float16);tensor(-0.5781, dtype=torch.float16);tensor(-1.6406, dtype=torch.float16);tensor(-10., dtype=torch.float16);tensor(-0.4844, dtype=torch.float16);tensor(-0.4531, dtype=torch.float16);tensor(-3.1875, dtype=torch.float16);tensor(-0.7812, dtype=torch.float16);tensor(-2.2500, dtype=torch.float16);tensor(-0.0625, dtype=torch.float16);tensor(-3.8281, dtype=torch.float16);tensor(0., dtype=torch.float16);tensor(-0.6562, dtype=torch.float16);tensor(-6.4766, dtype=torch.float16);tensor(-4.8828, dtype=torch.float16);tensor(-0.3359, dtype=torch.float16);tensor(-6.6328, dtype=torch.float16)","tensor(-5.2812, dtype=torch.float16);tensor(0., dtype=torch.float16);tensor(0., dtype=torch.float16);tensor(-7.5781, dtype=torch.float16);tensor(-4.3359, dtype=torch.float16);tensor(-3.4141, dtype=torch.float16);tensor(-0.2188, dtype=torch.float16);tensor(-14.7188, dtype=torch.float16);tensor(-0.3281, dtype=torch.float16);tensor(-1.1016, dtype=torch.float16);tensor(-0.0938, dtype=torch.float16);tensor(0., dtype=torch.float16);tensor(-0.0312, dtype=torch.float16);tensor(-1.5547, dtype=torch.float16);tensor(-2.0547, dtype=torch.float16);tensor(0., dtype=torch.float16);tensor(-7.0703, dtype=torch.float16);tensor(-6.6562, dtype=torch.float16);tensor(-2.5156, dtype=torch.float16);tensor(0., dtype=torch.float16);tensor(-2.8281, dtype=torch.float16);tensor(-0.5312, dtype=torch.float16);tensor(-0.0312, dtype=torch.float16);tensor(-7.2969, dtype=torch.float16);tensor(-0.7031, dtype=torch.float16);tensor(-0.1406, dtype=torch.float16);tensor(0., dtype=torch.float16);tensor(0., dtype=torch.float16);tensor(-3.7656, dtype=torch.float16);tensor(-0.0156, dtype=torch.float16);tensor(-0.0156, dtype=torch.float16);tensor(-0.2500, dtype=torch.float16);tensor(-8.4297, dtype=torch.float16);tensor(-6.2109, dtype=torch.float16);tensor(-9.7266, dtype=torch.float16);tensor(-2.6172, dtype=torch.float16);tensor(-0.3672, dtype=torch.float16);tensor(-2.8750, dtype=torch.float16);tensor(-3.2500, dtype=torch.float16);tensor(-0.5156, dtype=torch.float16);tensor(0., dtype=torch.float16);tensor(-0.3594, dtype=torch.float16);tensor(-6.8672, dtype=torch.float16);tensor(-6.2656, dtype=torch.float16);tensor(-2.1562, dtype=torch.float16);tensor(-2.4141, dtype=torch.float16);tensor(-1.9844, dtype=torch.float16);tensor(-5.6094, dtype=torch.float16);tensor(-2.1406, dtype=torch.float16);tensor(-0.2422, dtype=torch.float16);tensor(-5.4219, dtype=torch.float16)",epitome_rm
2,Michelle & Nick,explicit,"Nick and Michelle, who have been friends for a very long time, started dating recently, on November 22nd. They were at a beautiful pre-Thanksgiving wedding, and Nick had managed to get tipsy before the ceremony, so they went for a walk in the afternoon to help him walk it off. When they got back from the walk, Nick asked Michelle if she’d consider dating him, and she said yes.
Michelle is really crazy about Nick, but she is worried that he doesn’t feel the same, because he doesn’t want them to break the news to all their friends. Although Nick has told her that he feels it’s too early to tell people, she is worried that he doesn’t want to tell people because he actually doesn’t like her all that much.
Michelle tells her friend Rebecca about the relationship and about how she and Nick started dating. She and Rebecca argue over some of the details – Rebecca thought the wedding was after Thanksgiving, on November 29th, but Michelle reminds her that it was definitely the 22nd, because that was the morning when Richard got his puppy. Michelle tells her friend Rebecca about her concerns about Nick’s feelings, and Rebecca advises her to talk to Nick about it.
Meanwhile, Nick has actually told a mutual friend, James, about his relationship with Michelle. He tells James that he is so excited about the relationship that he is terrified of telling people in case the pressure makes him mess everything up. Rebecca walks in and overhears the conversation, finding out Nick’s real reason for keeping the relationship secret. While she thinks it is sweet, she is also annoyed at him for not being honest with Michelle, because the reason he gave Michelle is causing her anxiety. She then gets angry with James for being in on Nick’s lie.
Rebecca realizes that she can get Nick and James to tell Michelle the truth by threatening to tell Michelle’s big brother, Richard. Richard is very protective of Michelle and Rebecca points out that he will be very angry if he finds out what Rebecca knows about Nick lying to Michelle and James protecting Nick. Rebecca promises to tell Richard if the two of them don’t sort out the situation. She thinks to herself with satisfaction that they will tell Michelle without her having to intervene any further.",implicit,mental,6,"Rebecca: So James, you’ve been protecting Nick even though he’s lying to Michelle by saying that he thinks it’s too early to tell people? You know
that Richard would be furious if he found out what I’ve just heard?James: No, please don’t tell him! Nick, you’ll set this straight, right?","Rebecca: So James, you’ve been protecting Nick even though he’s lying to Michelle by saying that he thinks it’s too early to tell people? You know that Richard would be furious if he found out what I’ve just heard?James: Pfft, Richard won’t care about that.",a,-2.419921875,-2.21875,-203.25,-166.375,"tensor(-5.2812, dtype=torch.float16);tensor(0., dtype=torch.float16);tensor(0., dtype=torch.float16);tensor(-7.5781, dtype=torch.float16);tensor(-4.3359, dtype=torch.float16);tensor(-3.8125, dtype=torch.float16);tensor(-0.1562, dtype=torch.float16);tensor(-1.4297, dtype=torch.float16);tensor(-1.9375, dtype=torch.float16);tensor(-2.0469, dtype=torch.float16);tensor(-1.1562, dtype=torch.float16);tensor(-5.9453, dtype=torch.float16);tensor(0., dtype=torch.float16);tensor(-0.1406, dtype=torch.float16);tensor(-6.7578, dtype=torch.float16);tensor(-0.0625, dtype=torch.float16);tensor(-0.1406, dtype=torch.float16);tensor(-0.5312, dtype=torch.float16);tensor(0., dtype=torch.float16);tensor(-2.4609, dtype=torch.float16);tensor(-0.0312, dtype=torch.float16);tensor(-0.2500, dtype=torch.float16);tensor(0., dtype=torch.float16);tensor(-7.6719, dtype=torch.float16);tensor(-2.1328, dtype=torch.float16);tensor(-2.0156, dtype=torch.float16);tensor(-0.2031, dtype=torch.float16);tensor(-7.3203, dtype=torch.float16);tensor(-0.2656, dtype=torch.float16);tensor(-0.0156, dtype=torch.float16);tensor(0., dtype=torch.float16);tensor(0., dtype=torch.float16);tensor(-0.0156, dtype=torch.float16);tensor(-0.0312, dtype=torch.float16);tensor(-0.0156, dtype=torch.float16);tensor(-0.1406, dtype=torch.float16);tensor(-0.6562, dtype=torch.float16);tensor(-2.9844, dtype=torch.float16);tensor(-2.0156, dtype=torch.float16);tensor(-11.5391, dtype=torch.float16);tensor(-3.2422, dtype=torch.float16);tensor(-5.2578, dtype=torch.float16);tensor(-1.1484, dtype=torch.float16);tensor(-1.1562, dtype=torch.float16);tensor(-1.4219, dtype=torch.float16);tensor(0., dtype=torch.float16);tensor(-0.1719, dtype=torch.float16);tensor(-0.0156, dtype=torch.float16);tensor(-0.6094, dtype=torch.float16);tensor(0., dtype=torch.float16);tensor(-4.1172, dtype=torch.float16);tensor(-2.4297, dtype=torch.float16);tensor(-4.3828, dtype=torch.float16);tensor(-0.1875, dtype=torch.float16);tensor(-1.6406, dtype=torch.float16);tensor(-2.8750, dtype=torch.float16);tensor(-1.1875, dtype=torch.float16);tensor(-18.8750, dtype=torch.float16);tensor(-7.1250, dtype=torch.float16);tensor(-0.0469, dtype=torch.float16);tensor(-4.0703, dtype=torch.float16);tensor(-0.6484, dtype=torch.float16);tensor(-6.3125, dtype=torch.float16);tensor(-1.3125, dtype=torch.float16);tensor(-0.0156, dtype=torch.float16);tensor(0., dtype=torch.float16);tensor(-0.1875, dtype=torch.float16);tensor(-0.7500, dtype=torch.float16);tensor(-0.8438, dtype=torch.float16);tensor(-3.6719, dtype=torch.float16);tensor(-6.4453, dtype=torch.float16);tensor(-1.5859, dtype=torch.float16);tensor(-2.0078, dtype=torch.float16);tensor(-4.5000, dtype=torch.float16);tensor(-9.2500, dtype=torch.float16);tensor(-7.8750, dtype=torch.float16);tensor(-0.3125, dtype=torch.float16);tensor(-1.7031, dtype=torch.float16);tensor(-0.5781, dtype=torch.float16);tensor(0., dtype=torch.float16);tensor(-8.0781, dtype=torch.float16);tensor(-0.7188, dtype=torch.float16);tensor(-0.3594, dtype=torch.float16);tensor(-5.0938, dtype=torch.float16)","tensor(-5.2812, dtype=torch.float16);tensor(0., dtype=torch.float16);tensor(0., dtype=torch.float16);tensor(-7.5781, dtype=torch.float16);tensor(-4.3359, dtype=torch.float16);tensor(-3.8125, dtype=torch.float16);tensor(-0.1562, dtype=torch.float16);tensor(-1.4297, dtype=torch.float16);tensor(-1.9375, dtype=torch.float16);tensor(-2.0469, dtype=torch.float16);tensor(-1.1562, dtype=torch.float16);tensor(-5.9453, dtype=torch.float16);tensor(0., dtype=torch.float16);tensor(-0.1406, dtype=torch.float16);tensor(-6.7578, dtype=torch.float16);tensor(-0.0625, dtype=torch.float16);tensor(-0.1406, dtype=torch.float16);tensor(-0.5312, dtype=torch.float16);tensor(0., dtype=torch.float16);tensor(-2.4609, dtype=torch.float16);tensor(-0.0312, dtype=torch.float16);tensor(-0.2500, dtype=torch.float16);tensor(0., dtype=torch.float16);tensor(-7.6719, dtype=torch.float16);tensor(-2.1328, dtype=torch.float16);tensor(-2.0156, dtype=torch.float16);tensor(-0.2031, dtype=torch.float16);tensor(-7.3203, dtype=torch.float16);tensor(-0.2656, dtype=torch.float16);tensor(-0.0156, dtype=torch.float16);tensor(0., dtype=torch.float16);tensor(0., dtype=torch.float16);tensor(-0.0156, dtype=torch.float16);tensor(-0.0312, dtype=torch.float16);tensor(-0.0156, dtype=torch.float16);tensor(-0.1406, dtype=torch.float16);tensor(-0.6562, dtype=torch.float16);tensor(-2.9844, dtype=torch.float16);tensor(-2.0156, dtype=torch.float16);tensor(-1.8281, dtype=torch.float16);tensor(-6.2266, dtype=torch.float16);tensor(-1.1250, dtype=torch.float16);tensor(-1.1562, dtype=torch.float16);tensor(-1.4297, dtype=torch.float16);tensor(0., dtype=torch.float16);tensor(-0.1875, dtype=torch.float16);tensor(-0.0156, dtype=torch.float16);tensor(-0.5781, dtype=torch.float16);tensor(0., dtype=torch.float16);tensor(-4.3203, dtype=torch.float16);tensor(-2.3125, dtype=torch.float16);tensor(-4.4453, dtype=torch.float16);tensor(-0.1094, dtype=torch.float16);tensor(-1.8906, dtype=torch.float16);tensor(-2.8438, dtype=torch.float16);tensor(-1.6562, dtype=torch.float16);tensor(-18.2188, dtype=torch.float16);tensor(-6.8203, dtype=torch.float16);tensor(-0.0312, dtype=torch.float16);tensor(-9.2969, dtype=torch.float16);tensor(-3.0625, dtype=torch.float16);tensor(-0.1562, dtype=torch.float16);tensor(-0.2109, dtype=torch.float16);tensor(-3.0781, dtype=torch.float16);tensor(-3.2969, dtype=torch.float16);tensor(-0.0156, dtype=torch.float16);tensor(0., dtype=torch.float16);tensor(-3.1875, dtype=torch.float16);tensor(-4.2188, dtype=torch.float16);tensor(-0.7812, dtype=torch.float16);tensor(-0.4062, dtype=torch.float16);tensor(-7.7969, dtype=torch.float16);tensor(-0.3438, dtype=torch.float16);tensor(-0.0703, dtype=torch.float16);tensor(-5.7070, dtype=torch.float16)",epitome_rm
2,Michelle & Nick,explicit,"Nick and Michelle, who have been friends for a very long time, started dating recently, on November 22nd. They were at a beautiful pre-Thanksgiving wedding, and Nick had managed to get tipsy before the ceremony, so they went for a walk in the afternoon to help him walk it off. When they got back from the walk, Nick asked Michelle if she’d consider dating him, and she said yes.
Michelle is really crazy about Nick, but she is worried that he doesn’t feel the same, because he doesn’t want them to break the news to all their friends. Although Nick has told her that he feels it’s too early to tell people, she is worried that he doesn’t want to tell people because he actually doesn’t like her all that much.
Michelle tells her friend Rebecca about the relationship and about how she and Nick started dating. She and Rebecca argue over some of the details – Rebecca thought the wedding was after Thanksgiving, on November 29th, but Michelle reminds her that it was definitely the 22nd, because that was the morning when Richard got his puppy. Michelle tells her friend Rebecca about her concerns about Nick’s feelings, and Rebecca advises her to talk to Nick about it.
Meanwhile, Nick has actually told a mutual friend, James, about his relationship with Michelle. He tells James that he is so excited about the relationship that he is terrified of telling people in case the pressure makes him mess everything up. Rebecca walks in and overhears the conversation, finding out Nick’s real reason for keeping the relationship secret. While she thinks it is sweet, she is also annoyed at him for not being honest with Michelle, because the reason he gave Michelle is causing her anxiety. She then gets angry with James for being in on Nick’s lie.
Rebecca realizes that she can get Nick and James to tell Michelle the truth by threatening to tell Michelle’s big brother, Richard. Richard is very protective of Michelle and Rebecca points out that he will be very angry if he finds out what Rebecca knows about Nick lying to Michelle and James protecting Nick. Rebecca promises to tell Richard if the two of them don’t sort out the situation. She thinks to herself with satisfaction that they will tell Michelle without her having to intervene any further.",implicit,mental,7,"Rebecca: So I’m thinking this evening, I’m going to give Richard a call, and tell him all that I’ve just heard about James, knowing that Nick has no intentions of letting Michelle know that he actually doesn’t want to tell
people because he’s scared, and James doing nothing about it.","Rebecca: Haha, so then I told them that I was going to call Richard and tell him that James was protecting Nick in all his lies to Michelle – but I scared them so much that I don’t have to do a thing.",b,-2.58203125,-2.650390625,-149.75,-201.375,"tensor(-5.2812, dtype=torch.float16);tensor(0., dtype=torch.float16);tensor(0., dtype=torch.float16);tensor(-7.5781, dtype=torch.float16);tensor(-7.9023, dtype=torch.float16);tensor(-1.1562, dtype=torch.float16);tensor(-0.7969, dtype=torch.float16);tensor(-4.4922, dtype=torch.float16);tensor(-9.7656, dtype=torch.float16);tensor(-0.9453, dtype=torch.float16);tensor(-2.3984, dtype=torch.float16);tensor(-0.3750, dtype=torch.float16);tensor(-1.2812, dtype=torch.float16);tensor(-0.7969, dtype=torch.float16);tensor(-2.6875, dtype=torch.float16);tensor(-0.4688, dtype=torch.float16);tensor(0., dtype=torch.float16);tensor(-7.5469, dtype=torch.float16);tensor(-0.4062, dtype=torch.float16);tensor(-0.5156, dtype=torch.float16);tensor(-0.3750, dtype=torch.float16);tensor(-0.0156, dtype=torch.float16);tensor(-3.8125, dtype=torch.float16);tensor(-9.1250, dtype=torch.float16);tensor(-1.2656, dtype=torch.float16);tensor(-2.5469, dtype=torch.float16);tensor(0., dtype=torch.float16);tensor(-0.2812, dtype=torch.float16);tensor(-6.1094, dtype=torch.float16);tensor(-4.9062, dtype=torch.float16);tensor(-1.0625, dtype=torch.float16);tensor(-0.3750, dtype=torch.float16);tensor(-2., dtype=torch.float16);tensor(-0.1406, dtype=torch.float16);tensor(0., dtype=torch.float16);tensor(-5.8359, dtype=torch.float16);tensor(-5.1328, dtype=torch.float16);tensor(-1.6094, dtype=torch.float16);tensor(-11.1875, dtype=torch.float16);tensor(-1.9531, dtype=torch.float16);tensor(-0.2656, dtype=torch.float16);tensor(-1.5234, dtype=torch.float16);tensor(-0.2031, dtype=torch.float16);tensor(-0.2031, dtype=torch.float16);tensor(-4.4844, dtype=torch.float16);tensor(-3.8438, dtype=torch.float16);tensor(-0.0312, dtype=torch.float16);tensor(0., dtype=torch.float16);tensor(-1.6406, dtype=torch.float16);tensor(0., dtype=torch.float16);tensor(-0.8594, dtype=torch.float16);tensor(-8.2344, dtype=torch.float16);tensor(-0.0156, dtype=torch.float16);tensor(-0.9688, dtype=torch.float16);tensor(-8.3125, dtype=torch.float16);tensor(-0.1406, dtype=torch.float16);tensor(-0.5312, dtype=torch.float16);tensor(-6.3203, dtype=torch.float16)","tensor(-5.2812, dtype=torch.float16);tensor(0., dtype=torch.float16);tensor(0., dtype=torch.float16);tensor(-7.5781, dtype=torch.float16);tensor(-4.3359, dtype=torch.float16);tensor(-3.9375, dtype=torch.float16);tensor(-1.5547, dtype=torch.float16);tensor(-0.5156, dtype=torch.float16);tensor(-3.1172, dtype=torch.float16);tensor(-4.4297, dtype=torch.float16);tensor(-4.5312, dtype=torch.float16);tensor(-0.5625, dtype=torch.float16);tensor(-2.5547, dtype=torch.float16);tensor(-0.3281, dtype=torch.float16);tensor(-0.9844, dtype=torch.float16);tensor(-0.6562, dtype=torch.float16);tensor(-0.0156, dtype=torch.float16);tensor(-4.5234, dtype=torch.float16);tensor(-2.2578, dtype=torch.float16);tensor(-0.2734, dtype=torch.float16);tensor(-0.5469, dtype=torch.float16);tensor(-1.8906, dtype=torch.float16);tensor(-0.6094, dtype=torch.float16);tensor(-2.3047, dtype=torch.float16);tensor(-0.0156, dtype=torch.float16);tensor(-2.7891, dtype=torch.float16);tensor(-5.5312, dtype=torch.float16);tensor(-0.8672, dtype=torch.float16);tensor(-5.6641, dtype=torch.float16);tensor(-0.0156, dtype=torch.float16);tensor(-3.5391, dtype=torch.float16);tensor(-0.7656, dtype=torch.float16);tensor(-3.4922, dtype=torch.float16);tensor(-9.9844, dtype=torch.float16);tensor(-3.1406, dtype=torch.float16);tensor(-9.3828, dtype=torch.float16);tensor(-0.6094, dtype=torch.float16);tensor(-3.4688, dtype=torch.float16);tensor(-3.4688, dtype=torch.float16);tensor(-5.0781, dtype=torch.float16);tensor(-9.7109, dtype=torch.float16);tensor(-0.0156, dtype=torch.float16);tensor(-0.1406, dtype=torch.float16);tensor(-5.0469, dtype=torch.float16);tensor(-1.3281, dtype=torch.float16);tensor(0., dtype=torch.float16);tensor(-0.3750, dtype=torch.float16);tensor(-2.1953, dtype=torch.float16);tensor(-0.3594, dtype=torch.float16);tensor(-4.0234, dtype=torch.float16);tensor(-4.4375, dtype=torch.float16);tensor(-0.0625, dtype=torch.float16);tensor(0., dtype=torch.float16);tensor(-0.2812, dtype=torch.float16);tensor(-0.0938, dtype=torch.float16);tensor(-0.1094, dtype=torch.float16);tensor(-12.3594, dtype=torch.float16);tensor(-10.9219, dtype=torch.float16);tensor(-1.3750, dtype=torch.float16);tensor(-0.0938, dtype=torch.float16);tensor(-0.4688, dtype=torch.float16);tensor(0., dtype=torch.float16);tensor(-0.5625, dtype=torch.float16);tensor(0., dtype=torch.float16);tensor(-3.4219, dtype=torch.float16);tensor(-0.6797, dtype=torch.float16);tensor(-1.1172, dtype=torch.float16);tensor(-10.4141, dtype=torch.float16);tensor(-3.5859, dtype=torch.float16);tensor(-1.3281, dtype=torch.float16);tensor(-0.0781, dtype=torch.float16);tensor(-0.7188, dtype=torch.float16);tensor(-8.3359, dtype=torch.float16);tensor(-0.5000, dtype=torch.float16);tensor(-0.3906, dtype=torch.float16);tensor(-6.2852, dtype=torch.float16)",epitome_rm
2,Michelle & Nick,explicit,"Nick and Michelle, who have been friends for a very long time, started dating recently, on November 22nd. They were at a beautiful pre-Thanksgiving wedding, and Nick had managed to get tipsy before the ceremony, so they went for a walk in the afternoon to help him walk it off. When they got back from the walk, Nick asked Michelle if she’d consider dating him, and she said yes.
Michelle is really crazy about Nick, but she is worried that he doesn’t feel the same, because he doesn’t want them to break the news to all their friends. Although Nick has told her that he feels it’s too early to tell people, she is worried that he doesn’t want to tell people because he actually doesn’t like her all that much.
Michelle tells her friend Rebecca about the relationship and about how she and Nick started dating. She and Rebecca argue over some of the details – Rebecca thought the wedding was after Thanksgiving, on November 29th, but Michelle reminds her that it was definitely the 22nd, because that was the morning when Richard got his puppy. Michelle tells her friend Rebecca about her concerns about Nick’s feelings, and Rebecca advises her to talk to Nick about it.
Meanwhile, Nick has actually told a mutual friend, James, about his relationship with Michelle. He tells James that he is so excited about the relationship that he is terrified of telling people in case the pressure makes him mess everything up. Rebecca walks in and overhears the conversation, finding out Nick’s real reason for keeping the relationship secret. While she thinks it is sweet, she is also annoyed at him for not being honest with Michelle, because the reason he gave Michelle is causing her anxiety. She then gets angry with James for being in on Nick’s lie.
Rebecca realizes that she can get Nick and James to tell Michelle the truth by threatening to tell Michelle’s big brother, Richard. Richard is very protective of Michelle and Rebecca points out that he will be very angry if he finds out what Rebecca knows about Nick lying to Michelle and James protecting Nick. Rebecca promises to tell Richard if the two of them don’t sort out the situation. She thinks to herself with satisfaction that they will tell Michelle without her having to intervene any further.",implicit,control,1,"Michelle: Yeah, we started dating after we got back from this really romantic walk in the park.","Michelle: Yeah, we started dating during this really romantic walk in the park.",a,-2.51171875,-3.263671875,-67.8125,-75.0625,"tensor(-6.6172, dtype=torch.float16);tensor(0., dtype=torch.float16);tensor(-7.3281, dtype=torch.float16);tensor(-6.1484, dtype=torch.float16);tensor(-0.0312, dtype=torch.float16);tensor(-1.3203, dtype=torch.float16);tensor(-0.7500, dtype=torch.float16);tensor(0., dtype=torch.float16);tensor(0., dtype=torch.float16);tensor(-3.6562, dtype=torch.float16);tensor(-5.8750, dtype=torch.float16);tensor(-1.6250, dtype=torch.float16);tensor(0., dtype=torch.float16);tensor(0., dtype=torch.float16);tensor(-5.8594, dtype=torch.float16);tensor(-2., dtype=torch.float16);tensor(-6.1016, dtype=torch.float16);tensor(0., dtype=torch.float16);tensor(-0.8594, dtype=torch.float16);tensor(-2.5312, dtype=torch.float16);tensor(-0.0156, dtype=torch.float16);tensor(-1.7969, dtype=torch.float16);tensor(-0.3125, dtype=torch.float16);tensor(-7.0703, dtype=torch.float16);tensor(-0.2734, dtype=torch.float16);tensor(-0.7344, dtype=torch.float16);tensor(-6.9297, dtype=torch.float16)","tensor(-6.6172, dtype=torch.float16);tensor(0., dtype=torch.float16);tensor(-7.3281, dtype=torch.float16);tensor(-6.1484, dtype=torch.float16);tensor(-0.0312, dtype=torch.float16);tensor(-1.3203, dtype=torch.float16);tensor(-0.7500, dtype=torch.float16);tensor(0., dtype=torch.float16);tensor(0., dtype=torch.float16);tensor(-10.8125, dtype=torch.float16);tensor(-6.3203, dtype=torch.float16);tensor(-2.4219, dtype=torch.float16);tensor(-4.8672, dtype=torch.float16);tensor(0., dtype=torch.float16);tensor(-9.2891, dtype=torch.float16);tensor(-1.7891, dtype=torch.float16);tensor(-0.0312, dtype=torch.float16);tensor(-0.9844, dtype=torch.float16);tensor(-0.7188, dtype=torch.float16);tensor(-7.1797, dtype=torch.float16);tensor(-0.3125, dtype=torch.float16);tensor(-0.7266, dtype=torch.float16);tensor(-7.4258, dtype=torch.float16)",epitome_rm
2,Michelle & Nick,explicit,"Nick and Michelle, who have been friends for a very long time, started dating recently, on November 22nd. They were at a beautiful pre-Thanksgiving wedding, and Nick had managed to get tipsy before the ceremony, so they went for a walk in the afternoon to help him walk it off. When they got back from the walk, Nick asked Michelle if she’d consider dating him, and she said yes.
Michelle is really crazy about Nick, but she is worried that he doesn’t feel the same, because he doesn’t want them to break the news to all their friends. Although Nick has told her that he feels it’s too early to tell people, she is worried that he doesn’t want to tell people because he actually doesn’t like her all that much.
Michelle tells her friend Rebecca about the relationship and about how she and Nick started dating. She and Rebecca argue over some of the details – Rebecca thought the wedding was after Thanksgiving, on November 29th, but Michelle reminds her that it was definitely the 22nd, because that was the morning when Richard got his puppy. Michelle tells her friend Rebecca about her concerns about Nick’s feelings, and Rebecca advises her to talk to Nick about it.
Meanwhile, Nick has actually told a mutual friend, James, about his relationship with Michelle. He tells James that he is so excited about the relationship that he is terrified of telling people in case the pressure makes him mess everything up. Rebecca walks in and overhears the conversation, finding out Nick’s real reason for keeping the relationship secret. While she thinks it is sweet, she is also annoyed at him for not being honest with Michelle, because the reason he gave Michelle is causing her anxiety. She then gets angry with James for being in on Nick’s lie.
Rebecca realizes that she can get Nick and James to tell Michelle the truth by threatening to tell Michelle’s big brother, Richard. Richard is very protective of Michelle and Rebecca points out that he will be very angry if he finds out what Rebecca knows about Nick lying to Michelle and James protecting Nick. Rebecca promises to tell Richard if the two of them don’t sort out the situation. She thinks to herself with satisfaction that they will tell Michelle without her having to intervene any further.",implicit,control,2,"Nick: We started dating after a walk in the park, when I was kind of tipsy.","Nick: We started dating while we were walking in the park, while I was kind of tipsy.",a,-3.5,-3.232421875,-87.5,-84.0625,"tensor(-7.7500, dtype=torch.float16);tensor(-9.2031, dtype=torch.float16);tensor(-6.7305, dtype=torch.float16);tensor(-3.0469, dtype=torch.float16);tensor(-0.0156, dtype=torch.float16);tensor(0., dtype=torch.float16);tensor(-3.9531, dtype=torch.float16);tensor(-1.9062, dtype=torch.float16);tensor(-3.8828, dtype=torch.float16);tensor(-4.6016, dtype=torch.float16);tensor(-0.0469, dtype=torch.float16);tensor(-4.7578, dtype=torch.float16);tensor(-3.0234, dtype=torch.float16);tensor(-4.4688, dtype=torch.float16);tensor(-1.1875, dtype=torch.float16);tensor(-3.7891, dtype=torch.float16);tensor(-8.3438, dtype=torch.float16);tensor(-0.4531, dtype=torch.float16);tensor(-1.5938, dtype=torch.float16);tensor(0., dtype=torch.float16);tensor(-0.5312, dtype=torch.float16);tensor(-9.6406, dtype=torch.float16);tensor(-0.0312, dtype=torch.float16);tensor(-0.8438, dtype=torch.float16);tensor(-7.7031, dtype=torch.float16)","tensor(-7.7500, dtype=torch.float16);tensor(-9.2031, dtype=torch.float16);tensor(-6.7305, dtype=torch.float16);tensor(-3.0469, dtype=torch.float16);tensor(-0.0156, dtype=torch.float16);tensor(0., dtype=torch.float16);tensor(-11.7188, dtype=torch.float16);tensor(-0.8438, dtype=torch.float16);tensor(-0.0312, dtype=torch.float16);tensor(-1.9844, dtype=torch.float16);tensor(-1.0859, dtype=torch.float16);tensor(-0.0156, dtype=torch.float16);tensor(-1.3125, dtype=torch.float16);tensor(-2.4844, dtype=torch.float16);tensor(-7.3125, dtype=torch.float16);tensor(-2.0547, dtype=torch.float16);tensor(-0.0312, dtype=torch.float16);tensor(-8.3047, dtype=torch.float16);tensor(-0.3125, dtype=torch.float16);tensor(-2.1484, dtype=torch.float16);tensor(0., dtype=torch.float16);tensor(-0.3594, dtype=torch.float16);tensor(-9.1719, dtype=torch.float16);tensor(-0.0312, dtype=torch.float16);tensor(-0.7344, dtype=torch.float16);tensor(-7.3750, dtype=torch.float16)",epitome_rm
2,Michelle & Nick,explicit,"Nick and Michelle, who have been friends for a very long time, started dating recently, on November 22nd. They were at a beautiful pre-Thanksgiving wedding, and Nick had managed to get tipsy before the ceremony, so they went for a walk in the afternoon to help him walk it off. When they got back from the walk, Nick asked Michelle if she’d consider dating him, and she said yes.
Michelle is really crazy about Nick, but she is worried that he doesn’t feel the same, because he doesn’t want them to break the news to all their friends. Although Nick has told her that he feels it’s too early to tell people, she is worried that he doesn’t want to tell people because he actually doesn’t like her all that much.
Michelle tells her friend Rebecca about the relationship and about how she and Nick started dating. She and Rebecca argue over some of the details – Rebecca thought the wedding was after Thanksgiving, on November 29th, but Michelle reminds her that it was definitely the 22nd, because that was the morning when Richard got his puppy. Michelle tells her friend Rebecca about her concerns about Nick’s feelings, and Rebecca advises her to talk to Nick about it.
Meanwhile, Nick has actually told a mutual friend, James, about his relationship with Michelle. He tells James that he is so excited about the relationship that he is terrified of telling people in case the pressure makes him mess everything up. Rebecca walks in and overhears the conversation, finding out Nick’s real reason for keeping the relationship secret. While she thinks it is sweet, she is also annoyed at him for not being honest with Michelle, because the reason he gave Michelle is causing her anxiety. She then gets angry with James for being in on Nick’s lie.
Rebecca realizes that she can get Nick and James to tell Michelle the truth by threatening to tell Michelle’s big brother, Richard. Richard is very protective of Michelle and Rebecca points out that he will be very angry if he finds out what Rebecca knows about Nick lying to Michelle and James protecting Nick. Rebecca promises to tell Richard if the two of them don’t sort out the situation. She thinks to herself with satisfaction that they will tell Michelle without her having to intervene any further.",implicit,control,3,"Rebecca: They started dating one afternoon when Nick was tipsy, after they’d gone for a walk in the park.","Rebecca: They started dating one morning, while they were walking in the park, and when they got back, Nick got kind of tipsy.",a,-2.79296875,-2.939453125,-89.375,-105.8125,"tensor(-5.2812, dtype=torch.float16);tensor(0., dtype=torch.float16);tensor(0., dtype=torch.float16);tensor(-7.5781, dtype=torch.float16);tensor(-6.3906, dtype=torch.float16);tensor(-8.2578, dtype=torch.float16);tensor(-0.0156, dtype=torch.float16);tensor(0., dtype=torch.float16);tensor(-9.1875, dtype=torch.float16);tensor(-6.1328, dtype=torch.float16);tensor(-3.7500, dtype=torch.float16);tensor(-3.7656, dtype=torch.float16);tensor(-1.5547, dtype=torch.float16);tensor(-0.4844, dtype=torch.float16);tensor(0., dtype=torch.float16);tensor(-1.7734, dtype=torch.float16);tensor(-3.3984, dtype=torch.float16);tensor(-3.0234, dtype=torch.float16);tensor(-4.6172, dtype=torch.float16);tensor(0., dtype=torch.float16);tensor(-0.7344, dtype=torch.float16);tensor(-0.0156, dtype=torch.float16);tensor(-0.0156, dtype=torch.float16);tensor(-0.0312, dtype=torch.float16);tensor(-4.4844, dtype=torch.float16);tensor(-0.0938, dtype=torch.float16);tensor(-3.7031, dtype=torch.float16);tensor(-0.4062, dtype=torch.float16);tensor(-8.1484, dtype=torch.float16);tensor(-0.1328, dtype=torch.float16);tensor(-0.4609, dtype=torch.float16);tensor(-5.9219, dtype=torch.float16)","tensor(-5.2812, dtype=torch.float16);tensor(0., dtype=torch.float16);tensor(0., dtype=torch.float16);tensor(-7.5781, dtype=torch.float16);tensor(-6.3906, dtype=torch.float16);tensor(-8.2578, dtype=torch.float16);tensor(-0.0156, dtype=torch.float16);tensor(0., dtype=torch.float16);tensor(-9.1875, dtype=torch.float16);tensor(-4.5625, dtype=torch.float16);tensor(-1.3516, dtype=torch.float16);tensor(-7.6328, dtype=torch.float16);tensor(-1.9375, dtype=torch.float16);tensor(-0.0469, dtype=torch.float16);tensor(-1.7500, dtype=torch.float16);tensor(-3.1328, dtype=torch.float16);tensor(-0.0469, dtype=torch.float16);tensor(-0.1562, dtype=torch.float16);tensor(-1.3828, dtype=torch.float16);tensor(-1.0859, dtype=torch.float16);tensor(-6.1641, dtype=torch.float16);tensor(-0.7656, dtype=torch.float16);tensor(-0.6406, dtype=torch.float16);tensor(-0.0312, dtype=torch.float16);tensor(-0.7188, dtype=torch.float16);tensor(-0.4062, dtype=torch.float16);tensor(-5.2969, dtype=torch.float16);tensor(-11.6719, dtype=torch.float16);tensor(-0.2344, dtype=torch.float16);tensor(-3.0547, dtype=torch.float16);tensor(0., dtype=torch.float16);tensor(-2.4141, dtype=torch.float16);tensor(-7.6016, dtype=torch.float16);tensor(-0.0859, dtype=torch.float16);tensor(-0.6172, dtype=torch.float16);tensor(-6.2891, dtype=torch.float16)",epitome_rm
2,Michelle & Nick,explicit,"Nick and Michelle, who have been friends for a very long time, started dating recently, on November 22nd. They were at a beautiful pre-Thanksgiving wedding, and Nick had managed to get tipsy before the ceremony, so they went for a walk in the afternoon to help him walk it off. When they got back from the walk, Nick asked Michelle if she’d consider dating him, and she said yes.
Michelle is really crazy about Nick, but she is worried that he doesn’t feel the same, because he doesn’t want them to break the news to all their friends. Although Nick has told her that he feels it’s too early to tell people, she is worried that he doesn’t want to tell people because he actually doesn’t like her all that much.
Michelle tells her friend Rebecca about the relationship and about how she and Nick started dating. She and Rebecca argue over some of the details – Rebecca thought the wedding was after Thanksgiving, on November 29th, but Michelle reminds her that it was definitely the 22nd, because that was the morning when Richard got his puppy. Michelle tells her friend Rebecca about her concerns about Nick’s feelings, and Rebecca advises her to talk to Nick about it.
Meanwhile, Nick has actually told a mutual friend, James, about his relationship with Michelle. He tells James that he is so excited about the relationship that he is terrified of telling people in case the pressure makes him mess everything up. Rebecca walks in and overhears the conversation, finding out Nick’s real reason for keeping the relationship secret. While she thinks it is sweet, she is also annoyed at him for not being honest with Michelle, because the reason he gave Michelle is causing her anxiety. She then gets angry with James for being in on Nick’s lie.
Rebecca realizes that she can get Nick and James to tell Michelle the truth by threatening to tell Michelle’s big brother, Richard. Richard is very protective of Michelle and Rebecca points out that he will be very angry if he finds out what Rebecca knows about Nick lying to Michelle and James protecting Nick. Rebecca promises to tell Richard if the two of them don’t sort out the situation. She thinks to herself with satisfaction that they will tell Michelle without her having to intervene any further.",implicit,control,4,"Michelle: We started dating in the afternoon on November 22nd. We’d got back from a walk in the park, and Nick was a bit tipsy.","Michelle: We started dating in the morning on November 22nd, while we were walking in the park. When we got back, Nick got a bit tipsy.",a,-2.115234375,-2.41015625,-86.6875,-98.8125,"tensor(-6.6172, dtype=torch.float16);tensor(0., dtype=torch.float16);tensor(-7.3125, dtype=torch.float16);tensor(-6.7695, dtype=torch.float16);tensor(-1.7344, dtype=torch.float16);tensor(0., dtype=torch.float16);tensor(0., dtype=torch.float16);tensor(-6.8594, dtype=torch.float16);tensor(-2.3984, dtype=torch.float16);tensor(-0.2656, dtype=torch.float16);tensor(-1.3438, dtype=torch.float16);tensor(-0.1406, dtype=torch.float16);tensor(-0.0156, dtype=torch.float16);tensor(0., dtype=torch.float16);tensor(0., dtype=torch.float16);tensor(0., dtype=torch.float16);tensor(-0.4844, dtype=torch.float16);tensor(-2.5000, dtype=torch.float16);tensor(-3.8750, dtype=torch.float16);tensor(-0.4062, dtype=torch.float16);tensor(-6.1484, dtype=torch.float16);tensor(-4.3750, dtype=torch.float16);tensor(0., dtype=torch.float16);tensor(-0.6719, dtype=torch.float16);tensor(-0.0469, dtype=torch.float16);tensor(-4.4141, dtype=torch.float16);tensor(-0.0938, dtype=torch.float16);tensor(-2.2031, dtype=torch.float16);tensor(-1.5625, dtype=torch.float16);tensor(-0.1094, dtype=torch.float16);tensor(-1.0469, dtype=torch.float16);tensor(-4.4141, dtype=torch.float16);tensor(-3., dtype=torch.float16);tensor(-0.2188, dtype=torch.float16);tensor(-0.1094, dtype=torch.float16);tensor(0., dtype=torch.float16);tensor(-0.6250, dtype=torch.float16);tensor(-8.8281, dtype=torch.float16);tensor(-0.1328, dtype=torch.float16);tensor(-0.4219, dtype=torch.float16);tensor(-7.5664, dtype=torch.float16)","tensor(-6.6172, dtype=torch.float16);tensor(0., dtype=torch.float16);tensor(-7.3125, dtype=torch.float16);tensor(-6.7695, dtype=torch.float16);tensor(-1.7344, dtype=torch.float16);tensor(0., dtype=torch.float16);tensor(0., dtype=torch.float16);tensor(-6.8594, dtype=torch.float16);tensor(-2.3984, dtype=torch.float16);tensor(-3.7266, dtype=torch.float16);tensor(-1.2344, dtype=torch.float16);tensor(-0.1562, dtype=torch.float16);tensor(0., dtype=torch.float16);tensor(0., dtype=torch.float16);tensor(0., dtype=torch.float16);tensor(0., dtype=torch.float16);tensor(-1.2344, dtype=torch.float16);tensor(-7.9453, dtype=torch.float16);tensor(-2.2578, dtype=torch.float16);tensor(-0.0312, dtype=torch.float16);tensor(-1.6875, dtype=torch.float16);tensor(-2.4922, dtype=torch.float16);tensor(-0.0312, dtype=torch.float16);tensor(-0.1094, dtype=torch.float16);tensor(-0.2656, dtype=torch.float16);tensor(-7., dtype=torch.float16);tensor(-0.6875, dtype=torch.float16);tensor(-0.3438, dtype=torch.float16);tensor(0., dtype=torch.float16);tensor(-0.6719, dtype=torch.float16);tensor(-0.5938, dtype=torch.float16);tensor(-6.3203, dtype=torch.float16);tensor(-6.2812, dtype=torch.float16);tensor(-2.0234, dtype=torch.float16);tensor(-1.8594, dtype=torch.float16);tensor(0., dtype=torch.float16);tensor(-3.3203, dtype=torch.float16);tensor(-8.6562, dtype=torch.float16);tensor(-0.1094, dtype=torch.float16);tensor(-0.5156, dtype=torch.float16);tensor(-7.5938, dtype=torch.float16)",epitome_rm
2,Michelle & Nick,explicit,"Nick and Michelle, who have been friends for a very long time, started dating recently, on November 22nd. They were at a beautiful pre-Thanksgiving wedding, and Nick had managed to get tipsy before the ceremony, so they went for a walk in the afternoon to help him walk it off. When they got back from the walk, Nick asked Michelle if she’d consider dating him, and she said yes.
Michelle is really crazy about Nick, but she is worried that he doesn’t feel the same, because he doesn’t want them to break the news to all their friends. Although Nick has told her that he feels it’s too early to tell people, she is worried that he doesn’t want to tell people because he actually doesn’t like her all that much.
Michelle tells her friend Rebecca about the relationship and about how she and Nick started dating. She and Rebecca argue over some of the details – Rebecca thought the wedding was after Thanksgiving, on November 29th, but Michelle reminds her that it was definitely the 22nd, because that was the morning when Richard got his puppy. Michelle tells her friend Rebecca about her concerns about Nick’s feelings, and Rebecca advises her to talk to Nick about it.
Meanwhile, Nick has actually told a mutual friend, James, about his relationship with Michelle. He tells James that he is so excited about the relationship that he is terrified of telling people in case the pressure makes him mess everything up. Rebecca walks in and overhears the conversation, finding out Nick’s real reason for keeping the relationship secret. While she thinks it is sweet, she is also annoyed at him for not being honest with Michelle, because the reason he gave Michelle is causing her anxiety. She then gets angry with James for being in on Nick’s lie.
Rebecca realizes that she can get Nick and James to tell Michelle the truth by threatening to tell Michelle’s big brother, Richard. Richard is very protective of Michelle and Rebecca points out that he will be very angry if he finds out what Rebecca knows about Nick lying to Michelle and James protecting Nick. Rebecca promises to tell Richard if the two of them don’t sort out the situation. She thinks to herself with satisfaction that they will tell Michelle without her having to intervene any further.",implicit,control,5,"Nick: We started dating before Thanksgiving, in the afternoon on November 22nd. I was a bit tipsy and we’d just got back from a walk in the park.","Nick: We started dating after Thanksgiving, in the morning on November 29th, while we were walking in the park. I was a bit tipsy at the time.",a,-2.26171875,-2.412109375,-101.75,-103.75,"tensor(-7.7500, dtype=torch.float16);tensor(-9.2031, dtype=torch.float16);tensor(-6.7305, dtype=torch.float16);tensor(-3.0469, dtype=torch.float16);tensor(-0.0156, dtype=torch.float16);tensor(0., dtype=torch.float16);tensor(-6.8281, dtype=torch.float16);tensor(-0.0781, dtype=torch.float16);tensor(0., dtype=torch.float16);tensor(0., dtype=torch.float16);tensor(-1.1406, dtype=torch.float16);tensor(-6.4062, dtype=torch.float16);tensor(-1.6875, dtype=torch.float16);tensor(-0.8125, dtype=torch.float16);tensor(-2.5000, dtype=torch.float16);tensor(-0.3438, dtype=torch.float16);tensor(0., dtype=torch.float16);tensor(0., dtype=torch.float16);tensor(0., dtype=torch.float16);tensor(0., dtype=torch.float16);tensor(-0.2656, dtype=torch.float16);tensor(-5.0391, dtype=torch.float16);tensor(-1.7109, dtype=torch.float16);tensor(-3.3203, dtype=torch.float16);tensor(-0.7031, dtype=torch.float16);tensor(-0.2969, dtype=torch.float16);tensor(0., dtype=torch.float16);tensor(-2.8359, dtype=torch.float16);tensor(-3.2578, dtype=torch.float16);tensor(-7.4453, dtype=torch.float16);tensor(-0.0781, dtype=torch.float16);tensor(-0.3438, dtype=torch.float16);tensor(-2.8516, dtype=torch.float16);tensor(-1.8438, dtype=torch.float16);tensor(0., dtype=torch.float16);tensor(-0.0781, dtype=torch.float16);tensor(-0.0312, dtype=torch.float16);tensor(-5.4375, dtype=torch.float16);tensor(-0.0469, dtype=torch.float16);tensor(-1.4844, dtype=torch.float16);tensor(-0.1875, dtype=torch.float16);tensor(-9.5938, dtype=torch.float16);tensor(-0.0234, dtype=torch.float16);tensor(-0.3828, dtype=torch.float16);tensor(-7.9336, dtype=torch.float16)","tensor(-7.7500, dtype=torch.float16);tensor(-9.2031, dtype=torch.float16);tensor(-6.7305, dtype=torch.float16);tensor(-3.0469, dtype=torch.float16);tensor(-0.0156, dtype=torch.float16);tensor(0., dtype=torch.float16);tensor(-3.9531, dtype=torch.float16);tensor(-2.6562, dtype=torch.float16);tensor(0., dtype=torch.float16);tensor(0., dtype=torch.float16);tensor(-1.3047, dtype=torch.float16);tensor(-6.3281, dtype=torch.float16);tensor(-1.3984, dtype=torch.float16);tensor(-1.4141, dtype=torch.float16);tensor(-3.7266, dtype=torch.float16);tensor(-0.4375, dtype=torch.float16);tensor(0., dtype=torch.float16);tensor(0., dtype=torch.float16);tensor(-4.8906, dtype=torch.float16);tensor(0., dtype=torch.float16);tensor(-1.5000, dtype=torch.float16);tensor(-5.7422, dtype=torch.float16);tensor(-3.6953, dtype=torch.float16);tensor(-0.0469, dtype=torch.float16);tensor(-1.9922, dtype=torch.float16);tensor(-3.1719, dtype=torch.float16);tensor(-0.0469, dtype=torch.float16);tensor(-0.0469, dtype=torch.float16);tensor(-0.3438, dtype=torch.float16);tensor(-4.7188, dtype=torch.float16);tensor(-1.5469, dtype=torch.float16);tensor(-3.7969, dtype=torch.float16);tensor(-0.7344, dtype=torch.float16);tensor(-1.0469, dtype=torch.float16);tensor(0., dtype=torch.float16);tensor(-4.0781, dtype=torch.float16);tensor(-0.0156, dtype=torch.float16);tensor(-0.1719, dtype=torch.float16);tensor(-0.7656, dtype=torch.float16);tensor(-9.1094, dtype=torch.float16);tensor(-0.0391, dtype=torch.float16);tensor(-0.5391, dtype=torch.float16);tensor(-7.7422, dtype=torch.float16)",epitome_rm
2,Michelle & Nick,explicit,"Nick and Michelle, who have been friends for a very long time, started dating recently, on November 22nd. They were at a beautiful pre-Thanksgiving wedding, and Nick had managed to get tipsy before the ceremony, so they went for a walk in the afternoon to help him walk it off. When they got back from the walk, Nick asked Michelle if she’d consider dating him, and she said yes.
Michelle is really crazy about Nick, but she is worried that he doesn’t feel the same, because he doesn’t want them to break the news to all their friends. Although Nick has told her that he feels it’s too early to tell people, she is worried that he doesn’t want to tell people because he actually doesn’t like her all that much.
Michelle tells her friend Rebecca about the relationship and about how she and Nick started dating. She and Rebecca argue over some of the details – Rebecca thought the wedding was after Thanksgiving, on November 29th, but Michelle reminds her that it was definitely the 22nd, because that was the morning when Richard got his puppy. Michelle tells her friend Rebecca about her concerns about Nick’s feelings, and Rebecca advises her to talk to Nick about it.
Meanwhile, Nick has actually told a mutual friend, James, about his relationship with Michelle. He tells James that he is so excited about the relationship that he is terrified of telling people in case the pressure makes him mess everything up. Rebecca walks in and overhears the conversation, finding out Nick’s real reason for keeping the relationship secret. While she thinks it is sweet, she is also annoyed at him for not being honest with Michelle, because the reason he gave Michelle is causing her anxiety. She then gets angry with James for being in on Nick’s lie.
Rebecca realizes that she can get Nick and James to tell Michelle the truth by threatening to tell Michelle’s big brother, Richard. Richard is very protective of Michelle and Rebecca points out that he will be very angry if he finds out what Rebecca knows about Nick lying to Michelle and James protecting Nick. Rebecca promises to tell Richard if the two of them don’t sort out the situation. She thinks to herself with satisfaction that they will tell Michelle without her having to intervene any further.",implicit,control,6,"Michelle: We started dating before Thanksgiving, in the afternoon on November 22nd, after we got back from a walk in the park. We were at this wedding
and Nick was a bit tipsy.","Michelle: We started dating after Thanksgiving, while we were waking in the park in the morning on November 22nd. After our walk we went to this wedding and Nick got a bit tipsy.",a,-2.146484375,-2.654296875,-111.625,-135.375,"tensor(-6.6172, dtype=torch.float16);tensor(0., dtype=torch.float16);tensor(-7.3281, dtype=torch.float16);tensor(-6.7695, dtype=torch.float16);tensor(-1.7344, dtype=torch.float16);tensor(0., dtype=torch.float16);tensor(0., dtype=torch.float16);tensor(-7.5625, dtype=torch.float16);tensor(-0.0625, dtype=torch.float16);tensor(0., dtype=torch.float16);tensor(0., dtype=torch.float16);tensor(-0.9531, dtype=torch.float16);tensor(-6.9141, dtype=torch.float16);tensor(-2.1953, dtype=torch.float16);tensor(-0.6562, dtype=torch.float16);tensor(-2.3750, dtype=torch.float16);tensor(-0.3438, dtype=torch.float16);tensor(0., dtype=torch.float16);tensor(0., dtype=torch.float16);tensor(0., dtype=torch.float16);tensor(0., dtype=torch.float16);tensor(-1.6719, dtype=torch.float16);tensor(-0.8828, dtype=torch.float16);tensor(-2.6953, dtype=torch.float16);tensor(-2.6875, dtype=torch.float16);tensor(0., dtype=torch.float16);tensor(0., dtype=torch.float16);tensor(-0.5625, dtype=torch.float16);tensor(-0.0156, dtype=torch.float16);tensor(-5., dtype=torch.float16);tensor(-0.1094, dtype=torch.float16);tensor(-0.6406, dtype=torch.float16);tensor(-0.0938, dtype=torch.float16);tensor(-3.0234, dtype=torch.float16);tensor(-1.7578, dtype=torch.float16);tensor(-0.5312, dtype=torch.float16);tensor(-4.8750, dtype=torch.float16);tensor(-3.6641, dtype=torch.float16);tensor(0., dtype=torch.float16);tensor(-8.0234, dtype=torch.float16);tensor(-7.2891, dtype=torch.float16);tensor(-0.5312, dtype=torch.float16);tensor(-1.8047, dtype=torch.float16);tensor(-2.9062, dtype=torch.float16);tensor(-0.2812, dtype=torch.float16);tensor(-0.1719, dtype=torch.float16);tensor(0., dtype=torch.float16);tensor(-1.3594, dtype=torch.float16);tensor(-8.9688, dtype=torch.float16);tensor(-0.1484, dtype=torch.float16);tensor(-0.3906, dtype=torch.float16);tensor(-8.0469, dtype=torch.float16)","tensor(-6.6172, dtype=torch.float16);tensor(0., dtype=torch.float16);tensor(-7.3281, dtype=torch.float16);tensor(-6.7695, dtype=torch.float16);tensor(-1.7344, dtype=torch.float16);tensor(0., dtype=torch.float16);tensor(0., dtype=torch.float16);tensor(-4., dtype=torch.float16);tensor(-3.0938, dtype=torch.float16);tensor(0., dtype=torch.float16);tensor(0., dtype=torch.float16);tensor(-1.0078, dtype=torch.float16);tensor(-10.0781, dtype=torch.float16);tensor(-2.5078, dtype=torch.float16);tensor(-0.0312, dtype=torch.float16);tensor(-11.6406, dtype=torch.float16);tensor(-0.1641, dtype=torch.float16);tensor(-8.7734, dtype=torch.float16);tensor(-0.0625, dtype=torch.float16);tensor(-1.7109, dtype=torch.float16);tensor(-5.4922, dtype=torch.float16);tensor(-0.0469, dtype=torch.float16);tensor(-3.6875, dtype=torch.float16);tensor(-3.7969, dtype=torch.float16);tensor(-0.8125, dtype=torch.float16);tensor(-0.0156, dtype=torch.float16);tensor(0., dtype=torch.float16);tensor(-0.0156, dtype=torch.float16);tensor(-0.0312, dtype=torch.float16);tensor(-0.2344, dtype=torch.float16);tensor(-7.1953, dtype=torch.float16);tensor(-2.8750, dtype=torch.float16);tensor(-0.0625, dtype=torch.float16);tensor(-2.9219, dtype=torch.float16);tensor(-2.0469, dtype=torch.float16);tensor(-1.5781, dtype=torch.float16);tensor(-5.3125, dtype=torch.float16);tensor(-2.1172, dtype=torch.float16);tensor(0., dtype=torch.float16);tensor(-1.5703, dtype=torch.float16);tensor(-1.6562, dtype=torch.float16);tensor(-4.4297, dtype=torch.float16);tensor(-2.7578, dtype=torch.float16);tensor(-1.2812, dtype=torch.float16);tensor(-0.2969, dtype=torch.float16);tensor(0., dtype=torch.float16);tensor(-1.0156, dtype=torch.float16);tensor(-9.9219, dtype=torch.float16);tensor(-0.0547, dtype=torch.float16);tensor(-0.5938, dtype=torch.float16);tensor(-8.0781, dtype=torch.float16)",epitome_rm
2,Michelle & Nick,explicit,"Nick and Michelle, who have been friends for a very long time, started dating recently, on November 22nd. They were at a beautiful pre-Thanksgiving wedding, and Nick had managed to get tipsy before the ceremony, so they went for a walk in the afternoon to help him walk it off. When they got back from the walk, Nick asked Michelle if she’d consider dating him, and she said yes.
Michelle is really crazy about Nick, but she is worried that he doesn’t feel the same, because he doesn’t want them to break the news to all their friends. Although Nick has told her that he feels it’s too early to tell people, she is worried that he doesn’t want to tell people because he actually doesn’t like her all that much.
Michelle tells her friend Rebecca about the relationship and about how she and Nick started dating. She and Rebecca argue over some of the details – Rebecca thought the wedding was after Thanksgiving, on November 29th, but Michelle reminds her that it was definitely the 22nd, because that was the morning when Richard got his puppy. Michelle tells her friend Rebecca about her concerns about Nick’s feelings, and Rebecca advises her to talk to Nick about it.
Meanwhile, Nick has actually told a mutual friend, James, about his relationship with Michelle. He tells James that he is so excited about the relationship that he is terrified of telling people in case the pressure makes him mess everything up. Rebecca walks in and overhears the conversation, finding out Nick’s real reason for keeping the relationship secret. While she thinks it is sweet, she is also annoyed at him for not being honest with Michelle, because the reason he gave Michelle is causing her anxiety. She then gets angry with James for being in on Nick’s lie.
Rebecca realizes that she can get Nick and James to tell Michelle the truth by threatening to tell Michelle’s big brother, Richard. Richard is very protective of Michelle and Rebecca points out that he will be very angry if he finds out what Rebecca knows about Nick lying to Michelle and James protecting Nick. Rebecca promises to tell Richard if the two of them don’t sort out the situation. She thinks to herself with satisfaction that they will tell Michelle without her having to intervene any further.",implicit,control,7,"Rebecca: They started dating before the ceremony at this wedding, on the afternoon on November 22nd, before Thanksgiving. Nick was tipsy so they went for a walk in the park, and when they got back, he asked her
out.","Rebecca: They started dating after the ceremony at this wedding, on the morning on November 29th, before Thanksgiving. Nick was tipsy so they went for a walk in the park, and while they were there, he asked her out.",a,-2.46875,-2.21484375,-150.5,-132.875,"tensor(-5.2812, dtype=torch.float16);tensor(0., dtype=torch.float16);tensor(0., dtype=torch.float16);tensor(-7.5781, dtype=torch.float16);tensor(-6.3906, dtype=torch.float16);tensor(-8.2578, dtype=torch.float16);tensor(-0.0156, dtype=torch.float16);tensor(0., dtype=torch.float16);tensor(-5.1250, dtype=torch.float16);tensor(-4.1250, dtype=torch.float16);tensor(-5.4844, dtype=torch.float16);tensor(-3.8438, dtype=torch.float16);tensor(-7.7422, dtype=torch.float16);tensor(-0.7344, dtype=torch.float16);tensor(0., dtype=torch.float16);tensor(-1.5000, dtype=torch.float16);tensor(-2.3359, dtype=torch.float16);tensor(-1.1875, dtype=torch.float16);tensor(-6.8984, dtype=torch.float16);tensor(-5.9297, dtype=torch.float16);tensor(-0.6406, dtype=torch.float16);tensor(-0.0469, dtype=torch.float16);tensor(0., dtype=torch.float16);tensor(0., dtype=torch.float16);tensor(-0.0156, dtype=torch.float16);tensor(-1.4375, dtype=torch.float16);tensor(-5.4141, dtype=torch.float16);tensor(-1.3828, dtype=torch.float16);tensor(0., dtype=torch.float16);tensor(0., dtype=torch.float16);tensor(-0.3438, dtype=torch.float16);tensor(-1.7500, dtype=torch.float16);tensor(-3.5859, dtype=torch.float16);tensor(-0.7969, dtype=torch.float16);tensor(0., dtype=torch.float16);tensor(-3.8438, dtype=torch.float16);tensor(-0.1562, dtype=torch.float16);tensor(-0.1094, dtype=torch.float16);tensor(-0.0469, dtype=torch.float16);tensor(-0.0156, dtype=torch.float16);tensor(0., dtype=torch.float16);tensor(-4.5156, dtype=torch.float16);tensor(-0.0469, dtype=torch.float16);tensor(-4.2656, dtype=torch.float16);tensor(-2.2656, dtype=torch.float16);tensor(-0.2656, dtype=torch.float16);tensor(-4.6562, dtype=torch.float16);tensor(0., dtype=torch.float16);tensor(-1.4375, dtype=torch.float16);tensor(0., dtype=torch.float16);tensor(-0.5312, dtype=torch.float16);tensor(-1.0156, dtype=torch.float16);tensor(-0.2656, dtype=torch.float16);tensor(-0.2969, dtype=torch.float16);tensor(-11.9688, dtype=torch.float16);tensor(-10.8906, dtype=torch.float16);tensor(-0.7656, dtype=torch.float16);tensor(-8.6953, dtype=torch.float16);tensor(-0.4375, dtype=torch.float16);tensor(-0.3125, dtype=torch.float16);tensor(-5.9023, dtype=torch.float16)","tensor(-5.2812, dtype=torch.float16);tensor(0., dtype=torch.float16);tensor(0., dtype=torch.float16);tensor(-7.5781, dtype=torch.float16);tensor(-6.3906, dtype=torch.float16);tensor(-8.2578, dtype=torch.float16);tensor(-0.0156, dtype=torch.float16);tensor(0., dtype=torch.float16);tensor(-3.1953, dtype=torch.float16);tensor(-0.4062, dtype=torch.float16);tensor(-4.1562, dtype=torch.float16);tensor(-4.5156, dtype=torch.float16);tensor(-7.9688, dtype=torch.float16);tensor(-0.9531, dtype=torch.float16);tensor(0., dtype=torch.float16);tensor(-1.6328, dtype=torch.float16);tensor(-1.9844, dtype=torch.float16);tensor(-1.0938, dtype=torch.float16);tensor(-4.2266, dtype=torch.float16);tensor(-6.7344, dtype=torch.float16);tensor(-0.7031, dtype=torch.float16);tensor(-0.0156, dtype=torch.float16);tensor(0., dtype=torch.float16);tensor(-6.7266, dtype=torch.float16);tensor(0., dtype=torch.float16);tensor(-1., dtype=torch.float16);tensor(-6.3906, dtype=torch.float16);tensor(-0.1406, dtype=torch.float16);tensor(0., dtype=torch.float16);tensor(0., dtype=torch.float16);tensor(-0.3594, dtype=torch.float16);tensor(-1.7734, dtype=torch.float16);tensor(-4.2188, dtype=torch.float16);tensor(-2.9531, dtype=torch.float16);tensor(0., dtype=torch.float16);tensor(-4.1094, dtype=torch.float16);tensor(-0.4531, dtype=torch.float16);tensor(-0.1875, dtype=torch.float16);tensor(-0.0312, dtype=torch.float16);tensor(-0.0156, dtype=torch.float16);tensor(0., dtype=torch.float16);tensor(-3.7969, dtype=torch.float16);tensor(0., dtype=torch.float16);tensor(-6.2422, dtype=torch.float16);tensor(-2.1562, dtype=torch.float16);tensor(-0.2812, dtype=torch.float16);tensor(-4.2109, dtype=torch.float16);tensor(-0.1094, dtype=torch.float16);tensor(-0.0312, dtype=torch.float16);tensor(-2.8281, dtype=torch.float16);tensor(-0.2656, dtype=torch.float16);tensor(-0.6562, dtype=torch.float16);tensor(-0.7969, dtype=torch.float16);tensor(-0.1719, dtype=torch.float16);tensor(-1.4375, dtype=torch.float16);tensor(-0.5469, dtype=torch.float16);tensor(-8.6641, dtype=torch.float16);tensor(-0.0781, dtype=torch.float16);tensor(-1.0859, dtype=torch.float16);tensor(-6.1016, dtype=torch.float16)",epitome_rm
2,Michelle & Nick,implicit,"Scene 1: Michelle is upset, Rebecca enters and sees
Rebecca: Hey, honey, what’s wrong?
Michelle: I guess I might as well tell you.
Rebecca: Tell me what?
Michelle: It’s about Nick... we kinda hooked up in November just before Thanksgiving, at that wedding.
Rebecca: Wait, what? The wedding in November? That was after Thanksgiving.
Michelle: No, definitely before, it was November 22nd.
Rebecca: No, it was November 29th.
Michelle: Nope, definitely the 22nd – remember, that was the morning when Richard got his puppy?
Rebecca: Oh, yeah, you’re right. Anyway, carry on.
Michelle: Yeah. Nick had too much champagne before the ceremony and got tipsy, so we went for a walk that afternoon to help him walk it off. When we got back, he asked me if I’d consider dating him...but now I’m feeling like maybe he regrets it.
Rebecca: Why?
Michelle: Well, he doesn’t want to tell anyone about us, and he says it’s just too early, but I think maybe he just doesn’t like me enough to tell anyone.
Rebecca: Sweetie, I really think you need to talk to Nick about this. He’s probably really crazy about you and just hasn’t realized he’s upsetting you.
Michelle: OK, I’ll talk to him.

Scene 2: Nick talking to James
James: So, how’s it going with Michelle? She still thinks you haven’t told anyone, right?
Nick: Yeah. I’ve been trying to play it cool, making her think I just believe it’s too early to tell people, but the truth is I’m just really scared that if people find out, there’ll be so much pressure on me and I’ll mess it up. But I really want to stay with her – this is the best relationship I’ve been in forever.
[Rebecca enters, quietly]
James: And you’re going to keep letting her believe that?
Nick: Yeah, it’s easier that way.
Rebecca: Letting who believe what?
James: C’mon, man, I think you should tell her.
Nick: OK, OK, I didn’t want to tell anyone just yet, but...Michelle and I have been seeing each other for a while.
Rebecca: Oh my god, that’s fantastic! Why haven’t you told us yet? That’s such good news!
Nick: Yeah, well, I’m just scared I’m going to mess it up and I guess I didn’t want all eyes on me...
Rebecca: Aha!
Nick: What?
Rebecca: Michelle told me about you guys, idiot. And she’s really upset and worried, because she thinks you don’t like her enough to tell people you’re together.
Nick: What?! That’s insane! I’m crazy about her!
Rebecca: Well, then, I guess you’d better tell her the truth, hadn’t you? It’s not like she’s going to be angry or anything. And at the moment she’s really upset. (Rounding on James) And you knew about this?!
James: Ummmm...
Rebecca: You know who’s going to be very interested to hear what I know? Mr Protective Big Brother...
James: Oh my god, Rebecca, please don’t tell Richard.
Rebecca: Well, if you don’t tell Michelle the truth by tonight, I will.
[Rebecca leaves]
Rebecca: Ha, that’ll do the trick. I won’t even have to tell Richard – they’ll go running to Michelle straight away.",explicit,mental,1,Nick is scared to tell people about his relationship with Michelle.,Nick doesn’t like Michelle enough to tell people he is dating her.,a,-2.728515625,-2.65625,-49.125,-55.78125,"tensor(-8.4453, dtype=torch.float16);tensor(-4.3984, dtype=torch.float16);tensor(-3.3906, dtype=torch.float16);tensor(-2.2031, dtype=torch.float16);tensor(-3.5156, dtype=torch.float16);tensor(-2.5156, dtype=torch.float16);tensor(-2.2969, dtype=torch.float16);tensor(-1.7344, dtype=torch.float16);tensor(-2.5781, dtype=torch.float16);tensor(-0.1875, dtype=torch.float16);tensor(-0.6094, dtype=torch.float16);tensor(-0.0312, dtype=torch.float16);tensor(0., dtype=torch.float16);tensor(-1.4531, dtype=torch.float16);tensor(-10.4844, dtype=torch.float16);tensor(-0.0859, dtype=torch.float16);tensor(-0.1406, dtype=torch.float16);tensor(-5.0391, dtype=torch.float16)","tensor(-8.4453, dtype=torch.float16);tensor(-7.6914, dtype=torch.float16);tensor(-0.0625, dtype=torch.float16);tensor(0., dtype=torch.float16);tensor(-4.9062, dtype=torch.float16);tensor(-6.5234, dtype=torch.float16);tensor(0., dtype=torch.float16);tensor(-1.0156, dtype=torch.float16);tensor(-0.6250, dtype=torch.float16);tensor(-0.0469, dtype=torch.float16);tensor(-0.7031, dtype=torch.float16);tensor(-5.9219, dtype=torch.float16);tensor(-6.0547, dtype=torch.float16);tensor(-0.3438, dtype=torch.float16);tensor(0., dtype=torch.float16);tensor(-0.0312, dtype=torch.float16);tensor(-1.0312, dtype=torch.float16);tensor(-6.8711, dtype=torch.float16);tensor(-0.2188, dtype=torch.float16);tensor(-0.0625, dtype=torch.float16);tensor(-5.2266, dtype=torch.float16)",epitome_rm
2,Michelle & Nick,implicit,"Scene 1: Michelle is upset, Rebecca enters and sees
Rebecca: Hey, honey, what’s wrong?
Michelle: I guess I might as well tell you.
Rebecca: Tell me what?
Michelle: It’s about Nick... we kinda hooked up in November just before Thanksgiving, at that wedding.
Rebecca: Wait, what? The wedding in November? That was after Thanksgiving.
Michelle: No, definitely before, it was November 22nd.
Rebecca: No, it was November 29th.
Michelle: Nope, definitely the 22nd – remember, that was the morning when Richard got his puppy?
Rebecca: Oh, yeah, you’re right. Anyway, carry on.
Michelle: Yeah. Nick had too much champagne before the ceremony and got tipsy, so we went for a walk that afternoon to help him walk it off. When we got back, he asked me if I’d consider dating him...but now I’m feeling like maybe he regrets it.
Rebecca: Why?
Michelle: Well, he doesn’t want to tell anyone about us, and he says it’s just too early, but I think maybe he just doesn’t like me enough to tell anyone.
Rebecca: Sweetie, I really think you need to talk to Nick about this. He’s probably really crazy about you and just hasn’t realized he’s upsetting you.
Michelle: OK, I’ll talk to him.

Scene 2: Nick talking to James
James: So, how’s it going with Michelle? She still thinks you haven’t told anyone, right?
Nick: Yeah. I’ve been trying to play it cool, making her think I just believe it’s too early to tell people, but the truth is I’m just really scared that if people find out, there’ll be so much pressure on me and I’ll mess it up. But I really want to stay with her – this is the best relationship I’ve been in forever.
[Rebecca enters, quietly]
James: And you’re going to keep letting her believe that?
Nick: Yeah, it’s easier that way.
Rebecca: Letting who believe what?
James: C’mon, man, I think you should tell her.
Nick: OK, OK, I didn’t want to tell anyone just yet, but...Michelle and I have been seeing each other for a while.
Rebecca: Oh my god, that’s fantastic! Why haven’t you told us yet? That’s such good news!
Nick: Yeah, well, I’m just scared I’m going to mess it up and I guess I didn’t want all eyes on me...
Rebecca: Aha!
Nick: What?
Rebecca: Michelle told me about you guys, idiot. And she’s really upset and worried, because she thinks you don’t like her enough to tell people you’re together.
Nick: What?! That’s insane! I’m crazy about her!
Rebecca: Well, then, I guess you’d better tell her the truth, hadn’t you? It’s not like she’s going to be angry or anything. And at the moment she’s really upset. (Rounding on James) And you knew about this?!
James: Ummmm...
Rebecca: You know who’s going to be very interested to hear what I know? Mr Protective Big Brother...
James: Oh my god, Rebecca, please don’t tell Richard.
Rebecca: Well, if you don’t tell Michelle the truth by tonight, I will.
[Rebecca leaves]
Rebecca: Ha, that’ll do the trick. I won’t even have to tell Richard – they’ll go running to Michelle straight away.",explicit,mental,2,Michelle believes that Nick thinks it’s too early to tell people about their relationship because he doesn’t like her all that much.,Michelle knows that Nick thinks too much outside attention will put pressure on their new relationship.,a,-1.9189453125,-3.533203125,-63.3125,-77.75,"tensor(-6.2578, dtype=torch.float16);tensor(0., dtype=torch.float16);tensor(-7.4062, dtype=torch.float16);tensor(0., dtype=torch.float16);tensor(-4.6172, dtype=torch.float16);tensor(-0.1250, dtype=torch.float16);tensor(-7.5625, dtype=torch.float16);tensor(-2.1562, dtype=torch.float16);tensor(-0.2969, dtype=torch.float16);tensor(0., dtype=torch.float16);tensor(-0.0156, dtype=torch.float16);tensor(-0.0156, dtype=torch.float16);tensor(-0.0156, dtype=torch.float16);tensor(-0.0156, dtype=torch.float16);tensor(-0.6719, dtype=torch.float16);tensor(-0.8594, dtype=torch.float16);tensor(-1.8281, dtype=torch.float16);tensor(0., dtype=torch.float16);tensor(-3.4141, dtype=torch.float16);tensor(-0.1406, dtype=torch.float16);tensor(-1.4219, dtype=torch.float16);tensor(-0.0781, dtype=torch.float16);tensor(0., dtype=torch.float16);tensor(-2.2656, dtype=torch.float16);tensor(0., dtype=torch.float16);tensor(-10.3125, dtype=torch.float16);tensor(-0.1406, dtype=torch.float16);tensor(-0.0312, dtype=torch.float16);tensor(-0.3438, dtype=torch.float16);tensor(-7.1484, dtype=torch.float16);tensor(-0.1719, dtype=torch.float16);tensor(-0.0469, dtype=torch.float16);tensor(-5.9688, dtype=torch.float16)","tensor(-6.2578, dtype=torch.float16);tensor(0., dtype=torch.float16);tensor(-6.3359, dtype=torch.float16);tensor(-3.1719, dtype=torch.float16);tensor(-2.2969, dtype=torch.float16);tensor(-6.1953, dtype=torch.float16);tensor(-5.0312, dtype=torch.float16);tensor(-0.0938, dtype=torch.float16);tensor(-11.3281, dtype=torch.float16);tensor(-10.3125, dtype=torch.float16);tensor(-0.4062, dtype=torch.float16);tensor(-3.4688, dtype=torch.float16);tensor(-0.8906, dtype=torch.float16);tensor(0., dtype=torch.float16);tensor(-1.6094, dtype=torch.float16);tensor(-4.9453, dtype=torch.float16);tensor(-0.0781, dtype=torch.float16);tensor(-0.9531, dtype=torch.float16);tensor(-8.5625, dtype=torch.float16);tensor(-0.0312, dtype=torch.float16);tensor(-0.0781, dtype=torch.float16);tensor(-5.6758, dtype=torch.float16)",epitome_rm
2,Michelle & Nick,implicit,"Scene 1: Michelle is upset, Rebecca enters and sees
Rebecca: Hey, honey, what’s wrong?
Michelle: I guess I might as well tell you.
Rebecca: Tell me what?
Michelle: It’s about Nick... we kinda hooked up in November just before Thanksgiving, at that wedding.
Rebecca: Wait, what? The wedding in November? That was after Thanksgiving.
Michelle: No, definitely before, it was November 22nd.
Rebecca: No, it was November 29th.
Michelle: Nope, definitely the 22nd – remember, that was the morning when Richard got his puppy?
Rebecca: Oh, yeah, you’re right. Anyway, carry on.
Michelle: Yeah. Nick had too much champagne before the ceremony and got tipsy, so we went for a walk that afternoon to help him walk it off. When we got back, he asked me if I’d consider dating him...but now I’m feeling like maybe he regrets it.
Rebecca: Why?
Michelle: Well, he doesn’t want to tell anyone about us, and he says it’s just too early, but I think maybe he just doesn’t like me enough to tell anyone.
Rebecca: Sweetie, I really think you need to talk to Nick about this. He’s probably really crazy about you and just hasn’t realized he’s upsetting you.
Michelle: OK, I’ll talk to him.

Scene 2: Nick talking to James
James: So, how’s it going with Michelle? She still thinks you haven’t told anyone, right?
Nick: Yeah. I’ve been trying to play it cool, making her think I just believe it’s too early to tell people, but the truth is I’m just really scared that if people find out, there’ll be so much pressure on me and I’ll mess it up. But I really want to stay with her – this is the best relationship I’ve been in forever.
[Rebecca enters, quietly]
James: And you’re going to keep letting her believe that?
Nick: Yeah, it’s easier that way.
Rebecca: Letting who believe what?
James: C’mon, man, I think you should tell her.
Nick: OK, OK, I didn’t want to tell anyone just yet, but...Michelle and I have been seeing each other for a while.
Rebecca: Oh my god, that’s fantastic! Why haven’t you told us yet? That’s such good news!
Nick: Yeah, well, I’m just scared I’m going to mess it up and I guess I didn’t want all eyes on me...
Rebecca: Aha!
Nick: What?
Rebecca: Michelle told me about you guys, idiot. And she’s really upset and worried, because she thinks you don’t like her enough to tell people you’re together.
Nick: What?! That’s insane! I’m crazy about her!
Rebecca: Well, then, I guess you’d better tell her the truth, hadn’t you? It’s not like she’s going to be angry or anything. And at the moment she’s really upset. (Rounding on James) And you knew about this?!
James: Ummmm...
Rebecca: You know who’s going to be very interested to hear what I know? Mr Protective Big Brother...
James: Oh my god, Rebecca, please don’t tell Richard.
Rebecca: Well, if you don’t tell Michelle the truth by tonight, I will.
[Rebecca leaves]
Rebecca: Ha, that’ll do the trick. I won’t even have to tell Richard – they’ll go running to Michelle straight away.",explicit,mental,3,Nick doesn’t know that Michelle is worried that he doesn’t like her enough to want to tell people.,Nick is fully aware that Michelle is worried that he doesn’t like her enough to want to tell people.,a,-1.9921875,-2.21484375,-57.78125,-62.0,"tensor(-8.4453, dtype=torch.float16);tensor(-7.6914, dtype=torch.float16);tensor(-0.0625, dtype=torch.float16);tensor(0., dtype=torch.float16);tensor(-2.5938, dtype=torch.float16);tensor(-6.3125, dtype=torch.float16);tensor(-1.5625, dtype=torch.float16);tensor(0., dtype=torch.float16);tensor(-2.4141, dtype=torch.float16);tensor(-3.6875, dtype=torch.float16);tensor(0., dtype=torch.float16);tensor(-1.6719, dtype=torch.float16);tensor(-0.0312, dtype=torch.float16);tensor(-0.4688, dtype=torch.float16);tensor(-0.1094, dtype=torch.float16);tensor(0., dtype=torch.float16);tensor(-0.0469, dtype=torch.float16);tensor(0., dtype=torch.float16);tensor(-0.2344, dtype=torch.float16);tensor(-0.1250, dtype=torch.float16);tensor(-5.6875, dtype=torch.float16);tensor(-0.2812, dtype=torch.float16);tensor(-0.5469, dtype=torch.float16);tensor(-0.6250, dtype=torch.float16);tensor(-2.0312, dtype=torch.float16);tensor(-7.7617, dtype=torch.float16);tensor(-0.1641, dtype=torch.float16);tensor(-0.0469, dtype=torch.float16);tensor(-5.1797, dtype=torch.float16)","tensor(-8.4453, dtype=torch.float16);tensor(-4.3984, dtype=torch.float16);tensor(-9.5391, dtype=torch.float16);tensor(-3.3203, dtype=torch.float16);tensor(-0.9062, dtype=torch.float16);tensor(-1.6406, dtype=torch.float16);tensor(0., dtype=torch.float16);tensor(-1.0312, dtype=torch.float16);tensor(-5.1484, dtype=torch.float16);tensor(0., dtype=torch.float16);tensor(-1.8281, dtype=torch.float16);tensor(-0.0156, dtype=torch.float16);tensor(-0.3906, dtype=torch.float16);tensor(-0.2188, dtype=torch.float16);tensor(0., dtype=torch.float16);tensor(-0.0625, dtype=torch.float16);tensor(0., dtype=torch.float16);tensor(-0.1875, dtype=torch.float16);tensor(-0.0781, dtype=torch.float16);tensor(-5.7891, dtype=torch.float16);tensor(-0.2188, dtype=torch.float16);tensor(-0.5312, dtype=torch.float16);tensor(-0.7031, dtype=torch.float16);tensor(-3.4531, dtype=torch.float16);tensor(-8.5938, dtype=torch.float16);tensor(-0.0312, dtype=torch.float16);tensor(-0.0938, dtype=torch.float16);tensor(-5.3711, dtype=torch.float16)",epitome_rm
2,Michelle & Nick,implicit,"Scene 1: Michelle is upset, Rebecca enters and sees
Rebecca: Hey, honey, what’s wrong?
Michelle: I guess I might as well tell you.
Rebecca: Tell me what?
Michelle: It’s about Nick... we kinda hooked up in November just before Thanksgiving, at that wedding.
Rebecca: Wait, what? The wedding in November? That was after Thanksgiving.
Michelle: No, definitely before, it was November 22nd.
Rebecca: No, it was November 29th.
Michelle: Nope, definitely the 22nd – remember, that was the morning when Richard got his puppy?
Rebecca: Oh, yeah, you’re right. Anyway, carry on.
Michelle: Yeah. Nick had too much champagne before the ceremony and got tipsy, so we went for a walk that afternoon to help him walk it off. When we got back, he asked me if I’d consider dating him...but now I’m feeling like maybe he regrets it.
Rebecca: Why?
Michelle: Well, he doesn’t want to tell anyone about us, and he says it’s just too early, but I think maybe he just doesn’t like me enough to tell anyone.
Rebecca: Sweetie, I really think you need to talk to Nick about this. He’s probably really crazy about you and just hasn’t realized he’s upsetting you.
Michelle: OK, I’ll talk to him.

Scene 2: Nick talking to James
James: So, how’s it going with Michelle? She still thinks you haven’t told anyone, right?
Nick: Yeah. I’ve been trying to play it cool, making her think I just believe it’s too early to tell people, but the truth is I’m just really scared that if people find out, there’ll be so much pressure on me and I’ll mess it up. But I really want to stay with her – this is the best relationship I’ve been in forever.
[Rebecca enters, quietly]
James: And you’re going to keep letting her believe that?
Nick: Yeah, it’s easier that way.
Rebecca: Letting who believe what?
James: C’mon, man, I think you should tell her.
Nick: OK, OK, I didn’t want to tell anyone just yet, but...Michelle and I have been seeing each other for a while.
Rebecca: Oh my god, that’s fantastic! Why haven’t you told us yet? That’s such good news!
Nick: Yeah, well, I’m just scared I’m going to mess it up and I guess I didn’t want all eyes on me...
Rebecca: Aha!
Nick: What?
Rebecca: Michelle told me about you guys, idiot. And she’s really upset and worried, because she thinks you don’t like her enough to tell people you’re together.
Nick: What?! That’s insane! I’m crazy about her!
Rebecca: Well, then, I guess you’d better tell her the truth, hadn’t you? It’s not like she’s going to be angry or anything. And at the moment she’s really upset. (Rounding on James) And you knew about this?!
James: Ummmm...
Rebecca: You know who’s going to be very interested to hear what I know? Mr Protective Big Brother...
James: Oh my god, Rebecca, please don’t tell Richard.
Rebecca: Well, if you don’t tell Michelle the truth by tonight, I will.
[Rebecca leaves]
Rebecca: Ha, that’ll do the trick. I won’t even have to tell Richard – they’ll go running to Michelle straight away.",explicit,mental,4,James knows that Nick wants Michelle to believe that Nick thinks it’s too early to tell people.,James doesn’t know that Nick wants Michelle to believe that Nick thinks it’s too early to tell people.,a,-2.69140625,-2.595703125,-67.3125,-72.6875,"tensor(-8.4609, dtype=torch.float16);tensor(-5.8125, dtype=torch.float16);tensor(-3.7578, dtype=torch.float16);tensor(-3.9531, dtype=torch.float16);tensor(-4.5312, dtype=torch.float16);tensor(-6.0781, dtype=torch.float16);tensor(0., dtype=torch.float16);tensor(-0.5000, dtype=torch.float16);tensor(-4., dtype=torch.float16);tensor(-1.0156, dtype=torch.float16);tensor(-5.7109, dtype=torch.float16);tensor(-4.0859, dtype=torch.float16);tensor(-0.2344, dtype=torch.float16);tensor(-0.2656, dtype=torch.float16);tensor(0., dtype=torch.float16);tensor(-0.0156, dtype=torch.float16);tensor(-0.0312, dtype=torch.float16);tensor(-0.0312, dtype=torch.float16);tensor(-0.0156, dtype=torch.float16);tensor(-0.6250, dtype=torch.float16);tensor(-2.5703, dtype=torch.float16);tensor(-9.1016, dtype=torch.float16);tensor(-0.1016, dtype=torch.float16);tensor(-0.0469, dtype=torch.float16);tensor(-6.3594, dtype=torch.float16)","tensor(-8.4609, dtype=torch.float16);tensor(-7.3125, dtype=torch.float16);tensor(-0.1562, dtype=torch.float16);tensor(0., dtype=torch.float16);tensor(-1.2344, dtype=torch.float16);tensor(-5.9219, dtype=torch.float16);tensor(-4.2578, dtype=torch.float16);tensor(-4.6484, dtype=torch.float16);tensor(-4.9297, dtype=torch.float16);tensor(0., dtype=torch.float16);tensor(-0.2656, dtype=torch.float16);tensor(-5.9141, dtype=torch.float16);tensor(-2.0312, dtype=torch.float16);tensor(-7., dtype=torch.float16);tensor(-3.9297, dtype=torch.float16);tensor(-0.1562, dtype=torch.float16);tensor(-0.0156, dtype=torch.float16);tensor(0., dtype=torch.float16);tensor(-0.0156, dtype=torch.float16);tensor(-0.0312, dtype=torch.float16);tensor(-0.0469, dtype=torch.float16);tensor(-0.0156, dtype=torch.float16);tensor(-0.5469, dtype=torch.float16);tensor(-1.4219, dtype=torch.float16);tensor(-8.0312, dtype=torch.float16);tensor(-0.4766, dtype=torch.float16);tensor(-0.0469, dtype=torch.float16);tensor(-5.7969, dtype=torch.float16)",epitome_rm
2,Michelle & Nick,implicit,"Scene 1: Michelle is upset, Rebecca enters and sees
Rebecca: Hey, honey, what’s wrong?
Michelle: I guess I might as well tell you.
Rebecca: Tell me what?
Michelle: It’s about Nick... we kinda hooked up in November just before Thanksgiving, at that wedding.
Rebecca: Wait, what? The wedding in November? That was after Thanksgiving.
Michelle: No, definitely before, it was November 22nd.
Rebecca: No, it was November 29th.
Michelle: Nope, definitely the 22nd – remember, that was the morning when Richard got his puppy?
Rebecca: Oh, yeah, you’re right. Anyway, carry on.
Michelle: Yeah. Nick had too much champagne before the ceremony and got tipsy, so we went for a walk that afternoon to help him walk it off. When we got back, he asked me if I’d consider dating him...but now I’m feeling like maybe he regrets it.
Rebecca: Why?
Michelle: Well, he doesn’t want to tell anyone about us, and he says it’s just too early, but I think maybe he just doesn’t like me enough to tell anyone.
Rebecca: Sweetie, I really think you need to talk to Nick about this. He’s probably really crazy about you and just hasn’t realized he’s upsetting you.
Michelle: OK, I’ll talk to him.

Scene 2: Nick talking to James
James: So, how’s it going with Michelle? She still thinks you haven’t told anyone, right?
Nick: Yeah. I’ve been trying to play it cool, making her think I just believe it’s too early to tell people, but the truth is I’m just really scared that if people find out, there’ll be so much pressure on me and I’ll mess it up. But I really want to stay with her – this is the best relationship I’ve been in forever.
[Rebecca enters, quietly]
James: And you’re going to keep letting her believe that?
Nick: Yeah, it’s easier that way.
Rebecca: Letting who believe what?
James: C’mon, man, I think you should tell her.
Nick: OK, OK, I didn’t want to tell anyone just yet, but...Michelle and I have been seeing each other for a while.
Rebecca: Oh my god, that’s fantastic! Why haven’t you told us yet? That’s such good news!
Nick: Yeah, well, I’m just scared I’m going to mess it up and I guess I didn’t want all eyes on me...
Rebecca: Aha!
Nick: What?
Rebecca: Michelle told me about you guys, idiot. And she’s really upset and worried, because she thinks you don’t like her enough to tell people you’re together.
Nick: What?! That’s insane! I’m crazy about her!
Rebecca: Well, then, I guess you’d better tell her the truth, hadn’t you? It’s not like she’s going to be angry or anything. And at the moment she’s really upset. (Rounding on James) And you knew about this?!
James: Ummmm...
Rebecca: You know who’s going to be very interested to hear what I know? Mr Protective Big Brother...
James: Oh my god, Rebecca, please don’t tell Richard.
Rebecca: Well, if you don’t tell Michelle the truth by tonight, I will.
[Rebecca leaves]
Rebecca: Ha, that’ll do the trick. I won’t even have to tell Richard – they’ll go running to Michelle straight away.",explicit,mental,5,Rebecca knows that James knows that Nick doesn't want Michelle to know that he is scared of too much attention ruining their relationship.,Rebecca doesn’t know that James knows that Nick doesn't want Michelle to know that he is scared of too much attention ruining their relationship.,a,-2.50390625,-2.439453125,-87.6875,-92.6875,"tensor(-12.5625, dtype=torch.float16);tensor(-0.0156, dtype=torch.float16);tensor(0., dtype=torch.float16);tensor(-4.6406, dtype=torch.float16);tensor(-4.3516, dtype=torch.float16);tensor(-5.2031, dtype=torch.float16);tensor(-2.7969, dtype=torch.float16);tensor(-2.5781, dtype=torch.float16);tensor(-0.3438, dtype=torch.float16);tensor(-6.5000, dtype=torch.float16);tensor(-1.3906, dtype=torch.float16);tensor(0., dtype=torch.float16);tensor(-0.1250, dtype=torch.float16);tensor(-4.5938, dtype=torch.float16);tensor(0., dtype=torch.float16);tensor(-0.0469, dtype=torch.float16);tensor(-0.1719, dtype=torch.float16);tensor(-1.2500, dtype=torch.float16);tensor(-1.4219, dtype=torch.float16);tensor(-2.1797, dtype=torch.float16);tensor(-2.1953, dtype=torch.float16);tensor(0., dtype=torch.float16);tensor(-0.6250, dtype=torch.float16);tensor(-10.7812, dtype=torch.float16);tensor(-0.0312, dtype=torch.float16);tensor(-0.1250, dtype=torch.float16);tensor(-7.6406, dtype=torch.float16);tensor(0., dtype=torch.float16);tensor(-0.9531, dtype=torch.float16);tensor(-0.0938, dtype=torch.float16);tensor(-0.5625, dtype=torch.float16);tensor(-9.0703, dtype=torch.float16);tensor(-0.0156, dtype=torch.float16);tensor(-0.0859, dtype=torch.float16);tensor(-5.3086, dtype=torch.float16)","tensor(-12.5625, dtype=torch.float16);tensor(-0.0156, dtype=torch.float16);tensor(0., dtype=torch.float16);tensor(-7.7812, dtype=torch.float16);tensor(-0.2969, dtype=torch.float16);tensor(0., dtype=torch.float16);tensor(-3.1328, dtype=torch.float16);tensor(-2.7734, dtype=torch.float16);tensor(-4.2578, dtype=torch.float16);tensor(-1.3047, dtype=torch.float16);tensor(-3.3203, dtype=torch.float16);tensor(-1., dtype=torch.float16);tensor(-6.0859, dtype=torch.float16);tensor(-2.5000, dtype=torch.float16);tensor(0., dtype=torch.float16);tensor(-0.2344, dtype=torch.float16);tensor(-4.1094, dtype=torch.float16);tensor(0., dtype=torch.float16);tensor(-0.0469, dtype=torch.float16);tensor(-0.1562, dtype=torch.float16);tensor(-1.7031, dtype=torch.float16);tensor(-1., dtype=torch.float16);tensor(-2.2344, dtype=torch.float16);tensor(-2.9141, dtype=torch.float16);tensor(0., dtype=torch.float16);tensor(-0.5469, dtype=torch.float16);tensor(-10.6406, dtype=torch.float16);tensor(-0.0312, dtype=torch.float16);tensor(-0.2031, dtype=torch.float16);tensor(-7.6484, dtype=torch.float16);tensor(0., dtype=torch.float16);tensor(-1.3438, dtype=torch.float16);tensor(-0.0938, dtype=torch.float16);tensor(-0.4062, dtype=torch.float16);tensor(-8.9766, dtype=torch.float16);tensor(-0.0469, dtype=torch.float16);tensor(-0.0469, dtype=torch.float16);tensor(-5.2891, dtype=torch.float16)",epitome_rm
2,Michelle & Nick,implicit,"Scene 1: Michelle is upset, Rebecca enters and sees
Rebecca: Hey, honey, what’s wrong?
Michelle: I guess I might as well tell you.
Rebecca: Tell me what?
Michelle: It’s about Nick... we kinda hooked up in November just before Thanksgiving, at that wedding.
Rebecca: Wait, what? The wedding in November? That was after Thanksgiving.
Michelle: No, definitely before, it was November 22nd.
Rebecca: No, it was November 29th.
Michelle: Nope, definitely the 22nd – remember, that was the morning when Richard got his puppy?
Rebecca: Oh, yeah, you’re right. Anyway, carry on.
Michelle: Yeah. Nick had too much champagne before the ceremony and got tipsy, so we went for a walk that afternoon to help him walk it off. When we got back, he asked me if I’d consider dating him...but now I’m feeling like maybe he regrets it.
Rebecca: Why?
Michelle: Well, he doesn’t want to tell anyone about us, and he says it’s just too early, but I think maybe he just doesn’t like me enough to tell anyone.
Rebecca: Sweetie, I really think you need to talk to Nick about this. He’s probably really crazy about you and just hasn’t realized he’s upsetting you.
Michelle: OK, I’ll talk to him.

Scene 2: Nick talking to James
James: So, how’s it going with Michelle? She still thinks you haven’t told anyone, right?
Nick: Yeah. I’ve been trying to play it cool, making her think I just believe it’s too early to tell people, but the truth is I’m just really scared that if people find out, there’ll be so much pressure on me and I’ll mess it up. But I really want to stay with her – this is the best relationship I’ve been in forever.
[Rebecca enters, quietly]
James: And you’re going to keep letting her believe that?
Nick: Yeah, it’s easier that way.
Rebecca: Letting who believe what?
James: C’mon, man, I think you should tell her.
Nick: OK, OK, I didn’t want to tell anyone just yet, but...Michelle and I have been seeing each other for a while.
Rebecca: Oh my god, that’s fantastic! Why haven’t you told us yet? That’s such good news!
Nick: Yeah, well, I’m just scared I’m going to mess it up and I guess I didn’t want all eyes on me...
Rebecca: Aha!
Nick: What?
Rebecca: Michelle told me about you guys, idiot. And she’s really upset and worried, because she thinks you don’t like her enough to tell people you’re together.
Nick: What?! That’s insane! I’m crazy about her!
Rebecca: Well, then, I guess you’d better tell her the truth, hadn’t you? It’s not like she’s going to be angry or anything. And at the moment she’s really upset. (Rounding on James) And you knew about this?!
James: Ummmm...
Rebecca: You know who’s going to be very interested to hear what I know? Mr Protective Big Brother...
James: Oh my god, Rebecca, please don’t tell Richard.
Rebecca: Well, if you don’t tell Michelle the truth by tonight, I will.
[Rebecca leaves]
Rebecca: Ha, that’ll do the trick. I won’t even have to tell Richard – they’ll go running to Michelle straight away.",explicit,mental,6,"James thinks that if Richard knows that James knows that Nick wants Michelle to believe that he thinks it’s too early to tell people, Richard will be really angry.","James doesn’t think that if Richard knows that James knows that Nick wants Michelle to believe that he thinks it’s too early to tell people, Richard will be really angry.",a,-2.541015625,-2.615234375,-96.5625,-107.25,"tensor(-8.4688, dtype=torch.float16);tensor(-8.9062, dtype=torch.float16);tensor(-2.8125, dtype=torch.float16);tensor(-3.1797, dtype=torch.float16);tensor(-2.8359, dtype=torch.float16);tensor(-2.5000, dtype=torch.float16);tensor(-2.8516, dtype=torch.float16);tensor(-9.9688, dtype=torch.float16);tensor(-1.6719, dtype=torch.float16);tensor(-2.6484, dtype=torch.float16);tensor(-0.7344, dtype=torch.float16);tensor(-6.8750, dtype=torch.float16);tensor(-4.7422, dtype=torch.float16);tensor(0., dtype=torch.float16);tensor(-1.7734, dtype=torch.float16);tensor(-4.8984, dtype=torch.float16);tensor(-1.6094, dtype=torch.float16);tensor(-0.6250, dtype=torch.float16);tensor(-4.8594, dtype=torch.float16);tensor(-0.3281, dtype=torch.float16);tensor(-0.0625, dtype=torch.float16);tensor(0., dtype=torch.float16);tensor(-0.0156, dtype=torch.float16);tensor(-0.0312, dtype=torch.float16);tensor(-0.0938, dtype=torch.float16);tensor(-0.0312, dtype=torch.float16);tensor(-0.5938, dtype=torch.float16);tensor(-0.4531, dtype=torch.float16);tensor(-2.7031, dtype=torch.float16);tensor(-0.3594, dtype=torch.float16);tensor(-1.8359, dtype=torch.float16);tensor(-3.0781, dtype=torch.float16);tensor(-1.0469, dtype=torch.float16);tensor(-0.9531, dtype=torch.float16);tensor(-7.5703, dtype=torch.float16);tensor(-0.3594, dtype=torch.float16);tensor(-0.1016, dtype=torch.float16);tensor(-4.9688, dtype=torch.float16)","tensor(-8.4688, dtype=torch.float16);tensor(-7.3125, dtype=torch.float16);tensor(-0.1562, dtype=torch.float16);tensor(0., dtype=torch.float16);tensor(-5.5625, dtype=torch.float16);tensor(-3.6797, dtype=torch.float16);tensor(-7.7734, dtype=torch.float16);tensor(-3.7109, dtype=torch.float16);tensor(-2.5156, dtype=torch.float16);tensor(-3.1719, dtype=torch.float16);tensor(-9.2031, dtype=torch.float16);tensor(-1.6562, dtype=torch.float16);tensor(-2.5234, dtype=torch.float16);tensor(-1.1406, dtype=torch.float16);tensor(-6.9375, dtype=torch.float16);tensor(-4.1562, dtype=torch.float16);tensor(0., dtype=torch.float16);tensor(-1.2734, dtype=torch.float16);tensor(-4.7188, dtype=torch.float16);tensor(-1.7500, dtype=torch.float16);tensor(-0.6406, dtype=torch.float16);tensor(-4.8359, dtype=torch.float16);tensor(-0.3750, dtype=torch.float16);tensor(-0.0312, dtype=torch.float16);tensor(0., dtype=torch.float16);tensor(-0.0156, dtype=torch.float16);tensor(-0.0312, dtype=torch.float16);tensor(-0.1094, dtype=torch.float16);tensor(-0.0312, dtype=torch.float16);tensor(-0.6250, dtype=torch.float16);tensor(-0.3906, dtype=torch.float16);tensor(-2.7812, dtype=torch.float16);tensor(-0.7188, dtype=torch.float16);tensor(-1.7734, dtype=torch.float16);tensor(-3.8125, dtype=torch.float16);tensor(-1.2656, dtype=torch.float16);tensor(-0.8906, dtype=torch.float16);tensor(-7.3359, dtype=torch.float16);tensor(-0.4141, dtype=torch.float16);tensor(-0.1094, dtype=torch.float16);tensor(-5.3516, dtype=torch.float16)",epitome_rm
2,Michelle & Nick,implicit,"Scene 1: Michelle is upset, Rebecca enters and sees
Rebecca: Hey, honey, what’s wrong?
Michelle: I guess I might as well tell you.
Rebecca: Tell me what?
Michelle: It’s about Nick... we kinda hooked up in November just before Thanksgiving, at that wedding.
Rebecca: Wait, what? The wedding in November? That was after Thanksgiving.
Michelle: No, definitely before, it was November 22nd.
Rebecca: No, it was November 29th.
Michelle: Nope, definitely the 22nd – remember, that was the morning when Richard got his puppy?
Rebecca: Oh, yeah, you’re right. Anyway, carry on.
Michelle: Yeah. Nick had too much champagne before the ceremony and got tipsy, so we went for a walk that afternoon to help him walk it off. When we got back, he asked me if I’d consider dating him...but now I’m feeling like maybe he regrets it.
Rebecca: Why?
Michelle: Well, he doesn’t want to tell anyone about us, and he says it’s just too early, but I think maybe he just doesn’t like me enough to tell anyone.
Rebecca: Sweetie, I really think you need to talk to Nick about this. He’s probably really crazy about you and just hasn’t realized he’s upsetting you.
Michelle: OK, I’ll talk to him.

Scene 2: Nick talking to James
James: So, how’s it going with Michelle? She still thinks you haven’t told anyone, right?
Nick: Yeah. I’ve been trying to play it cool, making her think I just believe it’s too early to tell people, but the truth is I’m just really scared that if people find out, there’ll be so much pressure on me and I’ll mess it up. But I really want to stay with her – this is the best relationship I’ve been in forever.
[Rebecca enters, quietly]
James: And you’re going to keep letting her believe that?
Nick: Yeah, it’s easier that way.
Rebecca: Letting who believe what?
James: C’mon, man, I think you should tell her.
Nick: OK, OK, I didn’t want to tell anyone just yet, but...Michelle and I have been seeing each other for a while.
Rebecca: Oh my god, that’s fantastic! Why haven’t you told us yet? That’s such good news!
Nick: Yeah, well, I’m just scared I’m going to mess it up and I guess I didn’t want all eyes on me...
Rebecca: Aha!
Nick: What?
Rebecca: Michelle told me about you guys, idiot. And she’s really upset and worried, because she thinks you don’t like her enough to tell people you’re together.
Nick: What?! That’s insane! I’m crazy about her!
Rebecca: Well, then, I guess you’d better tell her the truth, hadn’t you? It’s not like she’s going to be angry or anything. And at the moment she’s really upset. (Rounding on James) And you knew about this?!
James: Ummmm...
Rebecca: You know who’s going to be very interested to hear what I know? Mr Protective Big Brother...
James: Oh my god, Rebecca, please don’t tell Richard.
Rebecca: Well, if you don’t tell Michelle the truth by tonight, I will.
[Rebecca leaves]
Rebecca: Ha, that’ll do the trick. I won’t even have to tell Richard – they’ll go running to Michelle straight away.",explicit,mental,7,Rebecca wants Richard to know that she knows that James knows that Nick wants Michelle to believe that he thinks that it’s too early to tell people.,Rebecca doesn’t want Richard to know that she knows that James knows that Nick wants Michelle to believe that he thinks that it’s too early to tell people.,a,-2.40234375,-2.44140625,-88.875,-97.625,"tensor(-12.5625, dtype=torch.float16);tensor(-0.0156, dtype=torch.float16);tensor(0., dtype=torch.float16);tensor(-7.4297, dtype=torch.float16);tensor(-3.9531, dtype=torch.float16);tensor(-0.1250, dtype=torch.float16);tensor(-0.5781, dtype=torch.float16);tensor(-2.3281, dtype=torch.float16);tensor(-0.7266, dtype=torch.float16);tensor(-0.7812, dtype=torch.float16);tensor(-3.7344, dtype=torch.float16);tensor(-7.2891, dtype=torch.float16);tensor(-0.7656, dtype=torch.float16);tensor(-1.6562, dtype=torch.float16);tensor(-0.3906, dtype=torch.float16);tensor(-6.9219, dtype=torch.float16);tensor(-4.2500, dtype=torch.float16);tensor(0., dtype=torch.float16);tensor(-1.3594, dtype=torch.float16);tensor(-3.5703, dtype=torch.float16);tensor(-1.0312, dtype=torch.float16);tensor(-0.7656, dtype=torch.float16);tensor(-3.9766, dtype=torch.float16);tensor(-5.5391, dtype=torch.float16);tensor(-0.8750, dtype=torch.float16);tensor(-0.4531, dtype=torch.float16);tensor(0., dtype=torch.float16);tensor(-0.0156, dtype=torch.float16);tensor(-0.0469, dtype=torch.float16);tensor(-0.0312, dtype=torch.float16);tensor(-0.0312, dtype=torch.float16);tensor(-0.7344, dtype=torch.float16);tensor(-2.7969, dtype=torch.float16);tensor(-6.9922, dtype=torch.float16);tensor(-0.1953, dtype=torch.float16);tensor(-0.1406, dtype=torch.float16);tensor(-6.8203, dtype=torch.float16)","tensor(-12.5625, dtype=torch.float16);tensor(-0.0156, dtype=torch.float16);tensor(0., dtype=torch.float16);tensor(-7.7812, dtype=torch.float16);tensor(-0.2969, dtype=torch.float16);tensor(0., dtype=torch.float16);tensor(-2.7891, dtype=torch.float16);tensor(-1.5391, dtype=torch.float16);tensor(-0.3281, dtype=torch.float16);tensor(-1.1562, dtype=torch.float16);tensor(-4.8906, dtype=torch.float16);tensor(-0.8906, dtype=torch.float16);tensor(-0.2969, dtype=torch.float16);tensor(-4.6797, dtype=torch.float16);tensor(-8.2500, dtype=torch.float16);tensor(-0.6250, dtype=torch.float16);tensor(-1.5703, dtype=torch.float16);tensor(-0.5781, dtype=torch.float16);tensor(-7.6172, dtype=torch.float16);tensor(-5.7188, dtype=torch.float16);tensor(0., dtype=torch.float16);tensor(-2.4453, dtype=torch.float16);tensor(-3.4609, dtype=torch.float16);tensor(-1.3125, dtype=torch.float16);tensor(-0.9375, dtype=torch.float16);tensor(-4.4844, dtype=torch.float16);tensor(-5.1406, dtype=torch.float16);tensor(-1.2969, dtype=torch.float16);tensor(-0.2188, dtype=torch.float16);tensor(0., dtype=torch.float16);tensor(-0.0156, dtype=torch.float16);tensor(-0.0312, dtype=torch.float16);tensor(-0.0312, dtype=torch.float16);tensor(-0.0312, dtype=torch.float16);tensor(-0.7500, dtype=torch.float16);tensor(-2.2344, dtype=torch.float16);tensor(-7.2031, dtype=torch.float16);tensor(-0.0703, dtype=torch.float16);tensor(-0.1016, dtype=torch.float16);tensor(-6.2773, dtype=torch.float16)",epitome_rm
2,Michelle & Nick,implicit,"Scene 1: Michelle is upset, Rebecca enters and sees
Rebecca: Hey, honey, what’s wrong?
Michelle: I guess I might as well tell you.
Rebecca: Tell me what?
Michelle: It’s about Nick... we kinda hooked up in November just before Thanksgiving, at that wedding.
Rebecca: Wait, what? The wedding in November? That was after Thanksgiving.
Michelle: No, definitely before, it was November 22nd.
Rebecca: No, it was November 29th.
Michelle: Nope, definitely the 22nd – remember, that was the morning when Richard got his puppy?
Rebecca: Oh, yeah, you’re right. Anyway, carry on.
Michelle: Yeah. Nick had too much champagne before the ceremony and got tipsy, so we went for a walk that afternoon to help him walk it off. When we got back, he asked me if I’d consider dating him...but now I’m feeling like maybe he regrets it.
Rebecca: Why?
Michelle: Well, he doesn’t want to tell anyone about us, and he says it’s just too early, but I think maybe he just doesn’t like me enough to tell anyone.
Rebecca: Sweetie, I really think you need to talk to Nick about this. He’s probably really crazy about you and just hasn’t realized he’s upsetting you.
Michelle: OK, I’ll talk to him.

Scene 2: Nick talking to James
James: So, how’s it going with Michelle? She still thinks you haven’t told anyone, right?
Nick: Yeah. I’ve been trying to play it cool, making her think I just believe it’s too early to tell people, but the truth is I’m just really scared that if people find out, there’ll be so much pressure on me and I’ll mess it up. But I really want to stay with her – this is the best relationship I’ve been in forever.
[Rebecca enters, quietly]
James: And you’re going to keep letting her believe that?
Nick: Yeah, it’s easier that way.
Rebecca: Letting who believe what?
James: C’mon, man, I think you should tell her.
Nick: OK, OK, I didn’t want to tell anyone just yet, but...Michelle and I have been seeing each other for a while.
Rebecca: Oh my god, that’s fantastic! Why haven’t you told us yet? That’s such good news!
Nick: Yeah, well, I’m just scared I’m going to mess it up and I guess I didn’t want all eyes on me...
Rebecca: Aha!
Nick: What?
Rebecca: Michelle told me about you guys, idiot. And she’s really upset and worried, because she thinks you don’t like her enough to tell people you’re together.
Nick: What?! That’s insane! I’m crazy about her!
Rebecca: Well, then, I guess you’d better tell her the truth, hadn’t you? It’s not like she’s going to be angry or anything. And at the moment she’s really upset. (Rounding on James) And you knew about this?!
James: Ummmm...
Rebecca: You know who’s going to be very interested to hear what I know? Mr Protective Big Brother...
James: Oh my god, Rebecca, please don’t tell Richard.
Rebecca: Well, if you don’t tell Michelle the truth by tonight, I will.
[Rebecca leaves]
Rebecca: Ha, that’ll do the trick. I won’t even have to tell Richard – they’ll go running to Michelle straight away.",explicit,control,1,Michelle and Nick started dating after a walk in the park.,Michelle and Nick started dating during a walk in the park.,a,-2.703125,-3.09765625,-48.65625,-55.75,"tensor(-6.2578, dtype=torch.float16);tensor(0., dtype=torch.float16);tensor(-2.6562, dtype=torch.float16);tensor(-0.3125, dtype=torch.float16);tensor(-9.1875, dtype=torch.float16);tensor(-0.3438, dtype=torch.float16);tensor(0., dtype=torch.float16);tensor(-1.7578, dtype=torch.float16);tensor(-2.7734, dtype=torch.float16);tensor(-5.9609, dtype=torch.float16);tensor(-2.4688, dtype=torch.float16);tensor(-0.4062, dtype=torch.float16);tensor(-0.1406, dtype=torch.float16);tensor(-1.2578, dtype=torch.float16);tensor(-9.6719, dtype=torch.float16);tensor(-0.0312, dtype=torch.float16);tensor(-0.3203, dtype=torch.float16);tensor(-5.1094, dtype=torch.float16)","tensor(-6.2578, dtype=torch.float16);tensor(0., dtype=torch.float16);tensor(-2.6562, dtype=torch.float16);tensor(-0.3125, dtype=torch.float16);tensor(-9.1875, dtype=torch.float16);tensor(-0.3438, dtype=torch.float16);tensor(0., dtype=torch.float16);tensor(-5.8828, dtype=torch.float16);tensor(-2.0938, dtype=torch.float16);tensor(-8.3828, dtype=torch.float16);tensor(-2.7266, dtype=torch.float16);tensor(-1.1484, dtype=torch.float16);tensor(-0.2031, dtype=torch.float16);tensor(-1.3984, dtype=torch.float16);tensor(-9.4531, dtype=torch.float16);tensor(-0.0312, dtype=torch.float16);tensor(-0.5078, dtype=torch.float16);tensor(-5.1641, dtype=torch.float16)",epitome_rm
2,Michelle & Nick,implicit,"Scene 1: Michelle is upset, Rebecca enters and sees
Rebecca: Hey, honey, what’s wrong?
Michelle: I guess I might as well tell you.
Rebecca: Tell me what?
Michelle: It’s about Nick... we kinda hooked up in November just before Thanksgiving, at that wedding.
Rebecca: Wait, what? The wedding in November? That was after Thanksgiving.
Michelle: No, definitely before, it was November 22nd.
Rebecca: No, it was November 29th.
Michelle: Nope, definitely the 22nd – remember, that was the morning when Richard got his puppy?
Rebecca: Oh, yeah, you’re right. Anyway, carry on.
Michelle: Yeah. Nick had too much champagne before the ceremony and got tipsy, so we went for a walk that afternoon to help him walk it off. When we got back, he asked me if I’d consider dating him...but now I’m feeling like maybe he regrets it.
Rebecca: Why?
Michelle: Well, he doesn’t want to tell anyone about us, and he says it’s just too early, but I think maybe he just doesn’t like me enough to tell anyone.
Rebecca: Sweetie, I really think you need to talk to Nick about this. He’s probably really crazy about you and just hasn’t realized he’s upsetting you.
Michelle: OK, I’ll talk to him.

Scene 2: Nick talking to James
James: So, how’s it going with Michelle? She still thinks you haven’t told anyone, right?
Nick: Yeah. I’ve been trying to play it cool, making her think I just believe it’s too early to tell people, but the truth is I’m just really scared that if people find out, there’ll be so much pressure on me and I’ll mess it up. But I really want to stay with her – this is the best relationship I’ve been in forever.
[Rebecca enters, quietly]
James: And you’re going to keep letting her believe that?
Nick: Yeah, it’s easier that way.
Rebecca: Letting who believe what?
James: C’mon, man, I think you should tell her.
Nick: OK, OK, I didn’t want to tell anyone just yet, but...Michelle and I have been seeing each other for a while.
Rebecca: Oh my god, that’s fantastic! Why haven’t you told us yet? That’s such good news!
Nick: Yeah, well, I’m just scared I’m going to mess it up and I guess I didn’t want all eyes on me...
Rebecca: Aha!
Nick: What?
Rebecca: Michelle told me about you guys, idiot. And she’s really upset and worried, because she thinks you don’t like her enough to tell people you’re together.
Nick: What?! That’s insane! I’m crazy about her!
Rebecca: Well, then, I guess you’d better tell her the truth, hadn’t you? It’s not like she’s going to be angry or anything. And at the moment she’s really upset. (Rounding on James) And you knew about this?!
James: Ummmm...
Rebecca: You know who’s going to be very interested to hear what I know? Mr Protective Big Brother...
James: Oh my god, Rebecca, please don’t tell Richard.
Rebecca: Well, if you don’t tell Michelle the truth by tonight, I will.
[Rebecca leaves]
Rebecca: Ha, that’ll do the trick. I won’t even have to tell Richard – they’ll go running to Michelle straight away.",explicit,control,2,"Michelle and Nick started dating after a walk in the park, when Nick was tipsy.","Michelle and Nick started dating during a walk in the park, when Nick was tipsy.",a,-2.38671875,-2.638671875,-57.25,-63.34375,"tensor(-6.2578, dtype=torch.float16);tensor(0., dtype=torch.float16);tensor(-2.6562, dtype=torch.float16);tensor(-0.3125, dtype=torch.float16);tensor(-9.1875, dtype=torch.float16);tensor(-0.3438, dtype=torch.float16);tensor(0., dtype=torch.float16);tensor(-1.7578, dtype=torch.float16);tensor(-2.7734, dtype=torch.float16);tensor(-5.9609, dtype=torch.float16);tensor(-2.4688, dtype=torch.float16);tensor(-0.4062, dtype=torch.float16);tensor(-0.1406, dtype=torch.float16);tensor(-2.2500, dtype=torch.float16);tensor(-4.7109, dtype=torch.float16);tensor(-0.4375, dtype=torch.float16);tensor(-1.0859, dtype=torch.float16);tensor(-0.3125, dtype=torch.float16);tensor(0., dtype=torch.float16);tensor(-1.0781, dtype=torch.float16);tensor(-10., dtype=torch.float16);tensor(-0.0156, dtype=torch.float16);tensor(-0.4375, dtype=torch.float16);tensor(-4.6680, dtype=torch.float16)","tensor(-6.2578, dtype=torch.float16);tensor(0., dtype=torch.float16);tensor(-2.6562, dtype=torch.float16);tensor(-0.3125, dtype=torch.float16);tensor(-9.1875, dtype=torch.float16);tensor(-0.3438, dtype=torch.float16);tensor(0., dtype=torch.float16);tensor(-5.8828, dtype=torch.float16);tensor(-2.0938, dtype=torch.float16);tensor(-8.3828, dtype=torch.float16);tensor(-2.7266, dtype=torch.float16);tensor(-1.1484, dtype=torch.float16);tensor(-0.2031, dtype=torch.float16);tensor(-2.4375, dtype=torch.float16);tensor(-3.6172, dtype=torch.float16);tensor(-0.3125, dtype=torch.float16);tensor(-0.9297, dtype=torch.float16);tensor(-0.3750, dtype=torch.float16);tensor(0., dtype=torch.float16);tensor(-1.3438, dtype=torch.float16);tensor(-9.8906, dtype=torch.float16);tensor(-0.0156, dtype=torch.float16);tensor(-0.6562, dtype=torch.float16);tensor(-4.5625, dtype=torch.float16)",epitome_rm
2,Michelle & Nick,implicit,"Scene 1: Michelle is upset, Rebecca enters and sees
Rebecca: Hey, honey, what’s wrong?
Michelle: I guess I might as well tell you.
Rebecca: Tell me what?
Michelle: It’s about Nick... we kinda hooked up in November just before Thanksgiving, at that wedding.
Rebecca: Wait, what? The wedding in November? That was after Thanksgiving.
Michelle: No, definitely before, it was November 22nd.
Rebecca: No, it was November 29th.
Michelle: Nope, definitely the 22nd – remember, that was the morning when Richard got his puppy?
Rebecca: Oh, yeah, you’re right. Anyway, carry on.
Michelle: Yeah. Nick had too much champagne before the ceremony and got tipsy, so we went for a walk that afternoon to help him walk it off. When we got back, he asked me if I’d consider dating him...but now I’m feeling like maybe he regrets it.
Rebecca: Why?
Michelle: Well, he doesn’t want to tell anyone about us, and he says it’s just too early, but I think maybe he just doesn’t like me enough to tell anyone.
Rebecca: Sweetie, I really think you need to talk to Nick about this. He’s probably really crazy about you and just hasn’t realized he’s upsetting you.
Michelle: OK, I’ll talk to him.

Scene 2: Nick talking to James
James: So, how’s it going with Michelle? She still thinks you haven’t told anyone, right?
Nick: Yeah. I’ve been trying to play it cool, making her think I just believe it’s too early to tell people, but the truth is I’m just really scared that if people find out, there’ll be so much pressure on me and I’ll mess it up. But I really want to stay with her – this is the best relationship I’ve been in forever.
[Rebecca enters, quietly]
James: And you’re going to keep letting her believe that?
Nick: Yeah, it’s easier that way.
Rebecca: Letting who believe what?
James: C’mon, man, I think you should tell her.
Nick: OK, OK, I didn’t want to tell anyone just yet, but...Michelle and I have been seeing each other for a while.
Rebecca: Oh my god, that’s fantastic! Why haven’t you told us yet? That’s such good news!
Nick: Yeah, well, I’m just scared I’m going to mess it up and I guess I didn’t want all eyes on me...
Rebecca: Aha!
Nick: What?
Rebecca: Michelle told me about you guys, idiot. And she’s really upset and worried, because she thinks you don’t like her enough to tell people you’re together.
Nick: What?! That’s insane! I’m crazy about her!
Rebecca: Well, then, I guess you’d better tell her the truth, hadn’t you? It’s not like she’s going to be angry or anything. And at the moment she’s really upset. (Rounding on James) And you knew about this?!
James: Ummmm...
Rebecca: You know who’s going to be very interested to hear what I know? Mr Protective Big Brother...
James: Oh my god, Rebecca, please don’t tell Richard.
Rebecca: Well, if you don’t tell Michelle the truth by tonight, I will.
[Rebecca leaves]
Rebecca: Ha, that’ll do the trick. I won’t even have to tell Richard – they’ll go running to Michelle straight away.",explicit,control,3,"Michelle and Nick started dating in the afternoon, after a walk in the park, when Nick was tipsy.","Michelle and Nick started dating in the morning, during a walk in the park, before Nick got tipsy.",a,-2.419921875,-2.93359375,-67.75,-82.125,"tensor(-6.2578, dtype=torch.float16);tensor(0., dtype=torch.float16);tensor(-2.6562, dtype=torch.float16);tensor(-0.3125, dtype=torch.float16);tensor(-9.1875, dtype=torch.float16);tensor(-0.3438, dtype=torch.float16);tensor(0., dtype=torch.float16);tensor(-1.3125, dtype=torch.float16);tensor(-6.2344, dtype=torch.float16);tensor(-5.1641, dtype=torch.float16);tensor(-3.0391, dtype=torch.float16);tensor(-2.5234, dtype=torch.float16);tensor(-3.1250, dtype=torch.float16);tensor(-2.3438, dtype=torch.float16);tensor(-2.1875, dtype=torch.float16);tensor(-0.0312, dtype=torch.float16);tensor(-0.1875, dtype=torch.float16);tensor(-1.8828, dtype=torch.float16);tensor(-3.1641, dtype=torch.float16);tensor(-0.4375, dtype=torch.float16);tensor(-1.4453, dtype=torch.float16);tensor(-0.4219, dtype=torch.float16);tensor(0., dtype=torch.float16);tensor(-0.9531, dtype=torch.float16);tensor(-9.0156, dtype=torch.float16);tensor(-0.0312, dtype=torch.float16);tensor(-0.3125, dtype=torch.float16);tensor(-5.1680, dtype=torch.float16)","tensor(-6.2578, dtype=torch.float16);tensor(0., dtype=torch.float16);tensor(-2.6562, dtype=torch.float16);tensor(-0.3125, dtype=torch.float16);tensor(-9.1875, dtype=torch.float16);tensor(-0.3438, dtype=torch.float16);tensor(0., dtype=torch.float16);tensor(-1.3125, dtype=torch.float16);tensor(-6.2344, dtype=torch.float16);tensor(-5.2188, dtype=torch.float16);tensor(-4.0078, dtype=torch.float16);tensor(-6.7969, dtype=torch.float16);tensor(-2.8281, dtype=torch.float16);tensor(-0.7109, dtype=torch.float16);tensor(-3.0234, dtype=torch.float16);tensor(-0.0938, dtype=torch.float16);tensor(-0.1250, dtype=torch.float16);tensor(-1.5078, dtype=torch.float16);tensor(-2.5234, dtype=torch.float16);tensor(-8.6172, dtype=torch.float16);tensor(-2.0312, dtype=torch.float16);tensor(-1.6250, dtype=torch.float16);tensor(0., dtype=torch.float16);tensor(-2.0156, dtype=torch.float16);tensor(-8.7031, dtype=torch.float16);tensor(-0.1250, dtype=torch.float16);tensor(-0.2422, dtype=torch.float16);tensor(-5.6172, dtype=torch.float16)",epitome_rm
2,Michelle & Nick,implicit,"Scene 1: Michelle is upset, Rebecca enters and sees
Rebecca: Hey, honey, what’s wrong?
Michelle: I guess I might as well tell you.
Rebecca: Tell me what?
Michelle: It’s about Nick... we kinda hooked up in November just before Thanksgiving, at that wedding.
Rebecca: Wait, what? The wedding in November? That was after Thanksgiving.
Michelle: No, definitely before, it was November 22nd.
Rebecca: No, it was November 29th.
Michelle: Nope, definitely the 22nd – remember, that was the morning when Richard got his puppy?
Rebecca: Oh, yeah, you’re right. Anyway, carry on.
Michelle: Yeah. Nick had too much champagne before the ceremony and got tipsy, so we went for a walk that afternoon to help him walk it off. When we got back, he asked me if I’d consider dating him...but now I’m feeling like maybe he regrets it.
Rebecca: Why?
Michelle: Well, he doesn’t want to tell anyone about us, and he says it’s just too early, but I think maybe he just doesn’t like me enough to tell anyone.
Rebecca: Sweetie, I really think you need to talk to Nick about this. He’s probably really crazy about you and just hasn’t realized he’s upsetting you.
Michelle: OK, I’ll talk to him.

Scene 2: Nick talking to James
James: So, how’s it going with Michelle? She still thinks you haven’t told anyone, right?
Nick: Yeah. I’ve been trying to play it cool, making her think I just believe it’s too early to tell people, but the truth is I’m just really scared that if people find out, there’ll be so much pressure on me and I’ll mess it up. But I really want to stay with her – this is the best relationship I’ve been in forever.
[Rebecca enters, quietly]
James: And you’re going to keep letting her believe that?
Nick: Yeah, it’s easier that way.
Rebecca: Letting who believe what?
James: C’mon, man, I think you should tell her.
Nick: OK, OK, I didn’t want to tell anyone just yet, but...Michelle and I have been seeing each other for a while.
Rebecca: Oh my god, that’s fantastic! Why haven’t you told us yet? That’s such good news!
Nick: Yeah, well, I’m just scared I’m going to mess it up and I guess I didn’t want all eyes on me...
Rebecca: Aha!
Nick: What?
Rebecca: Michelle told me about you guys, idiot. And she’s really upset and worried, because she thinks you don’t like her enough to tell people you’re together.
Nick: What?! That’s insane! I’m crazy about her!
Rebecca: Well, then, I guess you’d better tell her the truth, hadn’t you? It’s not like she’s going to be angry or anything. And at the moment she’s really upset. (Rounding on James) And you knew about this?!
James: Ummmm...
Rebecca: You know who’s going to be very interested to hear what I know? Mr Protective Big Brother...
James: Oh my god, Rebecca, please don’t tell Richard.
Rebecca: Well, if you don’t tell Michelle the truth by tonight, I will.
[Rebecca leaves]
Rebecca: Ha, that’ll do the trick. I won’t even have to tell Richard – they’ll go running to Michelle straight away.",explicit,control,4,"Michelle and Nick started dating after a walk in the park, when Nick was tipsy, in the afternoon, on November 22nd.","Michelle and Nick started dating during a walk in the park, in the morning, on November 22nd, before Nick got tipsy.",a,-2.056640625,-2.580078125,-71.9375,-90.3125,"tensor(-6.2500, dtype=torch.float16);tensor(0., dtype=torch.float16);tensor(-2.6641, dtype=torch.float16);tensor(-0.3125, dtype=torch.float16);tensor(-9.1875, dtype=torch.float16);tensor(-0.3438, dtype=torch.float16);tensor(0., dtype=torch.float16);tensor(-1.7578, dtype=torch.float16);tensor(-2.7578, dtype=torch.float16);tensor(-5.9844, dtype=torch.float16);tensor(-2.4688, dtype=torch.float16);tensor(-0.4062, dtype=torch.float16);tensor(-0.1406, dtype=torch.float16);tensor(-2.2500, dtype=torch.float16);tensor(-4.7031, dtype=torch.float16);tensor(-0.4375, dtype=torch.float16);tensor(-1.0859, dtype=torch.float16);tensor(-0.3125, dtype=torch.float16);tensor(0., dtype=torch.float16);tensor(-2.7578, dtype=torch.float16);tensor(-4.4219, dtype=torch.float16);tensor(-3.5078, dtype=torch.float16);tensor(-1.0703, dtype=torch.float16);tensor(-3.0391, dtype=torch.float16);tensor(-1.8984, dtype=torch.float16);tensor(-0.1094, dtype=torch.float16);tensor(-0.0469, dtype=torch.float16);tensor(0., dtype=torch.float16);tensor(0., dtype=torch.float16);tensor(0., dtype=torch.float16);tensor(-0.3438, dtype=torch.float16);tensor(-7.5859, dtype=torch.float16);tensor(-0.2578, dtype=torch.float16);tensor(-0.1797, dtype=torch.float16);tensor(-5.6758, dtype=torch.float16)","tensor(-6.2500, dtype=torch.float16);tensor(0., dtype=torch.float16);tensor(-2.6641, dtype=torch.float16);tensor(-0.3125, dtype=torch.float16);tensor(-9.1875, dtype=torch.float16);tensor(-0.3438, dtype=torch.float16);tensor(0., dtype=torch.float16);tensor(-5.8750, dtype=torch.float16);tensor(-2.0859, dtype=torch.float16);tensor(-8.3828, dtype=torch.float16);tensor(-2.7266, dtype=torch.float16);tensor(-1.1562, dtype=torch.float16);tensor(-0.2031, dtype=torch.float16);tensor(-2.4375, dtype=torch.float16);tensor(-4.7891, dtype=torch.float16);tensor(-1.7891, dtype=torch.float16);tensor(-2.8984, dtype=torch.float16);tensor(-1.3594, dtype=torch.float16);tensor(-2.1797, dtype=torch.float16);tensor(-0.1562, dtype=torch.float16);tensor(-0.0312, dtype=torch.float16);tensor(0., dtype=torch.float16);tensor(0., dtype=torch.float16);tensor(0., dtype=torch.float16);tensor(-1.5625, dtype=torch.float16);tensor(-1.5469, dtype=torch.float16);tensor(-11.8516, dtype=torch.float16);tensor(-1.8594, dtype=torch.float16);tensor(-1.2344, dtype=torch.float16);tensor(0., dtype=torch.float16);tensor(-2.8047, dtype=torch.float16);tensor(-8.7500, dtype=torch.float16);tensor(-0.0781, dtype=torch.float16);tensor(-0.2578, dtype=torch.float16);tensor(-5.5469, dtype=torch.float16)",epitome_rm
2,Michelle & Nick,implicit,"Scene 1: Michelle is upset, Rebecca enters and sees
Rebecca: Hey, honey, what’s wrong?
Michelle: I guess I might as well tell you.
Rebecca: Tell me what?
Michelle: It’s about Nick... we kinda hooked up in November just before Thanksgiving, at that wedding.
Rebecca: Wait, what? The wedding in November? That was after Thanksgiving.
Michelle: No, definitely before, it was November 22nd.
Rebecca: No, it was November 29th.
Michelle: Nope, definitely the 22nd – remember, that was the morning when Richard got his puppy?
Rebecca: Oh, yeah, you’re right. Anyway, carry on.
Michelle: Yeah. Nick had too much champagne before the ceremony and got tipsy, so we went for a walk that afternoon to help him walk it off. When we got back, he asked me if I’d consider dating him...but now I’m feeling like maybe he regrets it.
Rebecca: Why?
Michelle: Well, he doesn’t want to tell anyone about us, and he says it’s just too early, but I think maybe he just doesn’t like me enough to tell anyone.
Rebecca: Sweetie, I really think you need to talk to Nick about this. He’s probably really crazy about you and just hasn’t realized he’s upsetting you.
Michelle: OK, I’ll talk to him.

Scene 2: Nick talking to James
James: So, how’s it going with Michelle? She still thinks you haven’t told anyone, right?
Nick: Yeah. I’ve been trying to play it cool, making her think I just believe it’s too early to tell people, but the truth is I’m just really scared that if people find out, there’ll be so much pressure on me and I’ll mess it up. But I really want to stay with her – this is the best relationship I’ve been in forever.
[Rebecca enters, quietly]
James: And you’re going to keep letting her believe that?
Nick: Yeah, it’s easier that way.
Rebecca: Letting who believe what?
James: C’mon, man, I think you should tell her.
Nick: OK, OK, I didn’t want to tell anyone just yet, but...Michelle and I have been seeing each other for a while.
Rebecca: Oh my god, that’s fantastic! Why haven’t you told us yet? That’s such good news!
Nick: Yeah, well, I’m just scared I’m going to mess it up and I guess I didn’t want all eyes on me...
Rebecca: Aha!
Nick: What?
Rebecca: Michelle told me about you guys, idiot. And she’s really upset and worried, because she thinks you don’t like her enough to tell people you’re together.
Nick: What?! That’s insane! I’m crazy about her!
Rebecca: Well, then, I guess you’d better tell her the truth, hadn’t you? It’s not like she’s going to be angry or anything. And at the moment she’s really upset. (Rounding on James) And you knew about this?!
James: Ummmm...
Rebecca: You know who’s going to be very interested to hear what I know? Mr Protective Big Brother...
James: Oh my god, Rebecca, please don’t tell Richard.
Rebecca: Well, if you don’t tell Michelle the truth by tonight, I will.
[Rebecca leaves]
Rebecca: Ha, that’ll do the trick. I won’t even have to tell Richard – they’ll go running to Michelle straight away.",explicit,control,5,"Michelle and Nick started dating after a walk in the park, when Nick was tipsy, in the afternoon, on November 22nd, before Thanksgiving.","Michelle and Nick started dating when Nick was tipsy, during a walk, in the morning, on November 29th, after Thanksgiving.",a,-1.896484375,-2.544921875,-75.875,-94.1875,"tensor(-6.2578, dtype=torch.float16);tensor(0., dtype=torch.float16);tensor(-2.6641, dtype=torch.float16);tensor(-0.3125, dtype=torch.float16);tensor(-9.2031, dtype=torch.float16);tensor(-0.3438, dtype=torch.float16);tensor(0., dtype=torch.float16);tensor(-1.7578, dtype=torch.float16);tensor(-2.7656, dtype=torch.float16);tensor(-6., dtype=torch.float16);tensor(-2.4688, dtype=torch.float16);tensor(-0.4062, dtype=torch.float16);tensor(-0.1406, dtype=torch.float16);tensor(-2.2422, dtype=torch.float16);tensor(-4.7031, dtype=torch.float16);tensor(-0.4375, dtype=torch.float16);tensor(-1.0859, dtype=torch.float16);tensor(-0.3125, dtype=torch.float16);tensor(0., dtype=torch.float16);tensor(-2.7578, dtype=torch.float16);tensor(-4.4219, dtype=torch.float16);tensor(-3.5000, dtype=torch.float16);tensor(-1.0547, dtype=torch.float16);tensor(-3.0391, dtype=torch.float16);tensor(-1.8984, dtype=torch.float16);tensor(-0.1094, dtype=torch.float16);tensor(-0.0469, dtype=torch.float16);tensor(0., dtype=torch.float16);tensor(0., dtype=torch.float16);tensor(0., dtype=torch.float16);tensor(-1.9375, dtype=torch.float16);tensor(-1.5859, dtype=torch.float16);tensor(-0.0781, dtype=torch.float16);tensor(0., dtype=torch.float16);tensor(0., dtype=torch.float16);tensor(-0.2344, dtype=torch.float16);tensor(-7.8828, dtype=torch.float16);tensor(-0.0781, dtype=torch.float16);tensor(-0.2734, dtype=torch.float16);tensor(-5.8555, dtype=torch.float16)","tensor(-6.2578, dtype=torch.float16);tensor(0., dtype=torch.float16);tensor(-2.6641, dtype=torch.float16);tensor(-0.3125, dtype=torch.float16);tensor(-9.2031, dtype=torch.float16);tensor(-0.3438, dtype=torch.float16);tensor(0., dtype=torch.float16);tensor(-6.2812, dtype=torch.float16);tensor(-6.1016, dtype=torch.float16);tensor(-0.9062, dtype=torch.float16);tensor(-2.1172, dtype=torch.float16);tensor(0., dtype=torch.float16);tensor(-2.9375, dtype=torch.float16);tensor(-7.3516, dtype=torch.float16);tensor(-0.7188, dtype=torch.float16);tensor(-4.1484, dtype=torch.float16);tensor(-3.0781, dtype=torch.float16);tensor(-3.9766, dtype=torch.float16);tensor(-3.0703, dtype=torch.float16);tensor(-3.1094, dtype=torch.float16);tensor(-2.2734, dtype=torch.float16);tensor(-1.6484, dtype=torch.float16);tensor(-0.1250, dtype=torch.float16);tensor(-0.0312, dtype=torch.float16);tensor(0., dtype=torch.float16);tensor(-6.6016, dtype=torch.float16);tensor(0., dtype=torch.float16);tensor(-1.3281, dtype=torch.float16);tensor(-3.3281, dtype=torch.float16);tensor(-1.3750, dtype=torch.float16);tensor(0., dtype=torch.float16);tensor(0., dtype=torch.float16);tensor(-0.3125, dtype=torch.float16);tensor(-8.3984, dtype=torch.float16);tensor(-0.0469, dtype=torch.float16);tensor(-0.2734, dtype=torch.float16);tensor(-5.8516, dtype=torch.float16)",epitome_rm
2,Michelle & Nick,implicit,"Scene 1: Michelle is upset, Rebecca enters and sees
Rebecca: Hey, honey, what’s wrong?
Michelle: I guess I might as well tell you.
Rebecca: Tell me what?
Michelle: It’s about Nick... we kinda hooked up in November just before Thanksgiving, at that wedding.
Rebecca: Wait, what? The wedding in November? That was after Thanksgiving.
Michelle: No, definitely before, it was November 22nd.
Rebecca: No, it was November 29th.
Michelle: Nope, definitely the 22nd – remember, that was the morning when Richard got his puppy?
Rebecca: Oh, yeah, you’re right. Anyway, carry on.
Michelle: Yeah. Nick had too much champagne before the ceremony and got tipsy, so we went for a walk that afternoon to help him walk it off. When we got back, he asked me if I’d consider dating him...but now I’m feeling like maybe he regrets it.
Rebecca: Why?
Michelle: Well, he doesn’t want to tell anyone about us, and he says it’s just too early, but I think maybe he just doesn’t like me enough to tell anyone.
Rebecca: Sweetie, I really think you need to talk to Nick about this. He’s probably really crazy about you and just hasn’t realized he’s upsetting you.
Michelle: OK, I’ll talk to him.

Scene 2: Nick talking to James
James: So, how’s it going with Michelle? She still thinks you haven’t told anyone, right?
Nick: Yeah. I’ve been trying to play it cool, making her think I just believe it’s too early to tell people, but the truth is I’m just really scared that if people find out, there’ll be so much pressure on me and I’ll mess it up. But I really want to stay with her – this is the best relationship I’ve been in forever.
[Rebecca enters, quietly]
James: And you’re going to keep letting her believe that?
Nick: Yeah, it’s easier that way.
Rebecca: Letting who believe what?
James: C’mon, man, I think you should tell her.
Nick: OK, OK, I didn’t want to tell anyone just yet, but...Michelle and I have been seeing each other for a while.
Rebecca: Oh my god, that’s fantastic! Why haven’t you told us yet? That’s such good news!
Nick: Yeah, well, I’m just scared I’m going to mess it up and I guess I didn’t want all eyes on me...
Rebecca: Aha!
Nick: What?
Rebecca: Michelle told me about you guys, idiot. And she’s really upset and worried, because she thinks you don’t like her enough to tell people you’re together.
Nick: What?! That’s insane! I’m crazy about her!
Rebecca: Well, then, I guess you’d better tell her the truth, hadn’t you? It’s not like she’s going to be angry or anything. And at the moment she’s really upset. (Rounding on James) And you knew about this?!
James: Ummmm...
Rebecca: You know who’s going to be very interested to hear what I know? Mr Protective Big Brother...
James: Oh my god, Rebecca, please don’t tell Richard.
Rebecca: Well, if you don’t tell Michelle the truth by tonight, I will.
[Rebecca leaves]
Rebecca: Ha, that’ll do the trick. I won’t even have to tell Richard – they’ll go running to Michelle straight away.",explicit,control,6,"Michelle and Nick started dating after a walk in the park, when Nick was tipsy, in the afternoon, on November 22nd, before Thanksgiving, at a wedding.","Michelle and Nick started dating before a wedding, in the morning, on November 22nd, after Thanksgiving, during a walk in the park, before Nick got tipsy.",a,-1.841796875,-2.24609375,-82.875,-101.0625,"tensor(-6.2500, dtype=torch.float16);tensor(0., dtype=torch.float16);tensor(-2.6641, dtype=torch.float16);tensor(-0.3125, dtype=torch.float16);tensor(-9.1875, dtype=torch.float16);tensor(-0.3438, dtype=torch.float16);tensor(0., dtype=torch.float16);tensor(-1.7578, dtype=torch.float16);tensor(-2.7578, dtype=torch.float16);tensor(-5.9844, dtype=torch.float16);tensor(-2.4688, dtype=torch.float16);tensor(-0.4062, dtype=torch.float16);tensor(-0.1406, dtype=torch.float16);tensor(-2.2500, dtype=torch.float16);tensor(-4.7031, dtype=torch.float16);tensor(-0.4375, dtype=torch.float16);tensor(-1.0859, dtype=torch.float16);tensor(-0.3125, dtype=torch.float16);tensor(0., dtype=torch.float16);tensor(-2.7578, dtype=torch.float16);tensor(-4.4219, dtype=torch.float16);tensor(-3.5078, dtype=torch.float16);tensor(-1.0703, dtype=torch.float16);tensor(-3.0391, dtype=torch.float16);tensor(-1.8984, dtype=torch.float16);tensor(-0.1094, dtype=torch.float16);tensor(-0.0469, dtype=torch.float16);tensor(0., dtype=torch.float16);tensor(0., dtype=torch.float16);tensor(0., dtype=torch.float16);tensor(-1.9375, dtype=torch.float16);tensor(-1.5781, dtype=torch.float16);tensor(-0.0781, dtype=torch.float16);tensor(0., dtype=torch.float16);tensor(0., dtype=torch.float16);tensor(-2.1562, dtype=torch.float16);tensor(-3.9609, dtype=torch.float16);tensor(-1.0469, dtype=torch.float16);tensor(-0.0781, dtype=torch.float16);tensor(0., dtype=torch.float16);tensor(-0.2031, dtype=torch.float16);tensor(-7.5703, dtype=torch.float16);tensor(-0.0156, dtype=torch.float16);tensor(-0.3281, dtype=torch.float16);tensor(-6.0156, dtype=torch.float16)","tensor(-6.2500, dtype=torch.float16);tensor(0., dtype=torch.float16);tensor(-2.6641, dtype=torch.float16);tensor(-0.3125, dtype=torch.float16);tensor(-9.1875, dtype=torch.float16);tensor(-0.3438, dtype=torch.float16);tensor(0., dtype=torch.float16);tensor(-1.4688, dtype=torch.float16);tensor(-7.8438, dtype=torch.float16);tensor(-0.1406, dtype=torch.float16);tensor(0., dtype=torch.float16);tensor(-1.4375, dtype=torch.float16);tensor(-5.5703, dtype=torch.float16);tensor(-4.5078, dtype=torch.float16);tensor(-4.0703, dtype=torch.float16);tensor(-1.2422, dtype=torch.float16);tensor(-2.5391, dtype=torch.float16);tensor(-0.3594, dtype=torch.float16);tensor(-0.0312, dtype=torch.float16);tensor(0., dtype=torch.float16);tensor(0., dtype=torch.float16);tensor(-0.0156, dtype=torch.float16);tensor(-1.5078, dtype=torch.float16);tensor(-4.8594, dtype=torch.float16);tensor(-1.0156, dtype=torch.float16);tensor(0., dtype=torch.float16);tensor(0., dtype=torch.float16);tensor(-1.7188, dtype=torch.float16);tensor(-7.5000, dtype=torch.float16);tensor(-0.6016, dtype=torch.float16);tensor(-2.1719, dtype=torch.float16);tensor(-3.2109, dtype=torch.float16);tensor(-0.0312, dtype=torch.float16);tensor(-0.1094, dtype=torch.float16);tensor(-1.6250, dtype=torch.float16);tensor(-4.1484, dtype=torch.float16);tensor(-6.0938, dtype=torch.float16);tensor(-1.4609, dtype=torch.float16);tensor(-1., dtype=torch.float16);tensor(0., dtype=torch.float16);tensor(-0.8906, dtype=torch.float16);tensor(-8.5312, dtype=torch.float16);tensor(-0.0156, dtype=torch.float16);tensor(-0.3906, dtype=torch.float16);tensor(-6.1797, dtype=torch.float16)",epitome_rm
2,Michelle & Nick,implicit,"Scene 1: Michelle is upset, Rebecca enters and sees
Rebecca: Hey, honey, what’s wrong?
Michelle: I guess I might as well tell you.
Rebecca: Tell me what?
Michelle: It’s about Nick... we kinda hooked up in November just before Thanksgiving, at that wedding.
Rebecca: Wait, what? The wedding in November? That was after Thanksgiving.
Michelle: No, definitely before, it was November 22nd.
Rebecca: No, it was November 29th.
Michelle: Nope, definitely the 22nd – remember, that was the morning when Richard got his puppy?
Rebecca: Oh, yeah, you’re right. Anyway, carry on.
Michelle: Yeah. Nick had too much champagne before the ceremony and got tipsy, so we went for a walk that afternoon to help him walk it off. When we got back, he asked me if I’d consider dating him...but now I’m feeling like maybe he regrets it.
Rebecca: Why?
Michelle: Well, he doesn’t want to tell anyone about us, and he says it’s just too early, but I think maybe he just doesn’t like me enough to tell anyone.
Rebecca: Sweetie, I really think you need to talk to Nick about this. He’s probably really crazy about you and just hasn’t realized he’s upsetting you.
Michelle: OK, I’ll talk to him.

Scene 2: Nick talking to James
James: So, how’s it going with Michelle? She still thinks you haven’t told anyone, right?
Nick: Yeah. I’ve been trying to play it cool, making her think I just believe it’s too early to tell people, but the truth is I’m just really scared that if people find out, there’ll be so much pressure on me and I’ll mess it up. But I really want to stay with her – this is the best relationship I’ve been in forever.
[Rebecca enters, quietly]
James: And you’re going to keep letting her believe that?
Nick: Yeah, it’s easier that way.
Rebecca: Letting who believe what?
James: C’mon, man, I think you should tell her.
Nick: OK, OK, I didn’t want to tell anyone just yet, but...Michelle and I have been seeing each other for a while.
Rebecca: Oh my god, that’s fantastic! Why haven’t you told us yet? That’s such good news!
Nick: Yeah, well, I’m just scared I’m going to mess it up and I guess I didn’t want all eyes on me...
Rebecca: Aha!
Nick: What?
Rebecca: Michelle told me about you guys, idiot. And she’s really upset and worried, because she thinks you don’t like her enough to tell people you’re together.
Nick: What?! That’s insane! I’m crazy about her!
Rebecca: Well, then, I guess you’d better tell her the truth, hadn’t you? It’s not like she’s going to be angry or anything. And at the moment she’s really upset. (Rounding on James) And you knew about this?!
James: Ummmm...
Rebecca: You know who’s going to be very interested to hear what I know? Mr Protective Big Brother...
James: Oh my god, Rebecca, please don’t tell Richard.
Rebecca: Well, if you don’t tell Michelle the truth by tonight, I will.
[Rebecca leaves]
Rebecca: Ha, that’ll do the trick. I won’t even have to tell Richard – they’ll go running to Michelle straight away.",explicit,control,7,"Michelle and Nick started dating after a walk in the park, when Nick was tipsy, in the afternoon, on November 22nd, before Thanksgiving, at a wedding, before the ceremony.","Michelle and Nick started dating at a wedding, after the ceremony, in the morning, on November 29th, before Thanksgiving, during a walk in the park, when Nick was tipsy.",a,-1.91015625,-1.98828125,-93.625,-97.4375,"tensor(-6.2500, dtype=torch.float16);tensor(0., dtype=torch.float16);tensor(-2.6641, dtype=torch.float16);tensor(-0.3125, dtype=torch.float16);tensor(-9.1875, dtype=torch.float16);tensor(-0.3438, dtype=torch.float16);tensor(0., dtype=torch.float16);tensor(-1.7578, dtype=torch.float16);tensor(-2.7578, dtype=torch.float16);tensor(-5.9844, dtype=torch.float16);tensor(-2.4688, dtype=torch.float16);tensor(-0.4062, dtype=torch.float16);tensor(-0.1406, dtype=torch.float16);tensor(-2.2500, dtype=torch.float16);tensor(-4.7031, dtype=torch.float16);tensor(-0.4375, dtype=torch.float16);tensor(-1.0859, dtype=torch.float16);tensor(-0.3125, dtype=torch.float16);tensor(0., dtype=torch.float16);tensor(-2.7578, dtype=torch.float16);tensor(-4.4219, dtype=torch.float16);tensor(-3.5078, dtype=torch.float16);tensor(-1.0703, dtype=torch.float16);tensor(-3.0391, dtype=torch.float16);tensor(-1.8984, dtype=torch.float16);tensor(-0.1094, dtype=torch.float16);tensor(-0.0469, dtype=torch.float16);tensor(0., dtype=torch.float16);tensor(0., dtype=torch.float16);tensor(0., dtype=torch.float16);tensor(-1.9375, dtype=torch.float16);tensor(-1.5781, dtype=torch.float16);tensor(-0.0781, dtype=torch.float16);tensor(0., dtype=torch.float16);tensor(0., dtype=torch.float16);tensor(-2.1562, dtype=torch.float16);tensor(-3.9609, dtype=torch.float16);tensor(-1.0469, dtype=torch.float16);tensor(-0.0781, dtype=torch.float16);tensor(0., dtype=torch.float16);tensor(-2.6328, dtype=torch.float16);tensor(-5.4141, dtype=torch.float16);tensor(-2.7969, dtype=torch.float16);tensor(-0.1562, dtype=torch.float16);tensor(-0.3438, dtype=torch.float16);tensor(-6.8516, dtype=torch.float16);tensor(-0.0469, dtype=torch.float16);tensor(-0.3359, dtype=torch.float16);tensor(-6.2812, dtype=torch.float16)","tensor(-6.2500, dtype=torch.float16);tensor(0., dtype=torch.float16);tensor(-2.6641, dtype=torch.float16);tensor(-0.3125, dtype=torch.float16);tensor(-9.1875, dtype=torch.float16);tensor(-0.3438, dtype=torch.float16);tensor(0., dtype=torch.float16);tensor(-4.5859, dtype=torch.float16);tensor(-0.8750, dtype=torch.float16);tensor(-0.0312, dtype=torch.float16);tensor(0., dtype=torch.float16);tensor(-2.6953, dtype=torch.float16);tensor(-4.8516, dtype=torch.float16);tensor(-2., dtype=torch.float16);tensor(-0.9141, dtype=torch.float16);tensor(-1.0625, dtype=torch.float16);tensor(-4.1172, dtype=torch.float16);tensor(-4.5234, dtype=torch.float16);tensor(-3.7109, dtype=torch.float16);tensor(-1.7422, dtype=torch.float16);tensor(-1.3906, dtype=torch.float16);tensor(-0.0625, dtype=torch.float16);tensor(-0.0312, dtype=torch.float16);tensor(0., dtype=torch.float16);tensor(-6.3359, dtype=torch.float16);tensor(0., dtype=torch.float16);tensor(-1.6719, dtype=torch.float16);tensor(-3.3672, dtype=torch.float16);tensor(-0.0625, dtype=torch.float16);tensor(0., dtype=torch.float16);tensor(0., dtype=torch.float16);tensor(-2.1484, dtype=torch.float16);tensor(-6.6797, dtype=torch.float16);tensor(-0.7578, dtype=torch.float16);tensor(-1.4297, dtype=torch.float16);tensor(-3.1484, dtype=torch.float16);tensor(-0.0469, dtype=torch.float16);tensor(-0.2188, dtype=torch.float16);tensor(-1.5312, dtype=torch.float16);tensor(-1.8281, dtype=torch.float16);tensor(-0.2031, dtype=torch.float16);tensor(-1.2812, dtype=torch.float16);tensor(-0.1250, dtype=torch.float16);tensor(0., dtype=torch.float16);tensor(-0.6406, dtype=torch.float16);tensor(-7.8750, dtype=torch.float16);tensor(-0.0156, dtype=torch.float16);tensor(-0.4219, dtype=torch.float16);tensor(-6.3047, dtype=torch.float16)",epitome_rm
2,Michelle & Nick,implicit,"Scene 1: Michelle is upset, Rebecca enters and sees
Rebecca: Hey, honey, what’s wrong?
Michelle: I guess I might as well tell you.
Rebecca: Tell me what?
Michelle: It’s about Nick... we kinda hooked up in November just before Thanksgiving, at that wedding.
Rebecca: Wait, what? The wedding in November? That was after Thanksgiving.
Michelle: No, definitely before, it was November 22nd.
Rebecca: No, it was November 29th.
Michelle: Nope, definitely the 22nd – remember, that was the morning when Richard got his puppy?
Rebecca: Oh, yeah, you’re right. Anyway, carry on.
Michelle: Yeah. Nick had too much champagne before the ceremony and got tipsy, so we went for a walk that afternoon to help him walk it off. When we got back, he asked me if I’d consider dating him...but now I’m feeling like maybe he regrets it.
Rebecca: Why?
Michelle: Well, he doesn’t want to tell anyone about us, and he says it’s just too early, but I think maybe he just doesn’t like me enough to tell anyone.
Rebecca: Sweetie, I really think you need to talk to Nick about this. He’s probably really crazy about you and just hasn’t realized he’s upsetting you.
Michelle: OK, I’ll talk to him.

Scene 2: Nick talking to James
James: So, how’s it going with Michelle? She still thinks you haven’t told anyone, right?
Nick: Yeah. I’ve been trying to play it cool, making her think I just believe it’s too early to tell people, but the truth is I’m just really scared that if people find out, there’ll be so much pressure on me and I’ll mess it up. But I really want to stay with her – this is the best relationship I’ve been in forever.
[Rebecca enters, quietly]
James: And you’re going to keep letting her believe that?
Nick: Yeah, it’s easier that way.
Rebecca: Letting who believe what?
James: C’mon, man, I think you should tell her.
Nick: OK, OK, I didn’t want to tell anyone just yet, but...Michelle and I have been seeing each other for a while.
Rebecca: Oh my god, that’s fantastic! Why haven’t you told us yet? That’s such good news!
Nick: Yeah, well, I’m just scared I’m going to mess it up and I guess I didn’t want all eyes on me...
Rebecca: Aha!
Nick: What?
Rebecca: Michelle told me about you guys, idiot. And she’s really upset and worried, because she thinks you don’t like her enough to tell people you’re together.
Nick: What?! That’s insane! I’m crazy about her!
Rebecca: Well, then, I guess you’d better tell her the truth, hadn’t you? It’s not like she’s going to be angry or anything. And at the moment she’s really upset. (Rounding on James) And you knew about this?!
James: Ummmm...
Rebecca: You know who’s going to be very interested to hear what I know? Mr Protective Big Brother...
James: Oh my god, Rebecca, please don’t tell Richard.
Rebecca: Well, if you don’t tell Michelle the truth by tonight, I will.
[Rebecca leaves]
Rebecca: Ha, that’ll do the trick. I won’t even have to tell Richard – they’ll go running to Michelle straight away.",implicit,mental,1,Nick: I’m really nervous to tell people in case it messes everything up.,Nick: I’m not really that crazy about her and I’m not sure I want people knowing that we’re dating.,a,-3.228515625,-2.55078125,-74.25,-84.1875,"tensor(-8.4453, dtype=torch.float16);tensor(-0.8984, dtype=torch.float16);tensor(-3.6641, dtype=torch.float16);tensor(-2.1797, dtype=torch.float16);tensor(-0.2969, dtype=torch.float16);tensor(-4.1875, dtype=torch.float16);tensor(-8.1562, dtype=torch.float16);tensor(0., dtype=torch.float16);tensor(-7.2188, dtype=torch.float16);tensor(-2.2812, dtype=torch.float16);tensor(-9.5469, dtype=torch.float16);tensor(-6.7188, dtype=torch.float16);tensor(-0.7500, dtype=torch.float16);tensor(-1.4375, dtype=torch.float16);tensor(-3.6406, dtype=torch.float16);tensor(0., dtype=torch.float16);tensor(-1.0156, dtype=torch.float16);tensor(0., dtype=torch.float16);tensor(-0.3906, dtype=torch.float16);tensor(-8.8125, dtype=torch.float16);tensor(-0.4609, dtype=torch.float16);tensor(-0.0312, dtype=torch.float16);tensor(-4.1250, dtype=torch.float16)","tensor(-8.4453, dtype=torch.float16);tensor(-0.8984, dtype=torch.float16);tensor(-3.6641, dtype=torch.float16);tensor(-2.1797, dtype=torch.float16);tensor(-0.2969, dtype=torch.float16);tensor(-5.6172, dtype=torch.float16);tensor(-7.0078, dtype=torch.float16);tensor(-5.8125, dtype=torch.float16);tensor(-6.4844, dtype=torch.float16);tensor(0., dtype=torch.float16);tensor(0., dtype=torch.float16);tensor(-0.1094, dtype=torch.float16);tensor(-6.3359, dtype=torch.float16);tensor(-0.6250, dtype=torch.float16);tensor(-1.6797, dtype=torch.float16);tensor(-0.3281, dtype=torch.float16);tensor(-1.8281, dtype=torch.float16);tensor(-1.3438, dtype=torch.float16);tensor(-0.7656, dtype=torch.float16);tensor(-0.1250, dtype=torch.float16);tensor(-10.0312, dtype=torch.float16);tensor(-2.6094, dtype=torch.float16);tensor(-3.1016, dtype=torch.float16);tensor(-0.8750, dtype=torch.float16);tensor(-0.0781, dtype=torch.float16);tensor(-0.0156, dtype=torch.float16);tensor(-1.6719, dtype=torch.float16);tensor(0., dtype=torch.float16);tensor(-0.3906, dtype=torch.float16);tensor(-7.7344, dtype=torch.float16);tensor(-1.1016, dtype=torch.float16);tensor(-0.0156, dtype=torch.float16);tensor(-2.9922, dtype=torch.float16)",epitome_rm
2,Michelle & Nick,implicit,"Scene 1: Michelle is upset, Rebecca enters and sees
Rebecca: Hey, honey, what’s wrong?
Michelle: I guess I might as well tell you.
Rebecca: Tell me what?
Michelle: It’s about Nick... we kinda hooked up in November just before Thanksgiving, at that wedding.
Rebecca: Wait, what? The wedding in November? That was after Thanksgiving.
Michelle: No, definitely before, it was November 22nd.
Rebecca: No, it was November 29th.
Michelle: Nope, definitely the 22nd – remember, that was the morning when Richard got his puppy?
Rebecca: Oh, yeah, you’re right. Anyway, carry on.
Michelle: Yeah. Nick had too much champagne before the ceremony and got tipsy, so we went for a walk that afternoon to help him walk it off. When we got back, he asked me if I’d consider dating him...but now I’m feeling like maybe he regrets it.
Rebecca: Why?
Michelle: Well, he doesn’t want to tell anyone about us, and he says it’s just too early, but I think maybe he just doesn’t like me enough to tell anyone.
Rebecca: Sweetie, I really think you need to talk to Nick about this. He’s probably really crazy about you and just hasn’t realized he’s upsetting you.
Michelle: OK, I’ll talk to him.

Scene 2: Nick talking to James
James: So, how’s it going with Michelle? She still thinks you haven’t told anyone, right?
Nick: Yeah. I’ve been trying to play it cool, making her think I just believe it’s too early to tell people, but the truth is I’m just really scared that if people find out, there’ll be so much pressure on me and I’ll mess it up. But I really want to stay with her – this is the best relationship I’ve been in forever.
[Rebecca enters, quietly]
James: And you’re going to keep letting her believe that?
Nick: Yeah, it’s easier that way.
Rebecca: Letting who believe what?
James: C’mon, man, I think you should tell her.
Nick: OK, OK, I didn’t want to tell anyone just yet, but...Michelle and I have been seeing each other for a while.
Rebecca: Oh my god, that’s fantastic! Why haven’t you told us yet? That’s such good news!
Nick: Yeah, well, I’m just scared I’m going to mess it up and I guess I didn’t want all eyes on me...
Rebecca: Aha!
Nick: What?
Rebecca: Michelle told me about you guys, idiot. And she’s really upset and worried, because she thinks you don’t like her enough to tell people you’re together.
Nick: What?! That’s insane! I’m crazy about her!
Rebecca: Well, then, I guess you’d better tell her the truth, hadn’t you? It’s not like she’s going to be angry or anything. And at the moment she’s really upset. (Rounding on James) And you knew about this?!
James: Ummmm...
Rebecca: You know who’s going to be very interested to hear what I know? Mr Protective Big Brother...
James: Oh my god, Rebecca, please don’t tell Richard.
Rebecca: Well, if you don’t tell Michelle the truth by tonight, I will.
[Rebecca leaves]
Rebecca: Ha, that’ll do the trick. I won’t even have to tell Richard – they’ll go running to Michelle straight away.",implicit,mental,2,"Michelle: Nick doesn’t want to tell anyone yet, and I think it’s because he isn’t really all that into me.",Michelle: Nick doesn’t want everyone to know because he’s worried that having all eyes on us will put too much pressure on us.,a,-1.904296875,-2.044921875,-64.75,-71.625,"tensor(-6.2578, dtype=torch.float16);tensor(0., dtype=torch.float16);tensor(-4.5781, dtype=torch.float16);tensor(-3.1172, dtype=torch.float16);tensor(-7.2656, dtype=torch.float16);tensor(-0.0469, dtype=torch.float16);tensor(0., dtype=torch.float16);tensor(-1.5469, dtype=torch.float16);tensor(-0.0312, dtype=torch.float16);tensor(-0.0781, dtype=torch.float16);tensor(-0.0625, dtype=torch.float16);tensor(-4.7500, dtype=torch.float16);tensor(-1.0625, dtype=torch.float16);tensor(-1.5312, dtype=torch.float16);tensor(-1.2188, dtype=torch.float16);tensor(-0.7188, dtype=torch.float16);tensor(-1.5469, dtype=torch.float16);tensor(-0.4219, dtype=torch.float16);tensor(0., dtype=torch.float16);tensor(-0.0938, dtype=torch.float16);tensor(-0.0312, dtype=torch.float16);tensor(-7.1797, dtype=torch.float16);tensor(0., dtype=torch.float16);tensor(0., dtype=torch.float16);tensor(-1.6094, dtype=torch.float16);tensor(-6.3438, dtype=torch.float16);tensor(-0.0156, dtype=torch.float16);tensor(-0.0312, dtype=torch.float16);tensor(0., dtype=torch.float16);tensor(-0.3125, dtype=torch.float16);tensor(-7.2812, dtype=torch.float16);tensor(-3.0625, dtype=torch.float16);tensor(-0.0312, dtype=torch.float16);tensor(-4.5312, dtype=torch.float16)","tensor(-6.2578, dtype=torch.float16);tensor(0., dtype=torch.float16);tensor(-4.5781, dtype=torch.float16);tensor(-3.1172, dtype=torch.float16);tensor(-7.2656, dtype=torch.float16);tensor(-0.0469, dtype=torch.float16);tensor(0., dtype=torch.float16);tensor(-1.5469, dtype=torch.float16);tensor(-8.4219, dtype=torch.float16);tensor(-0.0781, dtype=torch.float16);tensor(-0.0156, dtype=torch.float16);tensor(-3.5781, dtype=torch.float16);tensor(-0.1719, dtype=torch.float16);tensor(-0.5625, dtype=torch.float16);tensor(0., dtype=torch.float16);tensor(-3.0312, dtype=torch.float16);tensor(0., dtype=torch.float16);tensor(-2.4219, dtype=torch.float16);tensor(-7.5234, dtype=torch.float16);tensor(-1.6250, dtype=torch.float16);tensor(-0.1250, dtype=torch.float16);tensor(0., dtype=torch.float16);tensor(-3.5469, dtype=torch.float16);tensor(-0.0938, dtype=torch.float16);tensor(-0.7031, dtype=torch.float16);tensor(-0.4375, dtype=torch.float16);tensor(0., dtype=torch.float16);tensor(0., dtype=torch.float16);tensor(-0.0156, dtype=torch.float16);tensor(-1.3906, dtype=torch.float16);tensor(-0.6875, dtype=torch.float16);tensor(-7.7812, dtype=torch.float16);tensor(-0.7578, dtype=torch.float16);tensor(-0.0312, dtype=torch.float16);tensor(-5.7812, dtype=torch.float16)",epitome_rm
2,Michelle & Nick,implicit,"Scene 1: Michelle is upset, Rebecca enters and sees
Rebecca: Hey, honey, what’s wrong?
Michelle: I guess I might as well tell you.
Rebecca: Tell me what?
Michelle: It’s about Nick... we kinda hooked up in November just before Thanksgiving, at that wedding.
Rebecca: Wait, what? The wedding in November? That was after Thanksgiving.
Michelle: No, definitely before, it was November 22nd.
Rebecca: No, it was November 29th.
Michelle: Nope, definitely the 22nd – remember, that was the morning when Richard got his puppy?
Rebecca: Oh, yeah, you’re right. Anyway, carry on.
Michelle: Yeah. Nick had too much champagne before the ceremony and got tipsy, so we went for a walk that afternoon to help him walk it off. When we got back, he asked me if I’d consider dating him...but now I’m feeling like maybe he regrets it.
Rebecca: Why?
Michelle: Well, he doesn’t want to tell anyone about us, and he says it’s just too early, but I think maybe he just doesn’t like me enough to tell anyone.
Rebecca: Sweetie, I really think you need to talk to Nick about this. He’s probably really crazy about you and just hasn’t realized he’s upsetting you.
Michelle: OK, I’ll talk to him.

Scene 2: Nick talking to James
James: So, how’s it going with Michelle? She still thinks you haven’t told anyone, right?
Nick: Yeah. I’ve been trying to play it cool, making her think I just believe it’s too early to tell people, but the truth is I’m just really scared that if people find out, there’ll be so much pressure on me and I’ll mess it up. But I really want to stay with her – this is the best relationship I’ve been in forever.
[Rebecca enters, quietly]
James: And you’re going to keep letting her believe that?
Nick: Yeah, it’s easier that way.
Rebecca: Letting who believe what?
James: C’mon, man, I think you should tell her.
Nick: OK, OK, I didn’t want to tell anyone just yet, but...Michelle and I have been seeing each other for a while.
Rebecca: Oh my god, that’s fantastic! Why haven’t you told us yet? That’s such good news!
Nick: Yeah, well, I’m just scared I’m going to mess it up and I guess I didn’t want all eyes on me...
Rebecca: Aha!
Nick: What?
Rebecca: Michelle told me about you guys, idiot. And she’s really upset and worried, because she thinks you don’t like her enough to tell people you’re together.
Nick: What?! That’s insane! I’m crazy about her!
Rebecca: Well, then, I guess you’d better tell her the truth, hadn’t you? It’s not like she’s going to be angry or anything. And at the moment she’s really upset. (Rounding on James) And you knew about this?!
James: Ummmm...
Rebecca: You know who’s going to be very interested to hear what I know? Mr Protective Big Brother...
James: Oh my god, Rebecca, please don’t tell Richard.
Rebecca: Well, if you don’t tell Michelle the truth by tonight, I will.
[Rebecca leaves]
Rebecca: Ha, that’ll do the trick. I won’t even have to tell Richard – they’ll go running to Michelle straight away.",implicit,mental,3,"Rebecca: You know she’s worried sick that you’re not telling people just because you’re not really into her?Nick: What, that’s what she thinks? I had no idea, that’s crazy!","Rebecca: You know she’s worried that you don’t really like her enough to tell people you’re together?Nick: I know she’s worried about that, but I have no idea what to do about it!",a,-2.47265625,-2.0390625,-140.875,-116.25,"tensor(-12.5547, dtype=torch.float16);tensor(-0.0156, dtype=torch.float16);tensor(0., dtype=torch.float16);tensor(-2.5391, dtype=torch.float16);tensor(-4.8750, dtype=torch.float16);tensor(-2.7656, dtype=torch.float16);tensor(-4.9844, dtype=torch.float16);tensor(-0.4688, dtype=torch.float16);tensor(-0.0312, dtype=torch.float16);tensor(-8.0859, dtype=torch.float16);tensor(0., dtype=torch.float16);tensor(-0.5938, dtype=torch.float16);tensor(-3.0547, dtype=torch.float16);tensor(-0.0156, dtype=torch.float16);tensor(-3.2266, dtype=torch.float16);tensor(-0.0781, dtype=torch.float16);tensor(-0.4219, dtype=torch.float16);tensor(-1.1953, dtype=torch.float16);tensor(-0.9375, dtype=torch.float16);tensor(-8.1406, dtype=torch.float16);tensor(-0.2656, dtype=torch.float16);tensor(-0.4531, dtype=torch.float16);tensor(-0.2500, dtype=torch.float16);tensor(0., dtype=torch.float16);tensor(-5.2500, dtype=torch.float16);tensor(-8.5234, dtype=torch.float16);tensor(-1.5781, dtype=torch.float16);tensor(0., dtype=torch.float16);tensor(-3.5547, dtype=torch.float16);tensor(-17.8750, dtype=torch.float16);tensor(-5.1328, dtype=torch.float16);tensor(0., dtype=torch.float16);tensor(-0.0156, dtype=torch.float16);tensor(-0.5312, dtype=torch.float16);tensor(-6.5703, dtype=torch.float16);tensor(-3.2344, dtype=torch.float16);tensor(-0.2656, dtype=torch.float16);tensor(0., dtype=torch.float16);tensor(-4.6250, dtype=torch.float16);tensor(-2.0156, dtype=torch.float16);tensor(-1.2188, dtype=torch.float16);tensor(0., dtype=torch.float16);tensor(-2.9219, dtype=torch.float16);tensor(-3.8516, dtype=torch.float16);tensor(0., dtype=torch.float16);tensor(-0.0156, dtype=torch.float16);tensor(-3.6172, dtype=torch.float16);tensor(-3.4688, dtype=torch.float16);tensor(-0.1719, dtype=torch.float16);tensor(0., dtype=torch.float16);tensor(-1.0625, dtype=torch.float16);tensor(0., dtype=torch.float16);tensor(-0.5312, dtype=torch.float16);tensor(-6.3359, dtype=torch.float16);tensor(-0.2578, dtype=torch.float16);tensor(-0.0547, dtype=torch.float16);tensor(-3.2812, dtype=torch.float16)","tensor(-12.5547, dtype=torch.float16);tensor(-0.0156, dtype=torch.float16);tensor(0., dtype=torch.float16);tensor(-2.5391, dtype=torch.float16);tensor(-4.8750, dtype=torch.float16);tensor(-2.7656, dtype=torch.float16);tensor(-4.9844, dtype=torch.float16);tensor(-0.4688, dtype=torch.float16);tensor(-0.0312, dtype=torch.float16);tensor(-8.0859, dtype=torch.float16);tensor(0., dtype=torch.float16);tensor(-3.2344, dtype=torch.float16);tensor(-0.0625, dtype=torch.float16);tensor(-0.1250, dtype=torch.float16);tensor(0., dtype=torch.float16);tensor(0., dtype=torch.float16);tensor(-6.9219, dtype=torch.float16);tensor(-0.0781, dtype=torch.float16);tensor(0., dtype=torch.float16);tensor(-2.2500, dtype=torch.float16);tensor(-0.0469, dtype=torch.float16);tensor(-0.0625, dtype=torch.float16);tensor(-0.4375, dtype=torch.float16);tensor(-1.5938, dtype=torch.float16);tensor(0., dtype=torch.float16);tensor(0., dtype=torch.float16);tensor(-0.0469, dtype=torch.float16);tensor(-2.3594, dtype=torch.float16);tensor(-17.2344, dtype=torch.float16);tensor(-3.7188, dtype=torch.float16);tensor(0., dtype=torch.float16);tensor(-0.0156, dtype=torch.float16);tensor(-3.9844, dtype=torch.float16);tensor(-1.0391, dtype=torch.float16);tensor(-5.7109, dtype=torch.float16);tensor(-2.0547, dtype=torch.float16);tensor(0., dtype=torch.float16);tensor(-1.4375, dtype=torch.float16);tensor(0., dtype=torch.float16);tensor(-1.2344, dtype=torch.float16);tensor(-0.1250, dtype=torch.float16);tensor(-0.8750, dtype=torch.float16);tensor(-0.4844, dtype=torch.float16);tensor(-1.0391, dtype=torch.float16);tensor(-4.8828, dtype=torch.float16);tensor(-1.1641, dtype=torch.float16);tensor(-0.0625, dtype=torch.float16);tensor(-3.2969, dtype=torch.float16);tensor(-1.0156, dtype=torch.float16);tensor(-0.2656, dtype=torch.float16);tensor(-1.4688, dtype=torch.float16);tensor(-0.0156, dtype=torch.float16);tensor(-2.2109, dtype=torch.float16);tensor(-6.0312, dtype=torch.float16);tensor(-0.1562, dtype=torch.float16);tensor(-0.0703, dtype=torch.float16);tensor(-3.1484, dtype=torch.float16)",epitome_rm
2,Michelle & Nick,implicit,"Scene 1: Michelle is upset, Rebecca enters and sees
Rebecca: Hey, honey, what’s wrong?
Michelle: I guess I might as well tell you.
Rebecca: Tell me what?
Michelle: It’s about Nick... we kinda hooked up in November just before Thanksgiving, at that wedding.
Rebecca: Wait, what? The wedding in November? That was after Thanksgiving.
Michelle: No, definitely before, it was November 22nd.
Rebecca: No, it was November 29th.
Michelle: Nope, definitely the 22nd – remember, that was the morning when Richard got his puppy?
Rebecca: Oh, yeah, you’re right. Anyway, carry on.
Michelle: Yeah. Nick had too much champagne before the ceremony and got tipsy, so we went for a walk that afternoon to help him walk it off. When we got back, he asked me if I’d consider dating him...but now I’m feeling like maybe he regrets it.
Rebecca: Why?
Michelle: Well, he doesn’t want to tell anyone about us, and he says it’s just too early, but I think maybe he just doesn’t like me enough to tell anyone.
Rebecca: Sweetie, I really think you need to talk to Nick about this. He’s probably really crazy about you and just hasn’t realized he’s upsetting you.
Michelle: OK, I’ll talk to him.

Scene 2: Nick talking to James
James: So, how’s it going with Michelle? She still thinks you haven’t told anyone, right?
Nick: Yeah. I’ve been trying to play it cool, making her think I just believe it’s too early to tell people, but the truth is I’m just really scared that if people find out, there’ll be so much pressure on me and I’ll mess it up. But I really want to stay with her – this is the best relationship I’ve been in forever.
[Rebecca enters, quietly]
James: And you’re going to keep letting her believe that?
Nick: Yeah, it’s easier that way.
Rebecca: Letting who believe what?
James: C’mon, man, I think you should tell her.
Nick: OK, OK, I didn’t want to tell anyone just yet, but...Michelle and I have been seeing each other for a while.
Rebecca: Oh my god, that’s fantastic! Why haven’t you told us yet? That’s such good news!
Nick: Yeah, well, I’m just scared I’m going to mess it up and I guess I didn’t want all eyes on me...
Rebecca: Aha!
Nick: What?
Rebecca: Michelle told me about you guys, idiot. And she’s really upset and worried, because she thinks you don’t like her enough to tell people you’re together.
Nick: What?! That’s insane! I’m crazy about her!
Rebecca: Well, then, I guess you’d better tell her the truth, hadn’t you? It’s not like she’s going to be angry or anything. And at the moment she’s really upset. (Rounding on James) And you knew about this?!
James: Ummmm...
Rebecca: You know who’s going to be very interested to hear what I know? Mr Protective Big Brother...
James: Oh my god, Rebecca, please don’t tell Richard.
Rebecca: Well, if you don’t tell Michelle the truth by tonight, I will.
[Rebecca leaves]
Rebecca: Ha, that’ll do the trick. I won’t even have to tell Richard – they’ll go running to Michelle straight away.",implicit,mental,4,"James: So Nick wants to keep Michelle believing that he thinks it’s too early to tell people, even though he’s really just scared to tell people because it
will put pressure on the relationship.",James: So Nick’s going to just keep letting her believe that he thinks it’s too early to tell people? That’s insane – why didn’t he tell me this? I would have told him it was a dumb plan.,a,-2.177734375,-2.091796875,-106.75,-117.125,"tensor(-8.4688, dtype=torch.float16);tensor(-0.2891, dtype=torch.float16);tensor(-5.4453, dtype=torch.float16);tensor(-6.3203, dtype=torch.float16);tensor(-5.8828, dtype=torch.float16);tensor(-0.1406, dtype=torch.float16);tensor(-1.2344, dtype=torch.float16);tensor(-4.2578, dtype=torch.float16);tensor(0., dtype=torch.float16);tensor(-4.7188, dtype=torch.float16);tensor(0., dtype=torch.float16);tensor(-1.3906, dtype=torch.float16);tensor(-0.1406, dtype=torch.float16);tensor(-4.0469, dtype=torch.float16);tensor(-0.0469, dtype=torch.float16);tensor(-0.0156, dtype=torch.float16);tensor(0., dtype=torch.float16);tensor(0., dtype=torch.float16);tensor(-0.0156, dtype=torch.float16);tensor(-0.0938, dtype=torch.float16);tensor(-0.0156, dtype=torch.float16);tensor(-0.3594, dtype=torch.float16);tensor(-1.0625, dtype=torch.float16);tensor(-3.7969, dtype=torch.float16);tensor(-0.0312, dtype=torch.float16);tensor(-0.5312, dtype=torch.float16);tensor(-0.5781, dtype=torch.float16);tensor(0., dtype=torch.float16);tensor(-2.9141, dtype=torch.float16);tensor(-6.6172, dtype=torch.float16);tensor(-0.0781, dtype=torch.float16);tensor(0., dtype=torch.float16);tensor(-4., dtype=torch.float16);tensor(-0.7656, dtype=torch.float16);tensor(-1.4688, dtype=torch.float16);tensor(-2.9219, dtype=torch.float16);tensor(-3.8438, dtype=torch.float16);tensor(-11.6641, dtype=torch.float16);tensor(-5.1797, dtype=torch.float16);tensor(-1.4453, dtype=torch.float16);tensor(-0.5156, dtype=torch.float16);tensor(0., dtype=torch.float16);tensor(-2.0312, dtype=torch.float16);tensor(0., dtype=torch.float16);tensor(-0.8438, dtype=torch.float16);tensor(-8.0547, dtype=torch.float16);tensor(-0.5391, dtype=torch.float16);tensor(-0.0469, dtype=torch.float16);tensor(-4.9141, dtype=torch.float16)","tensor(-8.4688, dtype=torch.float16);tensor(-0.2891, dtype=torch.float16);tensor(-5.4453, dtype=torch.float16);tensor(-6.3203, dtype=torch.float16);tensor(-2.5234, dtype=torch.float16);tensor(0., dtype=torch.float16);tensor(-2.3828, dtype=torch.float16);tensor(-0.0312, dtype=torch.float16);tensor(-9.3984, dtype=torch.float16);tensor(-4.1719, dtype=torch.float16);tensor(-2.2812, dtype=torch.float16);tensor(-0.3906, dtype=torch.float16);tensor(-2.0469, dtype=torch.float16);tensor(-1.5312, dtype=torch.float16);tensor(-1.7734, dtype=torch.float16);tensor(-5.1719, dtype=torch.float16);tensor(-0.0938, dtype=torch.float16);tensor(0., dtype=torch.float16);tensor(0., dtype=torch.float16);tensor(0., dtype=torch.float16);tensor(-0.0156, dtype=torch.float16);tensor(-0.2500, dtype=torch.float16);tensor(0., dtype=torch.float16);tensor(-0.1875, dtype=torch.float16);tensor(-0.4062, dtype=torch.float16);tensor(-2.9688, dtype=torch.float16);tensor(-0.1719, dtype=torch.float16);tensor(-0.0156, dtype=torch.float16);tensor(-2.4922, dtype=torch.float16);tensor(-0.0156, dtype=torch.float16);tensor(-4.2969, dtype=torch.float16);tensor(-2.8125, dtype=torch.float16);tensor(-2.9766, dtype=torch.float16);tensor(0., dtype=torch.float16);tensor(0., dtype=torch.float16);tensor(-1.2656, dtype=torch.float16);tensor(-3.3594, dtype=torch.float16);tensor(-3.5312, dtype=torch.float16);tensor(-3.3984, dtype=torch.float16);tensor(-0.9844, dtype=torch.float16);tensor(-3.3672, dtype=torch.float16);tensor(-3.6094, dtype=torch.float16);tensor(-0.2344, dtype=torch.float16);tensor(-0.5312, dtype=torch.float16);tensor(-0.0156, dtype=torch.float16);tensor(-2.7812, dtype=torch.float16);tensor(-1.1250, dtype=torch.float16);tensor(-0.7266, dtype=torch.float16);tensor(-2.7109, dtype=torch.float16);tensor(0., dtype=torch.float16);tensor(-3.3125, dtype=torch.float16);tensor(-0.7188, dtype=torch.float16);tensor(-8.8438, dtype=torch.float16);tensor(-3.7188, dtype=torch.float16);tensor(-0.0312, dtype=torch.float16);tensor(-3.8984, dtype=torch.float16)",epitome_rm
2,Michelle & Nick,implicit,"Scene 1: Michelle is upset, Rebecca enters and sees
Rebecca: Hey, honey, what’s wrong?
Michelle: I guess I might as well tell you.
Rebecca: Tell me what?
Michelle: It’s about Nick... we kinda hooked up in November just before Thanksgiving, at that wedding.
Rebecca: Wait, what? The wedding in November? That was after Thanksgiving.
Michelle: No, definitely before, it was November 22nd.
Rebecca: No, it was November 29th.
Michelle: Nope, definitely the 22nd – remember, that was the morning when Richard got his puppy?
Rebecca: Oh, yeah, you’re right. Anyway, carry on.
Michelle: Yeah. Nick had too much champagne before the ceremony and got tipsy, so we went for a walk that afternoon to help him walk it off. When we got back, he asked me if I’d consider dating him...but now I’m feeling like maybe he regrets it.
Rebecca: Why?
Michelle: Well, he doesn’t want to tell anyone about us, and he says it’s just too early, but I think maybe he just doesn’t like me enough to tell anyone.
Rebecca: Sweetie, I really think you need to talk to Nick about this. He’s probably really crazy about you and just hasn’t realized he’s upsetting you.
Michelle: OK, I’ll talk to him.

Scene 2: Nick talking to James
James: So, how’s it going with Michelle? She still thinks you haven’t told anyone, right?
Nick: Yeah. I’ve been trying to play it cool, making her think I just believe it’s too early to tell people, but the truth is I’m just really scared that if people find out, there’ll be so much pressure on me and I’ll mess it up. But I really want to stay with her – this is the best relationship I’ve been in forever.
[Rebecca enters, quietly]
James: And you’re going to keep letting her believe that?
Nick: Yeah, it’s easier that way.
Rebecca: Letting who believe what?
James: C’mon, man, I think you should tell her.
Nick: OK, OK, I didn’t want to tell anyone just yet, but...Michelle and I have been seeing each other for a while.
Rebecca: Oh my god, that’s fantastic! Why haven’t you told us yet? That’s such good news!
Nick: Yeah, well, I’m just scared I’m going to mess it up and I guess I didn’t want all eyes on me...
Rebecca: Aha!
Nick: What?
Rebecca: Michelle told me about you guys, idiot. And she’s really upset and worried, because she thinks you don’t like her enough to tell people you’re together.
Nick: What?! That’s insane! I’m crazy about her!
Rebecca: Well, then, I guess you’d better tell her the truth, hadn’t you? It’s not like she’s going to be angry or anything. And at the moment she’s really upset. (Rounding on James) And you knew about this?!
James: Ummmm...
Rebecca: You know who’s going to be very interested to hear what I know? Mr Protective Big Brother...
James: Oh my god, Rebecca, please don’t tell Richard.
Rebecca: Well, if you don’t tell Michelle the truth by tonight, I will.
[Rebecca leaves]
Rebecca: Ha, that’ll do the trick. I won’t even have to tell Richard – they’ll go running to Michelle straight away.",implicit,mental,5,"Rebecca: So Nick, idiot that he is, is going to keep letting Michelle believe that he
thinks it’s too soon to tell people! And James knew about this dumb plan, and did nothing about it!","Rebecca: So Nick, idiot that he is, is going to keep letting Michelle believe that he thinks it’s too soon to tell people! No...no...I don’t think James knew about it.",a,-2.46484375,-2.365234375,-133.125,-120.5625,"tensor(-12.5625, dtype=torch.float16);tensor(-0.0156, dtype=torch.float16);tensor(0., dtype=torch.float16);tensor(-2.5469, dtype=torch.float16);tensor(-5.0391, dtype=torch.float16);tensor(-4.0312, dtype=torch.float16);tensor(-0.3047, dtype=torch.float16);tensor(-8.4453, dtype=torch.float16);tensor(0., dtype=torch.float16);tensor(-2.4297, dtype=torch.float16);tensor(-4.5938, dtype=torch.float16);tensor(-0.0156, dtype=torch.float16);tensor(-0.0469, dtype=torch.float16);tensor(-1.7969, dtype=torch.float16);tensor(-1.0859, dtype=torch.float16);tensor(0., dtype=torch.float16);tensor(-5.3672, dtype=torch.float16);tensor(-2.5781, dtype=torch.float16);tensor(-0.2969, dtype=torch.float16);tensor(0., dtype=torch.float16);tensor(-1.5391, dtype=torch.float16);tensor(-1.1406, dtype=torch.float16);tensor(-0.0625, dtype=torch.float16);tensor(-10.5000, dtype=torch.float16);tensor(-2.4844, dtype=torch.float16);tensor(0., dtype=torch.float16);tensor(-0.2031, dtype=torch.float16);tensor(-0.0156, dtype=torch.float16);tensor(0., dtype=torch.float16);tensor(0., dtype=torch.float16);tensor(-4.2500, dtype=torch.float16);tensor(-0.0312, dtype=torch.float16);tensor(0., dtype=torch.float16);tensor(-0.4844, dtype=torch.float16);tensor(-7.2969, dtype=torch.float16);tensor(-2.4219, dtype=torch.float16);tensor(-3.5469, dtype=torch.float16);tensor(-3.7266, dtype=torch.float16);tensor(-0.3438, dtype=torch.float16);tensor(-1.7969, dtype=torch.float16);tensor(-10.8906, dtype=torch.float16);tensor(-2.7969, dtype=torch.float16);tensor(-1.1016, dtype=torch.float16);tensor(-2.9609, dtype=torch.float16);tensor(-1.6875, dtype=torch.float16);tensor(-6.6953, dtype=torch.float16);tensor(-0.0938, dtype=torch.float16);tensor(-3.2109, dtype=torch.float16);tensor(0., dtype=torch.float16);tensor(-0.7969, dtype=torch.float16);tensor(-6.4453, dtype=torch.float16);tensor(-1.1562, dtype=torch.float16);tensor(-0.1172, dtype=torch.float16);tensor(-4.1758, dtype=torch.float16)","tensor(-12.5625, dtype=torch.float16);tensor(-0.0156, dtype=torch.float16);tensor(0., dtype=torch.float16);tensor(-2.5469, dtype=torch.float16);tensor(-5.0391, dtype=torch.float16);tensor(-4.0312, dtype=torch.float16);tensor(-0.3047, dtype=torch.float16);tensor(-8.4453, dtype=torch.float16);tensor(0., dtype=torch.float16);tensor(-2.4297, dtype=torch.float16);tensor(-4.5938, dtype=torch.float16);tensor(-0.0156, dtype=torch.float16);tensor(-0.0469, dtype=torch.float16);tensor(-1.7969, dtype=torch.float16);tensor(-1.0859, dtype=torch.float16);tensor(0., dtype=torch.float16);tensor(-5.3672, dtype=torch.float16);tensor(-2.5781, dtype=torch.float16);tensor(-0.2969, dtype=torch.float16);tensor(0., dtype=torch.float16);tensor(-1.5391, dtype=torch.float16);tensor(-1.1406, dtype=torch.float16);tensor(-0.0625, dtype=torch.float16);tensor(-4.2656, dtype=torch.float16);tensor(-0.0938, dtype=torch.float16);tensor(-0.0156, dtype=torch.float16);tensor(0., dtype=torch.float16);tensor(0., dtype=torch.float16);tensor(-4.3750, dtype=torch.float16);tensor(-0.0312, dtype=torch.float16);tensor(0., dtype=torch.float16);tensor(-0.5469, dtype=torch.float16);tensor(-6.8984, dtype=torch.float16);tensor(-6.8945, dtype=torch.float16);tensor(-6.7812, dtype=torch.float16);tensor(-2.7578, dtype=torch.float16);tensor(-0.2344, dtype=torch.float16);tensor(-2.1953, dtype=torch.float16);tensor(-3.2422, dtype=torch.float16);tensor(-0.0625, dtype=torch.float16);tensor(0., dtype=torch.float16);tensor(-0.7031, dtype=torch.float16);tensor(-5.9141, dtype=torch.float16);tensor(-3.2266, dtype=torch.float16);tensor(-1.2812, dtype=torch.float16);tensor(-1.6250, dtype=torch.float16);tensor(-1.9219, dtype=torch.float16);tensor(-6.7578, dtype=torch.float16);tensor(-1.8281, dtype=torch.float16);tensor(-0.0469, dtype=torch.float16);tensor(-4.9805, dtype=torch.float16)",epitome_rm
2,Michelle & Nick,implicit,"Scene 1: Michelle is upset, Rebecca enters and sees
Rebecca: Hey, honey, what’s wrong?
Michelle: I guess I might as well tell you.
Rebecca: Tell me what?
Michelle: It’s about Nick... we kinda hooked up in November just before Thanksgiving, at that wedding.
Rebecca: Wait, what? The wedding in November? That was after Thanksgiving.
Michelle: No, definitely before, it was November 22nd.
Rebecca: No, it was November 29th.
Michelle: Nope, definitely the 22nd – remember, that was the morning when Richard got his puppy?
Rebecca: Oh, yeah, you’re right. Anyway, carry on.
Michelle: Yeah. Nick had too much champagne before the ceremony and got tipsy, so we went for a walk that afternoon to help him walk it off. When we got back, he asked me if I’d consider dating him...but now I’m feeling like maybe he regrets it.
Rebecca: Why?
Michelle: Well, he doesn’t want to tell anyone about us, and he says it’s just too early, but I think maybe he just doesn’t like me enough to tell anyone.
Rebecca: Sweetie, I really think you need to talk to Nick about this. He’s probably really crazy about you and just hasn’t realized he’s upsetting you.
Michelle: OK, I’ll talk to him.

Scene 2: Nick talking to James
James: So, how’s it going with Michelle? She still thinks you haven’t told anyone, right?
Nick: Yeah. I’ve been trying to play it cool, making her think I just believe it’s too early to tell people, but the truth is I’m just really scared that if people find out, there’ll be so much pressure on me and I’ll mess it up. But I really want to stay with her – this is the best relationship I’ve been in forever.
[Rebecca enters, quietly]
James: And you’re going to keep letting her believe that?
Nick: Yeah, it’s easier that way.
Rebecca: Letting who believe what?
James: C’mon, man, I think you should tell her.
Nick: OK, OK, I didn’t want to tell anyone just yet, but...Michelle and I have been seeing each other for a while.
Rebecca: Oh my god, that’s fantastic! Why haven’t you told us yet? That’s such good news!
Nick: Yeah, well, I’m just scared I’m going to mess it up and I guess I didn’t want all eyes on me...
Rebecca: Aha!
Nick: What?
Rebecca: Michelle told me about you guys, idiot. And she’s really upset and worried, because she thinks you don’t like her enough to tell people you’re together.
Nick: What?! That’s insane! I’m crazy about her!
Rebecca: Well, then, I guess you’d better tell her the truth, hadn’t you? It’s not like she’s going to be angry or anything. And at the moment she’s really upset. (Rounding on James) And you knew about this?!
James: Ummmm...
Rebecca: You know who’s going to be very interested to hear what I know? Mr Protective Big Brother...
James: Oh my god, Rebecca, please don’t tell Richard.
Rebecca: Well, if you don’t tell Michelle the truth by tonight, I will.
[Rebecca leaves]
Rebecca: Ha, that’ll do the trick. I won’t even have to tell Richard – they’ll go running to Michelle straight away.",implicit,mental,6,"Rebecca: So James, you’ve been protecting Nick even though he’s lying to Michelle by saying that he thinks it’s too early to tell people? You know
that Richard would be furious if he found out what I’ve just heard?James: No, please don’t tell him! Nick, you’ll set this straight, right?","Rebecca: So James, you’ve been protecting Nick even though he’s lying to Michelle by saying that he thinks it’s too early to tell people? You know that Richard would be furious if he found out what I’ve just heard?James: Pfft, Richard won’t care about that.",a,-2.62109375,-2.38671875,-220.125,-179.0,"tensor(-12.5625, dtype=torch.float16);tensor(-0.0156, dtype=torch.float16);tensor(0., dtype=torch.float16);tensor(-2.5469, dtype=torch.float16);tensor(-5.0391, dtype=torch.float16);tensor(-5.5703, dtype=torch.float16);tensor(-0.1250, dtype=torch.float16);tensor(-2.0391, dtype=torch.float16);tensor(-1.2734, dtype=torch.float16);tensor(-1.6094, dtype=torch.float16);tensor(-2.1484, dtype=torch.float16);tensor(-6.8203, dtype=torch.float16);tensor(-0.0156, dtype=torch.float16);tensor(-0.4844, dtype=torch.float16);tensor(-6.9141, dtype=torch.float16);tensor(-1.0938, dtype=torch.float16);tensor(-0.1406, dtype=torch.float16);tensor(-0.2188, dtype=torch.float16);tensor(0., dtype=torch.float16);tensor(-7.1250, dtype=torch.float16);tensor(-0.1250, dtype=torch.float16);tensor(-1.0938, dtype=torch.float16);tensor(0., dtype=torch.float16);tensor(-7.4219, dtype=torch.float16);tensor(-4.0703, dtype=torch.float16);tensor(-3.5234, dtype=torch.float16);tensor(-0.3438, dtype=torch.float16);tensor(-4.9297, dtype=torch.float16);tensor(-0.2344, dtype=torch.float16);tensor(0., dtype=torch.float16);tensor(0., dtype=torch.float16);tensor(0., dtype=torch.float16);tensor(-0.0156, dtype=torch.float16);tensor(-0.0781, dtype=torch.float16);tensor(0., dtype=torch.float16);tensor(-0.3281, dtype=torch.float16);tensor(-0.6406, dtype=torch.float16);tensor(-2.4609, dtype=torch.float16);tensor(-2.2031, dtype=torch.float16);tensor(-12.0625, dtype=torch.float16);tensor(-3.9609, dtype=torch.float16);tensor(-5.7578, dtype=torch.float16);tensor(-2.3750, dtype=torch.float16);tensor(-2.0234, dtype=torch.float16);tensor(-2.3828, dtype=torch.float16);tensor(0., dtype=torch.float16);tensor(-0.4844, dtype=torch.float16);tensor(-0.0156, dtype=torch.float16);tensor(-1.2969, dtype=torch.float16);tensor(0., dtype=torch.float16);tensor(-4.6172, dtype=torch.float16);tensor(-6.8125, dtype=torch.float16);tensor(-2.5469, dtype=torch.float16);tensor(-0.0312, dtype=torch.float16);tensor(-0.1875, dtype=torch.float16);tensor(-3.4688, dtype=torch.float16);tensor(-1., dtype=torch.float16);tensor(-18.4219, dtype=torch.float16);tensor(-6.7031, dtype=torch.float16);tensor(-0.0312, dtype=torch.float16);tensor(-5.9141, dtype=torch.float16);tensor(-0.4297, dtype=torch.float16);tensor(-6.0703, dtype=torch.float16);tensor(-0.8750, dtype=torch.float16);tensor(-0.0156, dtype=torch.float16);tensor(0., dtype=torch.float16);tensor(-0.1875, dtype=torch.float16);tensor(-0.3594, dtype=torch.float16);tensor(-1.0938, dtype=torch.float16);tensor(-4.2734, dtype=torch.float16);tensor(-3.6094, dtype=torch.float16);tensor(-0.9453, dtype=torch.float16);tensor(-0.9766, dtype=torch.float16);tensor(-5.5938, dtype=torch.float16);tensor(-11.8125, dtype=torch.float16);tensor(-5.8359, dtype=torch.float16);tensor(-0.7812, dtype=torch.float16);tensor(-0.9531, dtype=torch.float16);tensor(-0.3750, dtype=torch.float16);tensor(0., dtype=torch.float16);tensor(-8.2344, dtype=torch.float16);tensor(-0.1250, dtype=torch.float16);tensor(-0.3516, dtype=torch.float16);tensor(-3.9766, dtype=torch.float16)","tensor(-12.5625, dtype=torch.float16);tensor(-0.0156, dtype=torch.float16);tensor(0., dtype=torch.float16);tensor(-2.5469, dtype=torch.float16);tensor(-5.0391, dtype=torch.float16);tensor(-5.5703, dtype=torch.float16);tensor(-0.1250, dtype=torch.float16);tensor(-2.0391, dtype=torch.float16);tensor(-1.2734, dtype=torch.float16);tensor(-1.6094, dtype=torch.float16);tensor(-2.1484, dtype=torch.float16);tensor(-6.8203, dtype=torch.float16);tensor(-0.0156, dtype=torch.float16);tensor(-0.4844, dtype=torch.float16);tensor(-6.9141, dtype=torch.float16);tensor(-1.0938, dtype=torch.float16);tensor(-0.1406, dtype=torch.float16);tensor(-0.2188, dtype=torch.float16);tensor(0., dtype=torch.float16);tensor(-7.1250, dtype=torch.float16);tensor(-0.1250, dtype=torch.float16);tensor(-1.0938, dtype=torch.float16);tensor(0., dtype=torch.float16);tensor(-7.4219, dtype=torch.float16);tensor(-4.0703, dtype=torch.float16);tensor(-3.5234, dtype=torch.float16);tensor(-0.3438, dtype=torch.float16);tensor(-4.9297, dtype=torch.float16);tensor(-0.2344, dtype=torch.float16);tensor(0., dtype=torch.float16);tensor(0., dtype=torch.float16);tensor(0., dtype=torch.float16);tensor(-0.0156, dtype=torch.float16);tensor(-0.0781, dtype=torch.float16);tensor(0., dtype=torch.float16);tensor(-0.3281, dtype=torch.float16);tensor(-0.6406, dtype=torch.float16);tensor(-2.4609, dtype=torch.float16);tensor(-2.2031, dtype=torch.float16);tensor(-1.3438, dtype=torch.float16);tensor(-6.9844, dtype=torch.float16);tensor(-2.5625, dtype=torch.float16);tensor(-2.0625, dtype=torch.float16);tensor(-2.3359, dtype=torch.float16);tensor(0., dtype=torch.float16);tensor(-0.5312, dtype=torch.float16);tensor(-0.0156, dtype=torch.float16);tensor(-1.3281, dtype=torch.float16);tensor(0., dtype=torch.float16);tensor(-4.7734, dtype=torch.float16);tensor(-6.4141, dtype=torch.float16);tensor(-2.4219, dtype=torch.float16);tensor(-0.0156, dtype=torch.float16);tensor(-0.2188, dtype=torch.float16);tensor(-3.5625, dtype=torch.float16);tensor(-1.4531, dtype=torch.float16);tensor(-17.9531, dtype=torch.float16);tensor(-5.8359, dtype=torch.float16);tensor(-0.0312, dtype=torch.float16);tensor(-8.7969, dtype=torch.float16);tensor(-2.5547, dtype=torch.float16);tensor(-0.3750, dtype=torch.float16);tensor(-0.2656, dtype=torch.float16);tensor(-2.8750, dtype=torch.float16);tensor(-4.2578, dtype=torch.float16);tensor(0., dtype=torch.float16);tensor(0., dtype=torch.float16);tensor(-1.1406, dtype=torch.float16);tensor(-2.6406, dtype=torch.float16);tensor(-0.5000, dtype=torch.float16);tensor(-0.5625, dtype=torch.float16);tensor(-7.7344, dtype=torch.float16);tensor(-0.1875, dtype=torch.float16);tensor(-0.1406, dtype=torch.float16);tensor(-3.9766, dtype=torch.float16)",epitome_rm
2,Michelle & Nick,implicit,"Scene 1: Michelle is upset, Rebecca enters and sees
Rebecca: Hey, honey, what’s wrong?
Michelle: I guess I might as well tell you.
Rebecca: Tell me what?
Michelle: It’s about Nick... we kinda hooked up in November just before Thanksgiving, at that wedding.
Rebecca: Wait, what? The wedding in November? That was after Thanksgiving.
Michelle: No, definitely before, it was November 22nd.
Rebecca: No, it was November 29th.
Michelle: Nope, definitely the 22nd – remember, that was the morning when Richard got his puppy?
Rebecca: Oh, yeah, you’re right. Anyway, carry on.
Michelle: Yeah. Nick had too much champagne before the ceremony and got tipsy, so we went for a walk that afternoon to help him walk it off. When we got back, he asked me if I’d consider dating him...but now I’m feeling like maybe he regrets it.
Rebecca: Why?
Michelle: Well, he doesn’t want to tell anyone about us, and he says it’s just too early, but I think maybe he just doesn’t like me enough to tell anyone.
Rebecca: Sweetie, I really think you need to talk to Nick about this. He’s probably really crazy about you and just hasn’t realized he’s upsetting you.
Michelle: OK, I’ll talk to him.

Scene 2: Nick talking to James
James: So, how’s it going with Michelle? She still thinks you haven’t told anyone, right?
Nick: Yeah. I’ve been trying to play it cool, making her think I just believe it’s too early to tell people, but the truth is I’m just really scared that if people find out, there’ll be so much pressure on me and I’ll mess it up. But I really want to stay with her – this is the best relationship I’ve been in forever.
[Rebecca enters, quietly]
James: And you’re going to keep letting her believe that?
Nick: Yeah, it’s easier that way.
Rebecca: Letting who believe what?
James: C’mon, man, I think you should tell her.
Nick: OK, OK, I didn’t want to tell anyone just yet, but...Michelle and I have been seeing each other for a while.
Rebecca: Oh my god, that’s fantastic! Why haven’t you told us yet? That’s such good news!
Nick: Yeah, well, I’m just scared I’m going to mess it up and I guess I didn’t want all eyes on me...
Rebecca: Aha!
Nick: What?
Rebecca: Michelle told me about you guys, idiot. And she’s really upset and worried, because she thinks you don’t like her enough to tell people you’re together.
Nick: What?! That’s insane! I’m crazy about her!
Rebecca: Well, then, I guess you’d better tell her the truth, hadn’t you? It’s not like she’s going to be angry or anything. And at the moment she’s really upset. (Rounding on James) And you knew about this?!
James: Ummmm...
Rebecca: You know who’s going to be very interested to hear what I know? Mr Protective Big Brother...
James: Oh my god, Rebecca, please don’t tell Richard.
Rebecca: Well, if you don’t tell Michelle the truth by tonight, I will.
[Rebecca leaves]
Rebecca: Ha, that’ll do the trick. I won’t even have to tell Richard – they’ll go running to Michelle straight away.",implicit,mental,7,"Rebecca: So I’m thinking this evening, I’m going to give Richard a call, and tell him all that I’ve just heard about James, knowing that Nick has no intentions of letting Michelle know that he actually doesn’t want to tell
people because he’s scared, and James doing nothing about it.","Rebecca: Haha, so then I told them that I was going to call Richard and tell him that James was protecting Nick in all his lies to Michelle – but I scared them so much that I don’t have to do a thing.",b,-2.609375,-2.658203125,-151.375,-202.0,"tensor(-12.5625, dtype=torch.float16);tensor(-0.0156, dtype=torch.float16);tensor(0., dtype=torch.float16);tensor(-2.5469, dtype=torch.float16);tensor(-5.6094, dtype=torch.float16);tensor(-1.5938, dtype=torch.float16);tensor(-0.6172, dtype=torch.float16);tensor(-6.2500, dtype=torch.float16);tensor(-7.9648, dtype=torch.float16);tensor(-2.2578, dtype=torch.float16);tensor(-4.5000, dtype=torch.float16);tensor(-2.4375, dtype=torch.float16);tensor(-2.1406, dtype=torch.float16);tensor(-0.8750, dtype=torch.float16);tensor(-2.7188, dtype=torch.float16);tensor(-0.6641, dtype=torch.float16);tensor(-0.0312, dtype=torch.float16);tensor(-4.5234, dtype=torch.float16);tensor(-0.4297, dtype=torch.float16);tensor(-0.6953, dtype=torch.float16);tensor(-0.3125, dtype=torch.float16);tensor(-0.0469, dtype=torch.float16);tensor(-2.8125, dtype=torch.float16);tensor(-8.9531, dtype=torch.float16);tensor(-2.6406, dtype=torch.float16);tensor(-6.3359, dtype=torch.float16);tensor(-0.0312, dtype=torch.float16);tensor(-0.5078, dtype=torch.float16);tensor(-5.9375, dtype=torch.float16);tensor(-3.9609, dtype=torch.float16);tensor(-1.4766, dtype=torch.float16);tensor(-5.3672, dtype=torch.float16);tensor(-3.5781, dtype=torch.float16);tensor(-0.0625, dtype=torch.float16);tensor(0., dtype=torch.float16);tensor(-4.3984, dtype=torch.float16);tensor(-2.5938, dtype=torch.float16);tensor(-1.2031, dtype=torch.float16);tensor(-10.3203, dtype=torch.float16);tensor(-0.4844, dtype=torch.float16);tensor(-0.5625, dtype=torch.float16);tensor(-1.6719, dtype=torch.float16);tensor(-0.1875, dtype=torch.float16);tensor(-0.5000, dtype=torch.float16);tensor(-2.0156, dtype=torch.float16);tensor(-4.7031, dtype=torch.float16);tensor(-0.0312, dtype=torch.float16);tensor(0., dtype=torch.float16);tensor(-1.9531, dtype=torch.float16);tensor(0., dtype=torch.float16);tensor(-1.2969, dtype=torch.float16);tensor(-6.1797, dtype=torch.float16);tensor(-0.0156, dtype=torch.float16);tensor(-0.8750, dtype=torch.float16);tensor(-7.0547, dtype=torch.float16);tensor(-0.3828, dtype=torch.float16);tensor(-0.1172, dtype=torch.float16);tensor(-4.3906, dtype=torch.float16)","tensor(-12.5625, dtype=torch.float16);tensor(-0.0156, dtype=torch.float16);tensor(0., dtype=torch.float16);tensor(-2.5469, dtype=torch.float16);tensor(-5.0391, dtype=torch.float16);tensor(-3.6562, dtype=torch.float16);tensor(-1.8516, dtype=torch.float16);tensor(-1.2969, dtype=torch.float16);tensor(-4.4219, dtype=torch.float16);tensor(-3.5312, dtype=torch.float16);tensor(-5.3359, dtype=torch.float16);tensor(-0.7656, dtype=torch.float16);tensor(-2.8828, dtype=torch.float16);tensor(-0.1875, dtype=torch.float16);tensor(-2.3906, dtype=torch.float16);tensor(-0.3750, dtype=torch.float16);tensor(-0.0312, dtype=torch.float16);tensor(-4.5469, dtype=torch.float16);tensor(-1.6953, dtype=torch.float16);tensor(-0.3672, dtype=torch.float16);tensor(-2.0625, dtype=torch.float16);tensor(-1.4531, dtype=torch.float16);tensor(-0.9844, dtype=torch.float16);tensor(-2.8672, dtype=torch.float16);tensor(-0.0156, dtype=torch.float16);tensor(-3.0625, dtype=torch.float16);tensor(-6.6250, dtype=torch.float16);tensor(-1.4609, dtype=torch.float16);tensor(-3.4062, dtype=torch.float16);tensor(-0.0312, dtype=torch.float16);tensor(-2.2500, dtype=torch.float16);tensor(-2.0078, dtype=torch.float16);tensor(-3.9688, dtype=torch.float16);tensor(-9.4688, dtype=torch.float16);tensor(-2.4766, dtype=torch.float16);tensor(-9.3906, dtype=torch.float16);tensor(-1.1406, dtype=torch.float16);tensor(-3.0234, dtype=torch.float16);tensor(-5.7734, dtype=torch.float16);tensor(-2.3438, dtype=torch.float16);tensor(-10.3281, dtype=torch.float16);tensor(-0.0469, dtype=torch.float16);tensor(-0.2188, dtype=torch.float16);tensor(-4.9688, dtype=torch.float16);tensor(-1.5234, dtype=torch.float16);tensor(0., dtype=torch.float16);tensor(-0.9062, dtype=torch.float16);tensor(-2.1562, dtype=torch.float16);tensor(-0.3125, dtype=torch.float16);tensor(-5.1641, dtype=torch.float16);tensor(-5.2188, dtype=torch.float16);tensor(-0.0781, dtype=torch.float16);tensor(0., dtype=torch.float16);tensor(-0.2188, dtype=torch.float16);tensor(-0.1250, dtype=torch.float16);tensor(-0.5312, dtype=torch.float16);tensor(-11.1953, dtype=torch.float16);tensor(-5.2031, dtype=torch.float16);tensor(-1.8906, dtype=torch.float16);tensor(-0.2656, dtype=torch.float16);tensor(-0.4688, dtype=torch.float16);tensor(0., dtype=torch.float16);tensor(-0.3281, dtype=torch.float16);tensor(0., dtype=torch.float16);tensor(-2.4844, dtype=torch.float16);tensor(-0.6719, dtype=torch.float16);tensor(-2.3047, dtype=torch.float16);tensor(-9.3516, dtype=torch.float16);tensor(-3.3672, dtype=torch.float16);tensor(-1.6641, dtype=torch.float16);tensor(-0.1562, dtype=torch.float16);tensor(-0.7344, dtype=torch.float16);tensor(-7.0938, dtype=torch.float16);tensor(-0.1172, dtype=torch.float16);tensor(-0.2578, dtype=torch.float16);tensor(-5.3555, dtype=torch.float16)",epitome_rm
2,Michelle & Nick,implicit,"Scene 1: Michelle is upset, Rebecca enters and sees
Rebecca: Hey, honey, what’s wrong?
Michelle: I guess I might as well tell you.
Rebecca: Tell me what?
Michelle: It’s about Nick... we kinda hooked up in November just before Thanksgiving, at that wedding.
Rebecca: Wait, what? The wedding in November? That was after Thanksgiving.
Michelle: No, definitely before, it was November 22nd.
Rebecca: No, it was November 29th.
Michelle: Nope, definitely the 22nd – remember, that was the morning when Richard got his puppy?
Rebecca: Oh, yeah, you’re right. Anyway, carry on.
Michelle: Yeah. Nick had too much champagne before the ceremony and got tipsy, so we went for a walk that afternoon to help him walk it off. When we got back, he asked me if I’d consider dating him...but now I’m feeling like maybe he regrets it.
Rebecca: Why?
Michelle: Well, he doesn’t want to tell anyone about us, and he says it’s just too early, but I think maybe he just doesn’t like me enough to tell anyone.
Rebecca: Sweetie, I really think you need to talk to Nick about this. He’s probably really crazy about you and just hasn’t realized he’s upsetting you.
Michelle: OK, I’ll talk to him.

Scene 2: Nick talking to James
James: So, how’s it going with Michelle? She still thinks you haven’t told anyone, right?
Nick: Yeah. I’ve been trying to play it cool, making her think I just believe it’s too early to tell people, but the truth is I’m just really scared that if people find out, there’ll be so much pressure on me and I’ll mess it up. But I really want to stay with her – this is the best relationship I’ve been in forever.
[Rebecca enters, quietly]
James: And you’re going to keep letting her believe that?
Nick: Yeah, it’s easier that way.
Rebecca: Letting who believe what?
James: C’mon, man, I think you should tell her.
Nick: OK, OK, I didn’t want to tell anyone just yet, but...Michelle and I have been seeing each other for a while.
Rebecca: Oh my god, that’s fantastic! Why haven’t you told us yet? That’s such good news!
Nick: Yeah, well, I’m just scared I’m going to mess it up and I guess I didn’t want all eyes on me...
Rebecca: Aha!
Nick: What?
Rebecca: Michelle told me about you guys, idiot. And she’s really upset and worried, because she thinks you don’t like her enough to tell people you’re together.
Nick: What?! That’s insane! I’m crazy about her!
Rebecca: Well, then, I guess you’d better tell her the truth, hadn’t you? It’s not like she’s going to be angry or anything. And at the moment she’s really upset. (Rounding on James) And you knew about this?!
James: Ummmm...
Rebecca: You know who’s going to be very interested to hear what I know? Mr Protective Big Brother...
James: Oh my god, Rebecca, please don’t tell Richard.
Rebecca: Well, if you don’t tell Michelle the truth by tonight, I will.
[Rebecca leaves]
Rebecca: Ha, that’ll do the trick. I won’t even have to tell Richard – they’ll go running to Michelle straight away.",implicit,control,1,"Michelle: Yeah, we started dating after we got back from this really romantic walk in the park.","Michelle: Yeah, we started dating during this really romantic walk in the park.",a,-2.75390625,-3.306640625,-74.3125,-76.0,"tensor(-6.2578, dtype=torch.float16);tensor(0., dtype=torch.float16);tensor(-4.5859, dtype=torch.float16);tensor(-4.8203, dtype=torch.float16);tensor(-0.1719, dtype=torch.float16);tensor(-6.0781, dtype=torch.float16);tensor(-6.7344, dtype=torch.float16);tensor(-0.8125, dtype=torch.float16);tensor(0., dtype=torch.float16);tensor(-2.0234, dtype=torch.float16);tensor(-5.1172, dtype=torch.float16);tensor(-0.7812, dtype=torch.float16);tensor(-0.1953, dtype=torch.float16);tensor(-0.0156, dtype=torch.float16);tensor(-6.7578, dtype=torch.float16);tensor(-5.3594, dtype=torch.float16);tensor(-3.9922, dtype=torch.float16);tensor(0., dtype=torch.float16);tensor(-3.7812, dtype=torch.float16);tensor(-2.1406, dtype=torch.float16);tensor(-0.3438, dtype=torch.float16);tensor(-0.5781, dtype=torch.float16);tensor(-0.3594, dtype=torch.float16);tensor(-7.8359, dtype=torch.float16);tensor(-0.4062, dtype=torch.float16);tensor(-0.0781, dtype=torch.float16);tensor(-5.1094, dtype=torch.float16)","tensor(-6.2578, dtype=torch.float16);tensor(0., dtype=torch.float16);tensor(-4.5859, dtype=torch.float16);tensor(-4.8203, dtype=torch.float16);tensor(-0.1719, dtype=torch.float16);tensor(-6.0781, dtype=torch.float16);tensor(-6.7344, dtype=torch.float16);tensor(-0.8125, dtype=torch.float16);tensor(0., dtype=torch.float16);tensor(-6.6875, dtype=torch.float16);tensor(-6.3516, dtype=torch.float16);tensor(-6.3125, dtype=torch.float16);tensor(-4.2344, dtype=torch.float16);tensor(0., dtype=torch.float16);tensor(-6.1250, dtype=torch.float16);tensor(-1.5078, dtype=torch.float16);tensor(-0.3359, dtype=torch.float16);tensor(-0.4688, dtype=torch.float16);tensor(-0.7266, dtype=torch.float16);tensor(-7.9531, dtype=torch.float16);tensor(-0.2031, dtype=torch.float16);tensor(-0.1172, dtype=torch.float16);tensor(-5.5469, dtype=torch.float16)",epitome_rm
2,Michelle & Nick,implicit,"Scene 1: Michelle is upset, Rebecca enters and sees
Rebecca: Hey, honey, what’s wrong?
Michelle: I guess I might as well tell you.
Rebecca: Tell me what?
Michelle: It’s about Nick... we kinda hooked up in November just before Thanksgiving, at that wedding.
Rebecca: Wait, what? The wedding in November? That was after Thanksgiving.
Michelle: No, definitely before, it was November 22nd.
Rebecca: No, it was November 29th.
Michelle: Nope, definitely the 22nd – remember, that was the morning when Richard got his puppy?
Rebecca: Oh, yeah, you’re right. Anyway, carry on.
Michelle: Yeah. Nick had too much champagne before the ceremony and got tipsy, so we went for a walk that afternoon to help him walk it off. When we got back, he asked me if I’d consider dating him...but now I’m feeling like maybe he regrets it.
Rebecca: Why?
Michelle: Well, he doesn’t want to tell anyone about us, and he says it’s just too early, but I think maybe he just doesn’t like me enough to tell anyone.
Rebecca: Sweetie, I really think you need to talk to Nick about this. He’s probably really crazy about you and just hasn’t realized he’s upsetting you.
Michelle: OK, I’ll talk to him.

Scene 2: Nick talking to James
James: So, how’s it going with Michelle? She still thinks you haven’t told anyone, right?
Nick: Yeah. I’ve been trying to play it cool, making her think I just believe it’s too early to tell people, but the truth is I’m just really scared that if people find out, there’ll be so much pressure on me and I’ll mess it up. But I really want to stay with her – this is the best relationship I’ve been in forever.
[Rebecca enters, quietly]
James: And you’re going to keep letting her believe that?
Nick: Yeah, it’s easier that way.
Rebecca: Letting who believe what?
James: C’mon, man, I think you should tell her.
Nick: OK, OK, I didn’t want to tell anyone just yet, but...Michelle and I have been seeing each other for a while.
Rebecca: Oh my god, that’s fantastic! Why haven’t you told us yet? That’s such good news!
Nick: Yeah, well, I’m just scared I’m going to mess it up and I guess I didn’t want all eyes on me...
Rebecca: Aha!
Nick: What?
Rebecca: Michelle told me about you guys, idiot. And she’s really upset and worried, because she thinks you don’t like her enough to tell people you’re together.
Nick: What?! That’s insane! I’m crazy about her!
Rebecca: Well, then, I guess you’d better tell her the truth, hadn’t you? It’s not like she’s going to be angry or anything. And at the moment she’s really upset. (Rounding on James) And you knew about this?!
James: Ummmm...
Rebecca: You know who’s going to be very interested to hear what I know? Mr Protective Big Brother...
James: Oh my god, Rebecca, please don’t tell Richard.
Rebecca: Well, if you don’t tell Michelle the truth by tonight, I will.
[Rebecca leaves]
Rebecca: Ha, that’ll do the trick. I won’t even have to tell Richard – they’ll go running to Michelle straight away.",implicit,control,2,"Nick: We started dating after a walk in the park, when I was kind of tipsy.","Nick: We started dating while we were walking in the park, while I was kind of tipsy.",a,-3.224609375,-3.328125,-80.625,-86.5625,"tensor(-8.4453, dtype=torch.float16);tensor(-0.8984, dtype=torch.float16);tensor(-8.1016, dtype=torch.float16);tensor(-12.6797, dtype=torch.float16);tensor(-0.3438, dtype=torch.float16);tensor(0., dtype=torch.float16);tensor(-2.6328, dtype=torch.float16);tensor(-4.0781, dtype=torch.float16);tensor(-7.1953, dtype=torch.float16);tensor(-2.2344, dtype=torch.float16);tensor(-1.2266, dtype=torch.float16);tensor(-0.1562, dtype=torch.float16);tensor(-2.7422, dtype=torch.float16);tensor(-4.7812, dtype=torch.float16);tensor(-0.8438, dtype=torch.float16);tensor(-0.4375, dtype=torch.float16);tensor(-6.8828, dtype=torch.float16);tensor(-1.3438, dtype=torch.float16);tensor(-1.3203, dtype=torch.float16);tensor(0., dtype=torch.float16);tensor(-0.8906, dtype=torch.float16);tensor(-7.6250, dtype=torch.float16);tensor(-0.2891, dtype=torch.float16);tensor(-0.1172, dtype=torch.float16);tensor(-5.3359, dtype=torch.float16)","tensor(-8.4453, dtype=torch.float16);tensor(-0.8984, dtype=torch.float16);tensor(-8.1016, dtype=torch.float16);tensor(-12.6797, dtype=torch.float16);tensor(-0.3438, dtype=torch.float16);tensor(0., dtype=torch.float16);tensor(-8.6719, dtype=torch.float16);tensor(-1.0078, dtype=torch.float16);tensor(-0.0156, dtype=torch.float16);tensor(-5.4922, dtype=torch.float16);tensor(-1.2969, dtype=torch.float16);tensor(-0.1562, dtype=torch.float16);tensor(-0.2344, dtype=torch.float16);tensor(-2.3594, dtype=torch.float16);tensor(-7.2422, dtype=torch.float16);tensor(-3.4688, dtype=torch.float16);tensor(-0.0625, dtype=torch.float16);tensor(-9.1250, dtype=torch.float16);tensor(-0.9062, dtype=torch.float16);tensor(-2.5859, dtype=torch.float16);tensor(0., dtype=torch.float16);tensor(-0.7188, dtype=torch.float16);tensor(-7.3047, dtype=torch.float16);tensor(-0.9531, dtype=torch.float16);tensor(-0.1094, dtype=torch.float16);tensor(-4.3672, dtype=torch.float16)",epitome_rm
2,Michelle & Nick,implicit,"Scene 1: Michelle is upset, Rebecca enters and sees
Rebecca: Hey, honey, what’s wrong?
Michelle: I guess I might as well tell you.
Rebecca: Tell me what?
Michelle: It’s about Nick... we kinda hooked up in November just before Thanksgiving, at that wedding.
Rebecca: Wait, what? The wedding in November? That was after Thanksgiving.
Michelle: No, definitely before, it was November 22nd.
Rebecca: No, it was November 29th.
Michelle: Nope, definitely the 22nd – remember, that was the morning when Richard got his puppy?
Rebecca: Oh, yeah, you’re right. Anyway, carry on.
Michelle: Yeah. Nick had too much champagne before the ceremony and got tipsy, so we went for a walk that afternoon to help him walk it off. When we got back, he asked me if I’d consider dating him...but now I’m feeling like maybe he regrets it.
Rebecca: Why?
Michelle: Well, he doesn’t want to tell anyone about us, and he says it’s just too early, but I think maybe he just doesn’t like me enough to tell anyone.
Rebecca: Sweetie, I really think you need to talk to Nick about this. He’s probably really crazy about you and just hasn’t realized he’s upsetting you.
Michelle: OK, I’ll talk to him.

Scene 2: Nick talking to James
James: So, how’s it going with Michelle? She still thinks you haven’t told anyone, right?
Nick: Yeah. I’ve been trying to play it cool, making her think I just believe it’s too early to tell people, but the truth is I’m just really scared that if people find out, there’ll be so much pressure on me and I’ll mess it up. But I really want to stay with her – this is the best relationship I’ve been in forever.
[Rebecca enters, quietly]
James: And you’re going to keep letting her believe that?
Nick: Yeah, it’s easier that way.
Rebecca: Letting who believe what?
James: C’mon, man, I think you should tell her.
Nick: OK, OK, I didn’t want to tell anyone just yet, but...Michelle and I have been seeing each other for a while.
Rebecca: Oh my god, that’s fantastic! Why haven’t you told us yet? That’s such good news!
Nick: Yeah, well, I’m just scared I’m going to mess it up and I guess I didn’t want all eyes on me...
Rebecca: Aha!
Nick: What?
Rebecca: Michelle told me about you guys, idiot. And she’s really upset and worried, because she thinks you don’t like her enough to tell people you’re together.
Nick: What?! That’s insane! I’m crazy about her!
Rebecca: Well, then, I guess you’d better tell her the truth, hadn’t you? It’s not like she’s going to be angry or anything. And at the moment she’s really upset. (Rounding on James) And you knew about this?!
James: Ummmm...
Rebecca: You know who’s going to be very interested to hear what I know? Mr Protective Big Brother...
James: Oh my god, Rebecca, please don’t tell Richard.
Rebecca: Well, if you don’t tell Michelle the truth by tonight, I will.
[Rebecca leaves]
Rebecca: Ha, that’ll do the trick. I won’t even have to tell Richard – they’ll go running to Michelle straight away.",implicit,control,3,"Rebecca: They started dating one afternoon when Nick was tipsy, after they’d gone for a walk in the park.","Rebecca: They started dating one morning, while they were walking in the park, and when they got back, Nick got kind of tipsy.",a,-2.93359375,-3.330078125,-93.875,-119.875,"tensor(-12.5625, dtype=torch.float16);tensor(-0.0156, dtype=torch.float16);tensor(0., dtype=torch.float16);tensor(-2.5469, dtype=torch.float16);tensor(-8.1562, dtype=torch.float16);tensor(-9.9375, dtype=torch.float16);tensor(-2.2500, dtype=torch.float16);tensor(0., dtype=torch.float16);tensor(-7.6953, dtype=torch.float16);tensor(-8.8125, dtype=torch.float16);tensor(-3.9531, dtype=torch.float16);tensor(-4.2422, dtype=torch.float16);tensor(-0.9297, dtype=torch.float16);tensor(-0.5703, dtype=torch.float16);tensor(0., dtype=torch.float16);tensor(-2.3047, dtype=torch.float16);tensor(-3.3203, dtype=torch.float16);tensor(-3.1172, dtype=torch.float16);tensor(-3.4141, dtype=torch.float16);tensor(0., dtype=torch.float16);tensor(-0.7969, dtype=torch.float16);tensor(-0.0312, dtype=torch.float16);tensor(0., dtype=torch.float16);tensor(-0.0156, dtype=torch.float16);tensor(-4.8906, dtype=torch.float16);tensor(-0.2734, dtype=torch.float16);tensor(-0.5156, dtype=torch.float16);tensor(-0.6250, dtype=torch.float16);tensor(-7.6250, dtype=torch.float16);tensor(-0.0469, dtype=torch.float16);tensor(-0.1797, dtype=torch.float16);tensor(-5.0586, dtype=torch.float16)","tensor(-12.5625, dtype=torch.float16);tensor(-0.0156, dtype=torch.float16);tensor(0., dtype=torch.float16);tensor(-2.5469, dtype=torch.float16);tensor(-8.1562, dtype=torch.float16);tensor(-9.9375, dtype=torch.float16);tensor(-2.2500, dtype=torch.float16);tensor(0., dtype=torch.float16);tensor(-7.6953, dtype=torch.float16);tensor(-7.7734, dtype=torch.float16);tensor(-2.5938, dtype=torch.float16);tensor(-7.1797, dtype=torch.float16);tensor(-2.4375, dtype=torch.float16);tensor(-0.0781, dtype=torch.float16);tensor(-1.6875, dtype=torch.float16);tensor(-6.4375, dtype=torch.float16);tensor(-0.1562, dtype=torch.float16);tensor(-0.2031, dtype=torch.float16);tensor(-1.8125, dtype=torch.float16);tensor(-1.2109, dtype=torch.float16);tensor(-5.7812, dtype=torch.float16);tensor(-0.5391, dtype=torch.float16);tensor(-1.6953, dtype=torch.float16);tensor(-0.2188, dtype=torch.float16);tensor(-1.0312, dtype=torch.float16);tensor(-1.6797, dtype=torch.float16);tensor(-4.7656, dtype=torch.float16);tensor(-9.6094, dtype=torch.float16);tensor(-1.2500, dtype=torch.float16);tensor(-2.5781, dtype=torch.float16);tensor(0., dtype=torch.float16);tensor(-2.0781, dtype=torch.float16);tensor(-7.5859, dtype=torch.float16);tensor(-0.0703, dtype=torch.float16);tensor(-0.1406, dtype=torch.float16);tensor(-6.0977, dtype=torch.float16)",epitome_rm
2,Michelle & Nick,implicit,"Scene 1: Michelle is upset, Rebecca enters and sees
Rebecca: Hey, honey, what’s wrong?
Michelle: I guess I might as well tell you.
Rebecca: Tell me what?
Michelle: It’s about Nick... we kinda hooked up in November just before Thanksgiving, at that wedding.
Rebecca: Wait, what? The wedding in November? That was after Thanksgiving.
Michelle: No, definitely before, it was November 22nd.
Rebecca: No, it was November 29th.
Michelle: Nope, definitely the 22nd – remember, that was the morning when Richard got his puppy?
Rebecca: Oh, yeah, you’re right. Anyway, carry on.
Michelle: Yeah. Nick had too much champagne before the ceremony and got tipsy, so we went for a walk that afternoon to help him walk it off. When we got back, he asked me if I’d consider dating him...but now I’m feeling like maybe he regrets it.
Rebecca: Why?
Michelle: Well, he doesn’t want to tell anyone about us, and he says it’s just too early, but I think maybe he just doesn’t like me enough to tell anyone.
Rebecca: Sweetie, I really think you need to talk to Nick about this. He’s probably really crazy about you and just hasn’t realized he’s upsetting you.
Michelle: OK, I’ll talk to him.

Scene 2: Nick talking to James
James: So, how’s it going with Michelle? She still thinks you haven’t told anyone, right?
Nick: Yeah. I’ve been trying to play it cool, making her think I just believe it’s too early to tell people, but the truth is I’m just really scared that if people find out, there’ll be so much pressure on me and I’ll mess it up. But I really want to stay with her – this is the best relationship I’ve been in forever.
[Rebecca enters, quietly]
James: And you’re going to keep letting her believe that?
Nick: Yeah, it’s easier that way.
Rebecca: Letting who believe what?
James: C’mon, man, I think you should tell her.
Nick: OK, OK, I didn’t want to tell anyone just yet, but...Michelle and I have been seeing each other for a while.
Rebecca: Oh my god, that’s fantastic! Why haven’t you told us yet? That’s such good news!
Nick: Yeah, well, I’m just scared I’m going to mess it up and I guess I didn’t want all eyes on me...
Rebecca: Aha!
Nick: What?
Rebecca: Michelle told me about you guys, idiot. And she’s really upset and worried, because she thinks you don’t like her enough to tell people you’re together.
Nick: What?! That’s insane! I’m crazy about her!
Rebecca: Well, then, I guess you’d better tell her the truth, hadn’t you? It’s not like she’s going to be angry or anything. And at the moment she’s really upset. (Rounding on James) And you knew about this?!
James: Ummmm...
Rebecca: You know who’s going to be very interested to hear what I know? Mr Protective Big Brother...
James: Oh my god, Rebecca, please don’t tell Richard.
Rebecca: Well, if you don’t tell Michelle the truth by tonight, I will.
[Rebecca leaves]
Rebecca: Ha, that’ll do the trick. I won’t even have to tell Richard – they’ll go running to Michelle straight away.",implicit,control,4,"Michelle: We started dating in the afternoon on November 22nd. We’d got back from a walk in the park, and Nick was a bit tipsy.","Michelle: We started dating in the morning on November 22nd, while we were walking in the park. When we got back, Nick got a bit tipsy.",a,-2.353515625,-2.583984375,-96.5,-105.9375,"tensor(-6.2500, dtype=torch.float16);tensor(0., dtype=torch.float16);tensor(-4.5859, dtype=torch.float16);tensor(-7.9141, dtype=torch.float16);tensor(-10.5547, dtype=torch.float16);tensor(-0.7969, dtype=torch.float16);tensor(0., dtype=torch.float16);tensor(-0.8594, dtype=torch.float16);tensor(-6.3438, dtype=torch.float16);tensor(-5.5625, dtype=torch.float16);tensor(-1.9297, dtype=torch.float16);tensor(-0.2188, dtype=torch.float16);tensor(-0.0156, dtype=torch.float16);tensor(0., dtype=torch.float16);tensor(0., dtype=torch.float16);tensor(-0.0156, dtype=torch.float16);tensor(-0.6719, dtype=torch.float16);tensor(-4.2812, dtype=torch.float16);tensor(-2.1094, dtype=torch.float16);tensor(-1.7500, dtype=torch.float16);tensor(-4.0234, dtype=torch.float16);tensor(-3.9766, dtype=torch.float16);tensor(-0.0625, dtype=torch.float16);tensor(-1.8125, dtype=torch.float16);tensor(-0.0469, dtype=torch.float16);tensor(-5.2812, dtype=torch.float16);tensor(-0.2812, dtype=torch.float16);tensor(-0.7734, dtype=torch.float16);tensor(-1.6328, dtype=torch.float16);tensor(-0.2812, dtype=torch.float16);tensor(-0.8438, dtype=torch.float16);tensor(-2.3672, dtype=torch.float16);tensor(-3.4219, dtype=torch.float16);tensor(-0.1875, dtype=torch.float16);tensor(-0.3359, dtype=torch.float16);tensor(0., dtype=torch.float16);tensor(-1.1250, dtype=torch.float16);tensor(-8.6953, dtype=torch.float16);tensor(-0.7578, dtype=torch.float16);tensor(-0.0625, dtype=torch.float16);tensor(-6.6992, dtype=torch.float16)","tensor(-6.2500, dtype=torch.float16);tensor(0., dtype=torch.float16);tensor(-4.5859, dtype=torch.float16);tensor(-7.9141, dtype=torch.float16);tensor(-10.5547, dtype=torch.float16);tensor(-0.7969, dtype=torch.float16);tensor(0., dtype=torch.float16);tensor(-0.8594, dtype=torch.float16);tensor(-6.3438, dtype=torch.float16);tensor(-5.1172, dtype=torch.float16);tensor(-2.7500, dtype=torch.float16);tensor(-0.2031, dtype=torch.float16);tensor(-0.0156, dtype=torch.float16);tensor(0., dtype=torch.float16);tensor(0., dtype=torch.float16);tensor(-0.0156, dtype=torch.float16);tensor(-1.3906, dtype=torch.float16);tensor(-7.4102, dtype=torch.float16);tensor(-4.6719, dtype=torch.float16);tensor(-0.0781, dtype=torch.float16);tensor(-1.5625, dtype=torch.float16);tensor(-6.4297, dtype=torch.float16);tensor(-0.1172, dtype=torch.float16);tensor(-0.1094, dtype=torch.float16);tensor(-0.5781, dtype=torch.float16);tensor(-6.3281, dtype=torch.float16);tensor(-0.4844, dtype=torch.float16);tensor(-0.3906, dtype=torch.float16);tensor(-0.0156, dtype=torch.float16);tensor(-0.3750, dtype=torch.float16);tensor(-1.0312, dtype=torch.float16);tensor(-4.5781, dtype=torch.float16);tensor(-3.0391, dtype=torch.float16);tensor(-2.2344, dtype=torch.float16);tensor(-1.4688, dtype=torch.float16);tensor(0., dtype=torch.float16);tensor(-3.3047, dtype=torch.float16);tensor(-8.3984, dtype=torch.float16);tensor(-0.3516, dtype=torch.float16);tensor(-0.1406, dtype=torch.float16);tensor(-6.0625, dtype=torch.float16)",epitome_rm
2,Michelle & Nick,implicit,"Scene 1: Michelle is upset, Rebecca enters and sees
Rebecca: Hey, honey, what’s wrong?
Michelle: I guess I might as well tell you.
Rebecca: Tell me what?
Michelle: It’s about Nick... we kinda hooked up in November just before Thanksgiving, at that wedding.
Rebecca: Wait, what? The wedding in November? That was after Thanksgiving.
Michelle: No, definitely before, it was November 22nd.
Rebecca: No, it was November 29th.
Michelle: Nope, definitely the 22nd – remember, that was the morning when Richard got his puppy?
Rebecca: Oh, yeah, you’re right. Anyway, carry on.
Michelle: Yeah. Nick had too much champagne before the ceremony and got tipsy, so we went for a walk that afternoon to help him walk it off. When we got back, he asked me if I’d consider dating him...but now I’m feeling like maybe he regrets it.
Rebecca: Why?
Michelle: Well, he doesn’t want to tell anyone about us, and he says it’s just too early, but I think maybe he just doesn’t like me enough to tell anyone.
Rebecca: Sweetie, I really think you need to talk to Nick about this. He’s probably really crazy about you and just hasn’t realized he’s upsetting you.
Michelle: OK, I’ll talk to him.

Scene 2: Nick talking to James
James: So, how’s it going with Michelle? She still thinks you haven’t told anyone, right?
Nick: Yeah. I’ve been trying to play it cool, making her think I just believe it’s too early to tell people, but the truth is I’m just really scared that if people find out, there’ll be so much pressure on me and I’ll mess it up. But I really want to stay with her – this is the best relationship I’ve been in forever.
[Rebecca enters, quietly]
James: And you’re going to keep letting her believe that?
Nick: Yeah, it’s easier that way.
Rebecca: Letting who believe what?
James: C’mon, man, I think you should tell her.
Nick: OK, OK, I didn’t want to tell anyone just yet, but...Michelle and I have been seeing each other for a while.
Rebecca: Oh my god, that’s fantastic! Why haven’t you told us yet? That’s such good news!
Nick: Yeah, well, I’m just scared I’m going to mess it up and I guess I didn’t want all eyes on me...
Rebecca: Aha!
Nick: What?
Rebecca: Michelle told me about you guys, idiot. And she’s really upset and worried, because she thinks you don’t like her enough to tell people you’re together.
Nick: What?! That’s insane! I’m crazy about her!
Rebecca: Well, then, I guess you’d better tell her the truth, hadn’t you? It’s not like she’s going to be angry or anything. And at the moment she’s really upset. (Rounding on James) And you knew about this?!
James: Ummmm...
Rebecca: You know who’s going to be very interested to hear what I know? Mr Protective Big Brother...
James: Oh my god, Rebecca, please don’t tell Richard.
Rebecca: Well, if you don’t tell Michelle the truth by tonight, I will.
[Rebecca leaves]
Rebecca: Ha, that’ll do the trick. I won’t even have to tell Richard – they’ll go running to Michelle straight away.",implicit,control,5,"Nick: We started dating before Thanksgiving, in the afternoon on November 22nd. I was a bit tipsy and we’d just got back from a walk in the park.","Nick: We started dating after Thanksgiving, in the morning on November 29th, while we were walking in the park. I was a bit tipsy at the time.",a,-2.181640625,-2.529296875,-98.1875,-108.75,"tensor(-8.4531, dtype=torch.float16);tensor(-0.8828, dtype=torch.float16);tensor(-8.1094, dtype=torch.float16);tensor(-12.6797, dtype=torch.float16);tensor(-0.3438, dtype=torch.float16);tensor(0., dtype=torch.float16);tensor(-1.2188, dtype=torch.float16);tensor(-0.1562, dtype=torch.float16);tensor(0., dtype=torch.float16);tensor(0., dtype=torch.float16);tensor(-1.8516, dtype=torch.float16);tensor(-4.8594, dtype=torch.float16);tensor(-5.1250, dtype=torch.float16);tensor(-1.8359, dtype=torch.float16);tensor(-2.7344, dtype=torch.float16);tensor(-0.3281, dtype=torch.float16);tensor(-0.0156, dtype=torch.float16);tensor(0., dtype=torch.float16);tensor(0., dtype=torch.float16);tensor(-0.0156, dtype=torch.float16);tensor(-0.3906, dtype=torch.float16);tensor(-3.3516, dtype=torch.float16);tensor(-1.7031, dtype=torch.float16);tensor(-3.7500, dtype=torch.float16);tensor(-0.4844, dtype=torch.float16);tensor(-1.0859, dtype=torch.float16);tensor(0., dtype=torch.float16);tensor(-1.4375, dtype=torch.float16);tensor(-2.0781, dtype=torch.float16);tensor(-5.7344, dtype=torch.float16);tensor(-0.2812, dtype=torch.float16);tensor(-1.1094, dtype=torch.float16);tensor(-3.9297, dtype=torch.float16);tensor(-1.2344, dtype=torch.float16);tensor(-0.0156, dtype=torch.float16);tensor(-0.1250, dtype=torch.float16);tensor(0., dtype=torch.float16);tensor(-6.1250, dtype=torch.float16);tensor(-0.0312, dtype=torch.float16);tensor(-0.6641, dtype=torch.float16);tensor(-0.3906, dtype=torch.float16);tensor(-8.4844, dtype=torch.float16);tensor(-2.0859, dtype=torch.float16);tensor(-0.0625, dtype=torch.float16);tensor(-5.0391, dtype=torch.float16)","tensor(-8.4531, dtype=torch.float16);tensor(-0.8828, dtype=torch.float16);tensor(-8.1094, dtype=torch.float16);tensor(-12.6797, dtype=torch.float16);tensor(-0.3438, dtype=torch.float16);tensor(0., dtype=torch.float16);tensor(-2.6328, dtype=torch.float16);tensor(-2., dtype=torch.float16);tensor(0., dtype=torch.float16);tensor(0., dtype=torch.float16);tensor(-1.6719, dtype=torch.float16);tensor(-5., dtype=torch.float16);tensor(-5.1406, dtype=torch.float16);tensor(-1.3281, dtype=torch.float16);tensor(-3.5156, dtype=torch.float16);tensor(-0.5469, dtype=torch.float16);tensor(-0.0156, dtype=torch.float16);tensor(0., dtype=torch.float16);tensor(-5.3125, dtype=torch.float16);tensor(-0.0156, dtype=torch.float16);tensor(-1.5000, dtype=torch.float16);tensor(-5.2109, dtype=torch.float16);tensor(-4.7656, dtype=torch.float16);tensor(-0.0781, dtype=torch.float16);tensor(-1.2812, dtype=torch.float16);tensor(-5.8594, dtype=torch.float16);tensor(-0.1719, dtype=torch.float16);tensor(-0.0625, dtype=torch.float16);tensor(-0.6562, dtype=torch.float16);tensor(-3., dtype=torch.float16);tensor(-1.8984, dtype=torch.float16);tensor(-3.2734, dtype=torch.float16);tensor(-0.4688, dtype=torch.float16);tensor(-1.6719, dtype=torch.float16);tensor(0., dtype=torch.float16);tensor(-5.0156, dtype=torch.float16);tensor(-0.0312, dtype=torch.float16);tensor(-0.7812, dtype=torch.float16);tensor(-1., dtype=torch.float16);tensor(-7.2500, dtype=torch.float16);tensor(-1.2266, dtype=torch.float16);tensor(-0.1172, dtype=torch.float16);tensor(-5.7969, dtype=torch.float16)",epitome_rm
2,Michelle & Nick,implicit,"Scene 1: Michelle is upset, Rebecca enters and sees
Rebecca: Hey, honey, what’s wrong?
Michelle: I guess I might as well tell you.
Rebecca: Tell me what?
Michelle: It’s about Nick... we kinda hooked up in November just before Thanksgiving, at that wedding.
Rebecca: Wait, what? The wedding in November? That was after Thanksgiving.
Michelle: No, definitely before, it was November 22nd.
Rebecca: No, it was November 29th.
Michelle: Nope, definitely the 22nd – remember, that was the morning when Richard got his puppy?
Rebecca: Oh, yeah, you’re right. Anyway, carry on.
Michelle: Yeah. Nick had too much champagne before the ceremony and got tipsy, so we went for a walk that afternoon to help him walk it off. When we got back, he asked me if I’d consider dating him...but now I’m feeling like maybe he regrets it.
Rebecca: Why?
Michelle: Well, he doesn’t want to tell anyone about us, and he says it’s just too early, but I think maybe he just doesn’t like me enough to tell anyone.
Rebecca: Sweetie, I really think you need to talk to Nick about this. He’s probably really crazy about you and just hasn’t realized he’s upsetting you.
Michelle: OK, I’ll talk to him.

Scene 2: Nick talking to James
James: So, how’s it going with Michelle? She still thinks you haven’t told anyone, right?
Nick: Yeah. I’ve been trying to play it cool, making her think I just believe it’s too early to tell people, but the truth is I’m just really scared that if people find out, there’ll be so much pressure on me and I’ll mess it up. But I really want to stay with her – this is the best relationship I’ve been in forever.
[Rebecca enters, quietly]
James: And you’re going to keep letting her believe that?
Nick: Yeah, it’s easier that way.
Rebecca: Letting who believe what?
James: C’mon, man, I think you should tell her.
Nick: OK, OK, I didn’t want to tell anyone just yet, but...Michelle and I have been seeing each other for a while.
Rebecca: Oh my god, that’s fantastic! Why haven’t you told us yet? That’s such good news!
Nick: Yeah, well, I’m just scared I’m going to mess it up and I guess I didn’t want all eyes on me...
Rebecca: Aha!
Nick: What?
Rebecca: Michelle told me about you guys, idiot. And she’s really upset and worried, because she thinks you don’t like her enough to tell people you’re together.
Nick: What?! That’s insane! I’m crazy about her!
Rebecca: Well, then, I guess you’d better tell her the truth, hadn’t you? It’s not like she’s going to be angry or anything. And at the moment she’s really upset. (Rounding on James) And you knew about this?!
James: Ummmm...
Rebecca: You know who’s going to be very interested to hear what I know? Mr Protective Big Brother...
James: Oh my god, Rebecca, please don’t tell Richard.
Rebecca: Well, if you don’t tell Michelle the truth by tonight, I will.
[Rebecca leaves]
Rebecca: Ha, that’ll do the trick. I won’t even have to tell Richard – they’ll go running to Michelle straight away.",implicit,control,6,"Michelle: We started dating before Thanksgiving, in the afternoon on November 22nd, after we got back from a walk in the park. We were at this wedding
and Nick was a bit tipsy.","Michelle: We started dating after Thanksgiving, while we were waking in the park in the morning on November 22nd. After our walk we went to this wedding and Nick got a bit tipsy.",a,-2.306640625,-2.638671875,-119.9375,-134.625,"tensor(-6.2578, dtype=torch.float16);tensor(0., dtype=torch.float16);tensor(-4.5781, dtype=torch.float16);tensor(-7.9258, dtype=torch.float16);tensor(-10.5469, dtype=torch.float16);tensor(-0.7969, dtype=torch.float16);tensor(0., dtype=torch.float16);tensor(-1.7734, dtype=torch.float16);tensor(-0.1250, dtype=torch.float16);tensor(0., dtype=torch.float16);tensor(0., dtype=torch.float16);tensor(-1.6016, dtype=torch.float16);tensor(-5.3984, dtype=torch.float16);tensor(-5.5469, dtype=torch.float16);tensor(-2.2891, dtype=torch.float16);tensor(-2.8203, dtype=torch.float16);tensor(-0.1562, dtype=torch.float16);tensor(-0.0156, dtype=torch.float16);tensor(0., dtype=torch.float16);tensor(0., dtype=torch.float16);tensor(-0.0156, dtype=torch.float16);tensor(-1.6562, dtype=torch.float16);tensor(-2.3359, dtype=torch.float16);tensor(-2.8906, dtype=torch.float16);tensor(-2.2344, dtype=torch.float16);tensor(-0.0156, dtype=torch.float16);tensor(0., dtype=torch.float16);tensor(-1.8594, dtype=torch.float16);tensor(0., dtype=torch.float16);tensor(-6., dtype=torch.float16);tensor(-0.0859, dtype=torch.float16);tensor(-0.3438, dtype=torch.float16);tensor(-0.2500, dtype=torch.float16);tensor(-4., dtype=torch.float16);tensor(-2.1250, dtype=torch.float16);tensor(-2.3750, dtype=torch.float16);tensor(-5.6406, dtype=torch.float16);tensor(-0.1562, dtype=torch.float16);tensor(0., dtype=torch.float16);tensor(-7.3750, dtype=torch.float16);tensor(-6.3516, dtype=torch.float16);tensor(-0.4844, dtype=torch.float16);tensor(-1.6328, dtype=torch.float16);tensor(-3.3516, dtype=torch.float16);tensor(-0.5156, dtype=torch.float16);tensor(-0.6094, dtype=torch.float16);tensor(0., dtype=torch.float16);tensor(-1.4688, dtype=torch.float16);tensor(-8.6484, dtype=torch.float16);tensor(-0.4219, dtype=torch.float16);tensor(-0.3281, dtype=torch.float16);tensor(-6.9570, dtype=torch.float16)","tensor(-6.2578, dtype=torch.float16);tensor(0., dtype=torch.float16);tensor(-4.5781, dtype=torch.float16);tensor(-7.9258, dtype=torch.float16);tensor(-10.5469, dtype=torch.float16);tensor(-0.7969, dtype=torch.float16);tensor(0., dtype=torch.float16);tensor(-2.0781, dtype=torch.float16);tensor(-2.7344, dtype=torch.float16);tensor(0., dtype=torch.float16);tensor(0., dtype=torch.float16);tensor(-1.6016, dtype=torch.float16);tensor(-7.8203, dtype=torch.float16);tensor(-3.1484, dtype=torch.float16);tensor(-0.0156, dtype=torch.float16);tensor(-11.1562, dtype=torch.float16);tensor(-1.0156, dtype=torch.float16);tensor(-7.1328, dtype=torch.float16);tensor(-0.5859, dtype=torch.float16);tensor(-0.6406, dtype=torch.float16);tensor(-5.6953, dtype=torch.float16);tensor(-0.9688, dtype=torch.float16);tensor(-0.6172, dtype=torch.float16);tensor(-5.1719, dtype=torch.float16);tensor(-0.5469, dtype=torch.float16);tensor(-0.0469, dtype=torch.float16);tensor(0., dtype=torch.float16);tensor(-0.0156, dtype=torch.float16);tensor(-0.0469, dtype=torch.float16);tensor(-0.4219, dtype=torch.float16);tensor(-6.7344, dtype=torch.float16);tensor(-3.6328, dtype=torch.float16);tensor(-0.2500, dtype=torch.float16);tensor(-2.5859, dtype=torch.float16);tensor(-1.1250, dtype=torch.float16);tensor(-2.7344, dtype=torch.float16);tensor(-5.3438, dtype=torch.float16);tensor(-3.5000, dtype=torch.float16);tensor(0., dtype=torch.float16);tensor(-1.6172, dtype=torch.float16);tensor(-1.7578, dtype=torch.float16);tensor(-1.3906, dtype=torch.float16);tensor(-2.9609, dtype=torch.float16);tensor(-0.7188, dtype=torch.float16);tensor(-0.6406, dtype=torch.float16);tensor(0., dtype=torch.float16);tensor(-1.2969, dtype=torch.float16);tensor(-10.5156, dtype=torch.float16);tensor(-0.1094, dtype=torch.float16);tensor(-0.2109, dtype=torch.float16);tensor(-5.9180, dtype=torch.float16)",epitome_rm
2,Michelle & Nick,implicit,"Scene 1: Michelle is upset, Rebecca enters and sees
Rebecca: Hey, honey, what’s wrong?
Michelle: I guess I might as well tell you.
Rebecca: Tell me what?
Michelle: It’s about Nick... we kinda hooked up in November just before Thanksgiving, at that wedding.
Rebecca: Wait, what? The wedding in November? That was after Thanksgiving.
Michelle: No, definitely before, it was November 22nd.
Rebecca: No, it was November 29th.
Michelle: Nope, definitely the 22nd – remember, that was the morning when Richard got his puppy?
Rebecca: Oh, yeah, you’re right. Anyway, carry on.
Michelle: Yeah. Nick had too much champagne before the ceremony and got tipsy, so we went for a walk that afternoon to help him walk it off. When we got back, he asked me if I’d consider dating him...but now I’m feeling like maybe he regrets it.
Rebecca: Why?
Michelle: Well, he doesn’t want to tell anyone about us, and he says it’s just too early, but I think maybe he just doesn’t like me enough to tell anyone.
Rebecca: Sweetie, I really think you need to talk to Nick about this. He’s probably really crazy about you and just hasn’t realized he’s upsetting you.
Michelle: OK, I’ll talk to him.

Scene 2: Nick talking to James
James: So, how’s it going with Michelle? She still thinks you haven’t told anyone, right?
Nick: Yeah. I’ve been trying to play it cool, making her think I just believe it’s too early to tell people, but the truth is I’m just really scared that if people find out, there’ll be so much pressure on me and I’ll mess it up. But I really want to stay with her – this is the best relationship I’ve been in forever.
[Rebecca enters, quietly]
James: And you’re going to keep letting her believe that?
Nick: Yeah, it’s easier that way.
Rebecca: Letting who believe what?
James: C’mon, man, I think you should tell her.
Nick: OK, OK, I didn’t want to tell anyone just yet, but...Michelle and I have been seeing each other for a while.
Rebecca: Oh my god, that’s fantastic! Why haven’t you told us yet? That’s such good news!
Nick: Yeah, well, I’m just scared I’m going to mess it up and I guess I didn’t want all eyes on me...
Rebecca: Aha!
Nick: What?
Rebecca: Michelle told me about you guys, idiot. And she’s really upset and worried, because she thinks you don’t like her enough to tell people you’re together.
Nick: What?! That’s insane! I’m crazy about her!
Rebecca: Well, then, I guess you’d better tell her the truth, hadn’t you? It’s not like she’s going to be angry or anything. And at the moment she’s really upset. (Rounding on James) And you knew about this?!
James: Ummmm...
Rebecca: You know who’s going to be very interested to hear what I know? Mr Protective Big Brother...
James: Oh my god, Rebecca, please don’t tell Richard.
Rebecca: Well, if you don’t tell Michelle the truth by tonight, I will.
[Rebecca leaves]
Rebecca: Ha, that’ll do the trick. I won’t even have to tell Richard – they’ll go running to Michelle straight away.",implicit,control,7,"Rebecca: They started dating before the ceremony at this wedding, on the afternoon on November 22nd, before Thanksgiving. Nick was tipsy so they went for a walk in the park, and when they got back, he asked her
out.","Rebecca: They started dating after the ceremony at this wedding, on the morning on November 29th, before Thanksgiving. Nick was tipsy so they went for a walk in the park, and while they were there, he asked her out.",a,-2.388671875,-2.158203125,-145.75,-129.5,"tensor(-12.5625, dtype=torch.float16);tensor(-0.0156, dtype=torch.float16);tensor(0., dtype=torch.float16);tensor(-2.5469, dtype=torch.float16);tensor(-8.1562, dtype=torch.float16);tensor(-9.9375, dtype=torch.float16);tensor(-2.2500, dtype=torch.float16);tensor(0., dtype=torch.float16);tensor(-1.3906, dtype=torch.float16);tensor(-3.5000, dtype=torch.float16);tensor(-6.3594, dtype=torch.float16);tensor(-4.4688, dtype=torch.float16);tensor(-6.4922, dtype=torch.float16);tensor(-0.1641, dtype=torch.float16);tensor(0., dtype=torch.float16);tensor(-1.9844, dtype=torch.float16);tensor(-3.5469, dtype=torch.float16);tensor(-1.6719, dtype=torch.float16);tensor(-4.1172, dtype=torch.float16);tensor(-5.2656, dtype=torch.float16);tensor(-0.5312, dtype=torch.float16);tensor(-0.0625, dtype=torch.float16);tensor(0., dtype=torch.float16);tensor(0., dtype=torch.float16);tensor(-0.0156, dtype=torch.float16);tensor(-1.5234, dtype=torch.float16);tensor(-3.9375, dtype=torch.float16);tensor(-0.6250, dtype=torch.float16);tensor(0., dtype=torch.float16);tensor(0., dtype=torch.float16);tensor(-0.3438, dtype=torch.float16);tensor(-3.6484, dtype=torch.float16);tensor(-2.8047, dtype=torch.float16);tensor(-1.2188, dtype=torch.float16);tensor(0., dtype=torch.float16);tensor(-3.6406, dtype=torch.float16);tensor(-0.7812, dtype=torch.float16);tensor(-0.1094, dtype=torch.float16);tensor(-0.0312, dtype=torch.float16);tensor(-0.0156, dtype=torch.float16);tensor(0., dtype=torch.float16);tensor(-6.0625, dtype=torch.float16);tensor(-0.2812, dtype=torch.float16);tensor(-1.2344, dtype=torch.float16);tensor(-2.0781, dtype=torch.float16);tensor(-0.3828, dtype=torch.float16);tensor(-2.5781, dtype=torch.float16);tensor(-0.0156, dtype=torch.float16);tensor(-1.3906, dtype=torch.float16);tensor(0., dtype=torch.float16);tensor(-0.5938, dtype=torch.float16);tensor(-0.3125, dtype=torch.float16);tensor(-0.2031, dtype=torch.float16);tensor(-0.2656, dtype=torch.float16);tensor(-11.3516, dtype=torch.float16);tensor(-8.1641, dtype=torch.float16);tensor(-0.6094, dtype=torch.float16);tensor(-8.7188, dtype=torch.float16);tensor(-0.2031, dtype=torch.float16);tensor(-0.7422, dtype=torch.float16);tensor(-6.8594, dtype=torch.float16)","tensor(-12.5625, dtype=torch.float16);tensor(-0.0156, dtype=torch.float16);tensor(0., dtype=torch.float16);tensor(-2.5469, dtype=torch.float16);tensor(-8.1562, dtype=torch.float16);tensor(-9.9375, dtype=torch.float16);tensor(-2.2500, dtype=torch.float16);tensor(0., dtype=torch.float16);tensor(-2.4062, dtype=torch.float16);tensor(-1.1328, dtype=torch.float16);tensor(-5.4922, dtype=torch.float16);tensor(-3.9531, dtype=torch.float16);tensor(-6.3516, dtype=torch.float16);tensor(-0.3750, dtype=torch.float16);tensor(0., dtype=torch.float16);tensor(-1.9219, dtype=torch.float16);tensor(-3.2188, dtype=torch.float16);tensor(-1.6875, dtype=torch.float16);tensor(-2.1719, dtype=torch.float16);tensor(-5.9062, dtype=torch.float16);tensor(-0.7031, dtype=torch.float16);tensor(-0.0312, dtype=torch.float16);tensor(0., dtype=torch.float16);tensor(-5.1797, dtype=torch.float16);tensor(-0.0156, dtype=torch.float16);tensor(-1.3984, dtype=torch.float16);tensor(-3.8594, dtype=torch.float16);tensor(-0.0938, dtype=torch.float16);tensor(0., dtype=torch.float16);tensor(0., dtype=torch.float16);tensor(-0.2812, dtype=torch.float16);tensor(-3.6094, dtype=torch.float16);tensor(-3.1172, dtype=torch.float16);tensor(-1.1250, dtype=torch.float16);tensor(0., dtype=torch.float16);tensor(-3.8906, dtype=torch.float16);tensor(-0.3281, dtype=torch.float16);tensor(-0.1250, dtype=torch.float16);tensor(-0.0312, dtype=torch.float16);tensor(-0.0312, dtype=torch.float16);tensor(0., dtype=torch.float16);tensor(-6.0781, dtype=torch.float16);tensor(-0.2344, dtype=torch.float16);tensor(-1.5938, dtype=torch.float16);tensor(-2.0234, dtype=torch.float16);tensor(-0.3750, dtype=torch.float16);tensor(-4.5000, dtype=torch.float16);tensor(-0.1094, dtype=torch.float16);tensor(-0.0312, dtype=torch.float16);tensor(-2.1250, dtype=torch.float16);tensor(-0.3438, dtype=torch.float16);tensor(-0.4375, dtype=torch.float16);tensor(-0.3906, dtype=torch.float16);tensor(-0.1875, dtype=torch.float16);tensor(-1.5469, dtype=torch.float16);tensor(-0.5938, dtype=torch.float16);tensor(-9.2812, dtype=torch.float16);tensor(-0.0859, dtype=torch.float16);tensor(-0.3203, dtype=torch.float16);tensor(-5.3203, dtype=torch.float16)",epitome_rm
3,Babysitting,explicit,"Haley has been grounded by her parents. She is desperate to get out of the house and spend some time with her boyfriend, so she starts looking for something that she will be allowed to do while she is grounded. She decides to try and find a babysitting job. Haley tries to work out who will let her babysit for them. She thinks about her new stepfather, Peter, and the whole crazy family he has brought along with him. Peter’s sister Kirsty has just adopted a baby, Lily, with her husband, Ed. Haley knows that Ed is really fun and relaxed and so she decides to try to persuade him to let her babysit Lily. Ed realizes that Haley knows absolutely nothing about babies and refuses to let her babysit.
Later, Ed goes to visit his father, Jay, and Jay’s young new wife, Anna, who has a son called Martin. Ed and Anna sit and discuss what to do about Haley. Ed is worried that Kirsty will feel insulted if Ed refuses to let Kirsty’s new step-niece babysit for them, but feels that he has to let Kirsty know that Haley knows nothing about babies. Peter, Haley’s stepfather, overhears the conversation and finds out that Ed is intending to convince Kirsty that Haley is clueless about babysitting.
Trying to be a good stepfather, Peter tells Claire, Haley’s mom, about what he has heard. She happens to agree with Ed that Haley would make the world’s worst babysitter, but wants to protect Haley – she realizes that if Haley discovered that her Mom knew what Peter had heard, Haley would be hurt and upset. Claire and Peter decide not to tell her about what they know.",explicit,mental,1,Haley doesn’t know anything about looking after babies.,Haley knows a lot about looking after babies.,a,-2.21484375,-2.6484375,-42.09375,-45.0,"tensor(-4.3594, dtype=torch.float16);tensor(0., dtype=torch.float16);tensor(0., dtype=torch.float16);tensor(-5.5156, dtype=torch.float16);tensor(-0.2812, dtype=torch.float16);tensor(0., dtype=torch.float16);tensor(-2.1406, dtype=torch.float16);tensor(-3.6797, dtype=torch.float16);tensor(-0.0312, dtype=torch.float16);tensor(-5.2500, dtype=torch.float16);tensor(0., dtype=torch.float16);tensor(-0.3906, dtype=torch.float16);tensor(0., dtype=torch.float16);tensor(0., dtype=torch.float16);tensor(-1.5312, dtype=torch.float16);tensor(-11., dtype=torch.float16);tensor(0., dtype=torch.float16);tensor(-0.0938, dtype=torch.float16);tensor(-7.8242, dtype=torch.float16)","tensor(-4.3594, dtype=torch.float16);tensor(0., dtype=torch.float16);tensor(0., dtype=torch.float16);tensor(-7.1094, dtype=torch.float16);tensor(-5.5859, dtype=torch.float16);tensor(-0.9297, dtype=torch.float16);tensor(-0.7344, dtype=torch.float16);tensor(-4.9531, dtype=torch.float16);tensor(-0.0156, dtype=torch.float16);tensor(-1.8516, dtype=torch.float16);tensor(0., dtype=torch.float16);tensor(0., dtype=torch.float16);tensor(-1.7734, dtype=torch.float16);tensor(-11.0625, dtype=torch.float16);tensor(0., dtype=torch.float16);tensor(-0.2734, dtype=torch.float16);tensor(-6.3594, dtype=torch.float16)",epitome_rm
3,Babysitting,explicit,"Haley has been grounded by her parents. She is desperate to get out of the house and spend some time with her boyfriend, so she starts looking for something that she will be allowed to do while she is grounded. She decides to try and find a babysitting job. Haley tries to work out who will let her babysit for them. She thinks about her new stepfather, Peter, and the whole crazy family he has brought along with him. Peter’s sister Kirsty has just adopted a baby, Lily, with her husband, Ed. Haley knows that Ed is really fun and relaxed and so she decides to try to persuade him to let her babysit Lily. Ed realizes that Haley knows absolutely nothing about babies and refuses to let her babysit.
Later, Ed goes to visit his father, Jay, and Jay’s young new wife, Anna, who has a son called Martin. Ed and Anna sit and discuss what to do about Haley. Ed is worried that Kirsty will feel insulted if Ed refuses to let Kirsty’s new step-niece babysit for them, but feels that he has to let Kirsty know that Haley knows nothing about babies. Peter, Haley’s stepfather, overhears the conversation and finds out that Ed is intending to convince Kirsty that Haley is clueless about babysitting.
Trying to be a good stepfather, Peter tells Claire, Haley’s mom, about what he has heard. She happens to agree with Ed that Haley would make the world’s worst babysitter, but wants to protect Haley – she realizes that if Haley discovered that her Mom knew what Peter had heard, Haley would be hurt and upset. Claire and Peter decide not to tell her about what they know.",explicit,mental,2,Kirsty doesn’t know that Haley knows nothing about babies.,Kirsty knows that Haley knows nothing about babies.,a,-1.8583984375,-2.17578125,-40.875,-41.34375,"tensor(-5.6328, dtype=torch.float16);tensor(0., dtype=torch.float16);tensor(0., dtype=torch.float16);tensor(-6.4609, dtype=torch.float16);tensor(-0.1406, dtype=torch.float16);tensor(0., dtype=torch.float16);tensor(-2.0156, dtype=torch.float16);tensor(-1.4375, dtype=torch.float16);tensor(-0.9844, dtype=torch.float16);tensor(0., dtype=torch.float16);tensor(0., dtype=torch.float16);tensor(-3.1328, dtype=torch.float16);tensor(-0.0625, dtype=torch.float16);tensor(0., dtype=torch.float16);tensor(0., dtype=torch.float16);tensor(0., dtype=torch.float16);tensor(-0.0781, dtype=torch.float16);tensor(-1.5469, dtype=torch.float16);tensor(-11.1562, dtype=torch.float16);tensor(0., dtype=torch.float16);tensor(-0.0781, dtype=torch.float16);tensor(-8.1484, dtype=torch.float16)","tensor(-5.6328, dtype=torch.float16);tensor(0., dtype=torch.float16);tensor(0., dtype=torch.float16);tensor(-7.6797, dtype=torch.float16);tensor(-0.3594, dtype=torch.float16);tensor(-0.5156, dtype=torch.float16);tensor(0., dtype=torch.float16);tensor(0., dtype=torch.float16);tensor(-6.2422, dtype=torch.float16);tensor(-0.1250, dtype=torch.float16);tensor(0., dtype=torch.float16);tensor(0., dtype=torch.float16);tensor(0., dtype=torch.float16);tensor(-0.0156, dtype=torch.float16);tensor(-2.0312, dtype=torch.float16);tensor(-11.5078, dtype=torch.float16);tensor(0., dtype=torch.float16);tensor(-0.1172, dtype=torch.float16);tensor(-7.1133, dtype=torch.float16)",epitome_rm
3,Babysitting,explicit,"Haley has been grounded by her parents. She is desperate to get out of the house and spend some time with her boyfriend, so she starts looking for something that she will be allowed to do while she is grounded. She decides to try and find a babysitting job. Haley tries to work out who will let her babysit for them. She thinks about her new stepfather, Peter, and the whole crazy family he has brought along with him. Peter’s sister Kirsty has just adopted a baby, Lily, with her husband, Ed. Haley knows that Ed is really fun and relaxed and so she decides to try to persuade him to let her babysit Lily. Ed realizes that Haley knows absolutely nothing about babies and refuses to let her babysit.
Later, Ed goes to visit his father, Jay, and Jay’s young new wife, Anna, who has a son called Martin. Ed and Anna sit and discuss what to do about Haley. Ed is worried that Kirsty will feel insulted if Ed refuses to let Kirsty’s new step-niece babysit for them, but feels that he has to let Kirsty know that Haley knows nothing about babies. Peter, Haley’s stepfather, overhears the conversation and finds out that Ed is intending to convince Kirsty that Haley is clueless about babysitting.
Trying to be a good stepfather, Peter tells Claire, Haley’s mom, about what he has heard. She happens to agree with Ed that Haley would make the world’s worst babysitter, but wants to protect Haley – she realizes that if Haley discovered that her Mom knew what Peter had heard, Haley would be hurt and upset. Claire and Peter decide not to tell her about what they know.",explicit,mental,3,Ed wants Kirsty to know that Haley doesn’t know enough to babysit.,Ed doesn’t want Kirsty to know that Haley doesn’t know enough to babysit.,a,-1.873046875,-1.8291015625,-48.6875,-53.0625,"tensor(-6.1016, dtype=torch.float16);tensor(-8.3125, dtype=torch.float16);tensor(-3.6875, dtype=torch.float16);tensor(0., dtype=torch.float16);tensor(0., dtype=torch.float16);tensor(-0.0312, dtype=torch.float16);tensor(-0.7969, dtype=torch.float16);tensor(-0.5000, dtype=torch.float16);tensor(-0.0938, dtype=torch.float16);tensor(0., dtype=torch.float16);tensor(0., dtype=torch.float16);tensor(-2., dtype=torch.float16);tensor(-0.0781, dtype=torch.float16);tensor(0., dtype=torch.float16);tensor(-0.1406, dtype=torch.float16);tensor(-4.2891, dtype=torch.float16);tensor(-0.9688, dtype=torch.float16);tensor(-0.1562, dtype=torch.float16);tensor(0., dtype=torch.float16);tensor(0., dtype=torch.float16);tensor(0., dtype=torch.float16);tensor(-2.9844, dtype=torch.float16);tensor(-12.1719, dtype=torch.float16);tensor(0., dtype=torch.float16);tensor(-0.1172, dtype=torch.float16);tensor(-6.2578, dtype=torch.float16)","tensor(-6.1016, dtype=torch.float16);tensor(-6.2422, dtype=torch.float16);tensor(-0.0625, dtype=torch.float16);tensor(0., dtype=torch.float16);tensor(-1.5469, dtype=torch.float16);tensor(-3.2656, dtype=torch.float16);tensor(0., dtype=torch.float16);tensor(0., dtype=torch.float16);tensor(-0.0156, dtype=torch.float16);tensor(-3.2734, dtype=torch.float16);tensor(-0.5156, dtype=torch.float16);tensor(-0.7656, dtype=torch.float16);tensor(0., dtype=torch.float16);tensor(0., dtype=torch.float16);tensor(-1.0938, dtype=torch.float16);tensor(0., dtype=torch.float16);tensor(0., dtype=torch.float16);tensor(-0.0469, dtype=torch.float16);tensor(-7.3359, dtype=torch.float16);tensor(-1.2500, dtype=torch.float16);tensor(-0.1406, dtype=torch.float16);tensor(0., dtype=torch.float16);tensor(0., dtype=torch.float16);tensor(0., dtype=torch.float16);tensor(-2.5781, dtype=torch.float16);tensor(-11.8750, dtype=torch.float16);tensor(0., dtype=torch.float16);tensor(-0.0469, dtype=torch.float16);tensor(-6.8906, dtype=torch.float16)",epitome_rm
3,Babysitting,explicit,"Haley has been grounded by her parents. She is desperate to get out of the house and spend some time with her boyfriend, so she starts looking for something that she will be allowed to do while she is grounded. She decides to try and find a babysitting job. Haley tries to work out who will let her babysit for them. She thinks about her new stepfather, Peter, and the whole crazy family he has brought along with him. Peter’s sister Kirsty has just adopted a baby, Lily, with her husband, Ed. Haley knows that Ed is really fun and relaxed and so she decides to try to persuade him to let her babysit Lily. Ed realizes that Haley knows absolutely nothing about babies and refuses to let her babysit.
Later, Ed goes to visit his father, Jay, and Jay’s young new wife, Anna, who has a son called Martin. Ed and Anna sit and discuss what to do about Haley. Ed is worried that Kirsty will feel insulted if Ed refuses to let Kirsty’s new step-niece babysit for them, but feels that he has to let Kirsty know that Haley knows nothing about babies. Peter, Haley’s stepfather, overhears the conversation and finds out that Ed is intending to convince Kirsty that Haley is clueless about babysitting.
Trying to be a good stepfather, Peter tells Claire, Haley’s mom, about what he has heard. She happens to agree with Ed that Haley would make the world’s worst babysitter, but wants to protect Haley – she realizes that if Haley discovered that her Mom knew what Peter had heard, Haley would be hurt and upset. Claire and Peter decide not to tell her about what they know.",explicit,mental,4,Peter knows that Ed wants Kirsty to find out that Haley knows nothing about babies.,Peter doesn’t know that Ed wants Kirsty to find out that Haley knows nothing about babies.,a,-1.9091796875,-1.8212890625,-49.65625,-52.8125,"tensor(-5.5078, dtype=torch.float16);tensor(-4.0859, dtype=torch.float16);tensor(-0.1250, dtype=torch.float16);tensor(-2.9609, dtype=torch.float16);tensor(-5.1797, dtype=torch.float16);tensor(-4.2969, dtype=torch.float16);tensor(0., dtype=torch.float16);tensor(0., dtype=torch.float16);tensor(-0.0156, dtype=torch.float16);tensor(-3.9766, dtype=torch.float16);tensor(-0.3594, dtype=torch.float16);tensor(-0.8906, dtype=torch.float16);tensor(0., dtype=torch.float16);tensor(0., dtype=torch.float16);tensor(0., dtype=torch.float16);tensor(-1.4062, dtype=torch.float16);tensor(0., dtype=torch.float16);tensor(0., dtype=torch.float16);tensor(0., dtype=torch.float16);tensor(0., dtype=torch.float16);tensor(-0.0938, dtype=torch.float16);tensor(-2.3438, dtype=torch.float16);tensor(-11.9844, dtype=torch.float16);tensor(-0.0469, dtype=torch.float16);tensor(-0.0859, dtype=torch.float16);tensor(-6.2852, dtype=torch.float16)","tensor(-5.5078, dtype=torch.float16);tensor(-5.0469, dtype=torch.float16);tensor(-0.1094, dtype=torch.float16);tensor(0., dtype=torch.float16);tensor(-3.2656, dtype=torch.float16);tensor(-1.6250, dtype=torch.float16);tensor(-3.1484, dtype=torch.float16);tensor(-6.3594, dtype=torch.float16);tensor(-3.3281, dtype=torch.float16);tensor(0., dtype=torch.float16);tensor(0., dtype=torch.float16);tensor(-0.0156, dtype=torch.float16);tensor(-3., dtype=torch.float16);tensor(-0.0469, dtype=torch.float16);tensor(-1.2031, dtype=torch.float16);tensor(0., dtype=torch.float16);tensor(0., dtype=torch.float16);tensor(0., dtype=torch.float16);tensor(-1.2969, dtype=torch.float16);tensor(0., dtype=torch.float16);tensor(0., dtype=torch.float16);tensor(0., dtype=torch.float16);tensor(0., dtype=torch.float16);tensor(-0.0781, dtype=torch.float16);tensor(-0.7812, dtype=torch.float16);tensor(-11.1719, dtype=torch.float16);tensor(0., dtype=torch.float16);tensor(-0.1016, dtype=torch.float16);tensor(-6.7188, dtype=torch.float16)",epitome_rm
3,Babysitting,explicit,"Haley has been grounded by her parents. She is desperate to get out of the house and spend some time with her boyfriend, so she starts looking for something that she will be allowed to do while she is grounded. She decides to try and find a babysitting job. Haley tries to work out who will let her babysit for them. She thinks about her new stepfather, Peter, and the whole crazy family he has brought along with him. Peter’s sister Kirsty has just adopted a baby, Lily, with her husband, Ed. Haley knows that Ed is really fun and relaxed and so she decides to try to persuade him to let her babysit Lily. Ed realizes that Haley knows absolutely nothing about babies and refuses to let her babysit.
Later, Ed goes to visit his father, Jay, and Jay’s young new wife, Anna, who has a son called Martin. Ed and Anna sit and discuss what to do about Haley. Ed is worried that Kirsty will feel insulted if Ed refuses to let Kirsty’s new step-niece babysit for them, but feels that he has to let Kirsty know that Haley knows nothing about babies. Peter, Haley’s stepfather, overhears the conversation and finds out that Ed is intending to convince Kirsty that Haley is clueless about babysitting.
Trying to be a good stepfather, Peter tells Claire, Haley’s mom, about what he has heard. She happens to agree with Ed that Haley would make the world’s worst babysitter, but wants to protect Haley – she realizes that if Haley discovered that her Mom knew what Peter had heard, Haley would be hurt and upset. Claire and Peter decide not to tell her about what they know.",explicit,mental,5,Claire knows that Peter knows that Ed wants Kirsty to believe that Haley knows nothing about babies.,Claire doesn’t know that Peter knows that Ed wants Kirsty to believe that Haley knows nothing about babies.,a,-2.01953125,-1.8232421875,-58.53125,-58.34375,"tensor(-5.9922, dtype=torch.float16);tensor(0., dtype=torch.float16);tensor(-4.2344, dtype=torch.float16);tensor(-0.1875, dtype=torch.float16);tensor(-5.7891, dtype=torch.float16);tensor(-3.7422, dtype=torch.float16);tensor(-1.4375, dtype=torch.float16);tensor(-3.2109, dtype=torch.float16);tensor(-3.2578, dtype=torch.float16);tensor(-4.2188, dtype=torch.float16);tensor(0., dtype=torch.float16);tensor(0., dtype=torch.float16);tensor(-0.0156, dtype=torch.float16);tensor(-3.0859, dtype=torch.float16);tensor(-0.0781, dtype=torch.float16);tensor(-0.0156, dtype=torch.float16);tensor(0., dtype=torch.float16);tensor(0., dtype=torch.float16);tensor(-2.0781, dtype=torch.float16);tensor(0., dtype=torch.float16);tensor(0., dtype=torch.float16);tensor(0., dtype=torch.float16);tensor(0., dtype=torch.float16);tensor(-0.2188, dtype=torch.float16);tensor(-1.3125, dtype=torch.float16);tensor(-10.8906, dtype=torch.float16);tensor(-0.5234, dtype=torch.float16);tensor(-0.0781, dtype=torch.float16);tensor(-8.1719, dtype=torch.float16)","tensor(-5.9922, dtype=torch.float16);tensor(0., dtype=torch.float16);tensor(-6.4062, dtype=torch.float16);tensor(-0.2656, dtype=torch.float16);tensor(0., dtype=torch.float16);tensor(-4.5625, dtype=torch.float16);tensor(-2.6406, dtype=torch.float16);tensor(-0.2344, dtype=torch.float16);tensor(-2.0781, dtype=torch.float16);tensor(-2.4219, dtype=torch.float16);tensor(-1.6406, dtype=torch.float16);tensor(-3.3594, dtype=torch.float16);tensor(-4.0781, dtype=torch.float16);tensor(0., dtype=torch.float16);tensor(0., dtype=torch.float16);tensor(-0.0156, dtype=torch.float16);tensor(-4.1484, dtype=torch.float16);tensor(-0.1250, dtype=torch.float16);tensor(0., dtype=torch.float16);tensor(0., dtype=torch.float16);tensor(0., dtype=torch.float16);tensor(-1.9531, dtype=torch.float16);tensor(0., dtype=torch.float16);tensor(0., dtype=torch.float16);tensor(0., dtype=torch.float16);tensor(0., dtype=torch.float16);tensor(-0.2344, dtype=torch.float16);tensor(-0.3906, dtype=torch.float16);tensor(-10.5781, dtype=torch.float16);tensor(-0.0156, dtype=torch.float16);tensor(-0.0781, dtype=torch.float16);tensor(-7.1250, dtype=torch.float16)",epitome_rm
3,Babysitting,explicit,"Haley has been grounded by her parents. She is desperate to get out of the house and spend some time with her boyfriend, so she starts looking for something that she will be allowed to do while she is grounded. She decides to try and find a babysitting job. Haley tries to work out who will let her babysit for them. She thinks about her new stepfather, Peter, and the whole crazy family he has brought along with him. Peter’s sister Kirsty has just adopted a baby, Lily, with her husband, Ed. Haley knows that Ed is really fun and relaxed and so she decides to try to persuade him to let her babysit Lily. Ed realizes that Haley knows absolutely nothing about babies and refuses to let her babysit.
Later, Ed goes to visit his father, Jay, and Jay’s young new wife, Anna, who has a son called Martin. Ed and Anna sit and discuss what to do about Haley. Ed is worried that Kirsty will feel insulted if Ed refuses to let Kirsty’s new step-niece babysit for them, but feels that he has to let Kirsty know that Haley knows nothing about babies. Peter, Haley’s stepfather, overhears the conversation and finds out that Ed is intending to convince Kirsty that Haley is clueless about babysitting.
Trying to be a good stepfather, Peter tells Claire, Haley’s mom, about what he has heard. She happens to agree with Ed that Haley would make the world’s worst babysitter, but wants to protect Haley – she realizes that if Haley discovered that her Mom knew what Peter had heard, Haley would be hurt and upset. Claire and Peter decide not to tell her about what they know.",explicit,mental,6,"Claire thinks that if Haley knew that Claire knew that Ed wanted Kirsty to believe that Haley knew nothing about babies, Haley would be really upset.","Claire doesn’t think that if Haley knew that Claire knew that Ed wanted Kirsty to believe that Haley knows nothing about babies, Haley would be really upset.",a,-1.890625,-1.9990234375,-85.0625,-95.9375,"tensor(-5.9922, dtype=torch.float16);tensor(0., dtype=torch.float16);tensor(-5.2891, dtype=torch.float16);tensor(-0.8125, dtype=torch.float16);tensor(-1.8281, dtype=torch.float16);tensor(-0.4531, dtype=torch.float16);tensor(0., dtype=torch.float16);tensor(0., dtype=torch.float16);tensor(-7.0156, dtype=torch.float16);tensor(-0.8281, dtype=torch.float16);tensor(-10.3984, dtype=torch.float16);tensor(0., dtype=torch.float16);tensor(-1.2031, dtype=torch.float16);tensor(-1.1875, dtype=torch.float16);tensor(-1.6406, dtype=torch.float16);tensor(-5.2188, dtype=torch.float16);tensor(-6.5234, dtype=torch.float16);tensor(0., dtype=torch.float16);tensor(0., dtype=torch.float16);tensor(-0.0312, dtype=torch.float16);tensor(-5.7188, dtype=torch.float16);tensor(-0.2500, dtype=torch.float16);tensor(-0.1406, dtype=torch.float16);tensor(0., dtype=torch.float16);tensor(0., dtype=torch.float16);tensor(-2.3750, dtype=torch.float16);tensor(0., dtype=torch.float16);tensor(-0.0156, dtype=torch.float16);tensor(0., dtype=torch.float16);tensor(0., dtype=torch.float16);tensor(-0.1719, dtype=torch.float16);tensor(-0.0469, dtype=torch.float16);tensor(-0.7656, dtype=torch.float16);tensor(0., dtype=torch.float16);tensor(0., dtype=torch.float16);tensor(-0.0938, dtype=torch.float16);tensor(-1.6172, dtype=torch.float16);tensor(-3.9609, dtype=torch.float16);tensor(-0.3125, dtype=torch.float16);tensor(0., dtype=torch.float16);tensor(-0.8125, dtype=torch.float16);tensor(-11.4688, dtype=torch.float16);tensor(0., dtype=torch.float16);tensor(-0.1094, dtype=torch.float16);tensor(-8.7812, dtype=torch.float16)","tensor(-5.9922, dtype=torch.float16);tensor(0., dtype=torch.float16);tensor(-6.4062, dtype=torch.float16);tensor(-0.2656, dtype=torch.float16);tensor(0., dtype=torch.float16);tensor(-4.0781, dtype=torch.float16);tensor(-1.0312, dtype=torch.float16);tensor(-10.4453, dtype=torch.float16);tensor(-0.8125, dtype=torch.float16);tensor(0., dtype=torch.float16);tensor(0., dtype=torch.float16);tensor(-3.6953, dtype=torch.float16);tensor(-1.1875, dtype=torch.float16);tensor(-10.6641, dtype=torch.float16);tensor(0., dtype=torch.float16);tensor(-1.3125, dtype=torch.float16);tensor(-1.0938, dtype=torch.float16);tensor(-0.6250, dtype=torch.float16);tensor(-5.1250, dtype=torch.float16);tensor(-6.4141, dtype=torch.float16);tensor(0., dtype=torch.float16);tensor(0., dtype=torch.float16);tensor(-0.0312, dtype=torch.float16);tensor(-5.2188, dtype=torch.float16);tensor(-0.2500, dtype=torch.float16);tensor(-0.1406, dtype=torch.float16);tensor(0., dtype=torch.float16);tensor(0., dtype=torch.float16);tensor(-3.8594, dtype=torch.float16);tensor(0., dtype=torch.float16);tensor(-0.0156, dtype=torch.float16);tensor(0., dtype=torch.float16);tensor(0., dtype=torch.float16);tensor(-0.1562, dtype=torch.float16);tensor(-0.0938, dtype=torch.float16);tensor(-0.7969, dtype=torch.float16);tensor(0., dtype=torch.float16);tensor(0., dtype=torch.float16);tensor(-0.0469, dtype=torch.float16);tensor(-1.4219, dtype=torch.float16);tensor(-5.2969, dtype=torch.float16);tensor(-0.2188, dtype=torch.float16);tensor(0., dtype=torch.float16);tensor(-0.7500, dtype=torch.float16);tensor(-11.1250, dtype=torch.float16);tensor(0., dtype=torch.float16);tensor(-0.0859, dtype=torch.float16);tensor(-7.2930, dtype=torch.float16)",epitome_rm
3,Babysitting,explicit,"Haley has been grounded by her parents. She is desperate to get out of the house and spend some time with her boyfriend, so she starts looking for something that she will be allowed to do while she is grounded. She decides to try and find a babysitting job. Haley tries to work out who will let her babysit for them. She thinks about her new stepfather, Peter, and the whole crazy family he has brought along with him. Peter’s sister Kirsty has just adopted a baby, Lily, with her husband, Ed. Haley knows that Ed is really fun and relaxed and so she decides to try to persuade him to let her babysit Lily. Ed realizes that Haley knows absolutely nothing about babies and refuses to let her babysit.
Later, Ed goes to visit his father, Jay, and Jay’s young new wife, Anna, who has a son called Martin. Ed and Anna sit and discuss what to do about Haley. Ed is worried that Kirsty will feel insulted if Ed refuses to let Kirsty’s new step-niece babysit for them, but feels that he has to let Kirsty know that Haley knows nothing about babies. Peter, Haley’s stepfather, overhears the conversation and finds out that Ed is intending to convince Kirsty that Haley is clueless about babysitting.
Trying to be a good stepfather, Peter tells Claire, Haley’s mom, about what he has heard. She happens to agree with Ed that Haley would make the world’s worst babysitter, but wants to protect Haley – she realizes that if Haley discovered that her Mom knew what Peter had heard, Haley would be hurt and upset. Claire and Peter decide not to tell her about what they know.",explicit,mental,7,Claire doesn't want Haley to know that she knows that Peter knows that Ed wants Kirsty to believe that Haley knows nothing about babies.,Claire wants Haley to know that she knows that Peter knows that Ed wants Kirsty to believe that Haley knows nothing about babies.,a,-1.828125,-2.451171875,-73.125,-90.6875,"tensor(-5.9922, dtype=torch.float16);tensor(0., dtype=torch.float16);tensor(-6.4062, dtype=torch.float16);tensor(-1.4531, dtype=torch.float16);tensor(0., dtype=torch.float16);tensor(-0.0781, dtype=torch.float16);tensor(-1.5625, dtype=torch.float16);tensor(0., dtype=torch.float16);tensor(0., dtype=torch.float16);tensor(-0.0469, dtype=torch.float16);tensor(-3.7578, dtype=torch.float16);tensor(-0.4531, dtype=torch.float16);tensor(-1.0938, dtype=torch.float16);tensor(-1.8594, dtype=torch.float16);tensor(-1.3281, dtype=torch.float16);tensor(-5.9375, dtype=torch.float16);tensor(-2.5469, dtype=torch.float16);tensor(-0.9375, dtype=torch.float16);tensor(-4.4688, dtype=torch.float16);tensor(-4.5859, dtype=torch.float16);tensor(-5.4219, dtype=torch.float16);tensor(0., dtype=torch.float16);tensor(0., dtype=torch.float16);tensor(-0.0156, dtype=torch.float16);tensor(-3.9922, dtype=torch.float16);tensor(-0.1250, dtype=torch.float16);tensor(-0.0156, dtype=torch.float16);tensor(0., dtype=torch.float16);tensor(0., dtype=torch.float16);tensor(-2.2500, dtype=torch.float16);tensor(0., dtype=torch.float16);tensor(0., dtype=torch.float16);tensor(0., dtype=torch.float16);tensor(0., dtype=torch.float16);tensor(-0.3594, dtype=torch.float16);tensor(-0.2031, dtype=torch.float16);tensor(-9.8281, dtype=torch.float16);tensor(0., dtype=torch.float16);tensor(-0.0859, dtype=torch.float16);tensor(-8.3281, dtype=torch.float16)","tensor(-5.9922, dtype=torch.float16);tensor(0., dtype=torch.float16);tensor(-5.3750, dtype=torch.float16);tensor(-2.3438, dtype=torch.float16);tensor(0., dtype=torch.float16);tensor(0., dtype=torch.float16);tensor(0., dtype=torch.float16);tensor(-5.0469, dtype=torch.float16);tensor(-0.1250, dtype=torch.float16);tensor(-0.5156, dtype=torch.float16);tensor(-5.0625, dtype=torch.float16);tensor(-2.3359, dtype=torch.float16);tensor(-6.8906, dtype=torch.float16);tensor(-3.7812, dtype=torch.float16);tensor(-2.1250, dtype=torch.float16);tensor(-5.6250, dtype=torch.float16);tensor(-4.4453, dtype=torch.float16);tensor(-5.1328, dtype=torch.float16);tensor(0., dtype=torch.float16);tensor(0., dtype=torch.float16);tensor(-0.0156, dtype=torch.float16);tensor(-4.4531, dtype=torch.float16);tensor(-0.1094, dtype=torch.float16);tensor(-0.0312, dtype=torch.float16);tensor(0., dtype=torch.float16);tensor(0., dtype=torch.float16);tensor(-2.0625, dtype=torch.float16);tensor(0., dtype=torch.float16);tensor(-0.0156, dtype=torch.float16);tensor(0., dtype=torch.float16);tensor(0., dtype=torch.float16);tensor(-0.2969, dtype=torch.float16);tensor(-0.7812, dtype=torch.float16);tensor(-10.2500, dtype=torch.float16);tensor(-9.9766, dtype=torch.float16);tensor(-0.1641, dtype=torch.float16);tensor(-7.7266, dtype=torch.float16)",epitome_rm
3,Babysitting,explicit,"Haley has been grounded by her parents. She is desperate to get out of the house and spend some time with her boyfriend, so she starts looking for something that she will be allowed to do while she is grounded. She decides to try and find a babysitting job. Haley tries to work out who will let her babysit for them. She thinks about her new stepfather, Peter, and the whole crazy family he has brought along with him. Peter’s sister Kirsty has just adopted a baby, Lily, with her husband, Ed. Haley knows that Ed is really fun and relaxed and so she decides to try to persuade him to let her babysit Lily. Ed realizes that Haley knows absolutely nothing about babies and refuses to let her babysit.
Later, Ed goes to visit his father, Jay, and Jay’s young new wife, Anna, who has a son called Martin. Ed and Anna sit and discuss what to do about Haley. Ed is worried that Kirsty will feel insulted if Ed refuses to let Kirsty’s new step-niece babysit for them, but feels that he has to let Kirsty know that Haley knows nothing about babies. Peter, Haley’s stepfather, overhears the conversation and finds out that Ed is intending to convince Kirsty that Haley is clueless about babysitting.
Trying to be a good stepfather, Peter tells Claire, Haley’s mom, about what he has heard. She happens to agree with Ed that Haley would make the world’s worst babysitter, but wants to protect Haley – she realizes that if Haley discovered that her Mom knew what Peter had heard, Haley would be hurt and upset. Claire and Peter decide not to tell her about what they know.",explicit,control,1,Claire is Haley’s mother.,Claire is Haley’s aunt.,a,-2.798828125,-3.064453125,-39.1875,-45.96875,"tensor(-5.9922, dtype=torch.float16);tensor(0., dtype=torch.float16);tensor(-3.5156, dtype=torch.float16);tensor(-7.0391, dtype=torch.float16);tensor(0., dtype=torch.float16);tensor(0., dtype=torch.float16);tensor(-0.1875, dtype=torch.float16);tensor(0., dtype=torch.float16);tensor(-2.6250, dtype=torch.float16);tensor(-0.7344, dtype=torch.float16);tensor(-11.2969, dtype=torch.float16);tensor(0., dtype=torch.float16);tensor(-0.1875, dtype=torch.float16);tensor(-7.6094, dtype=torch.float16)","tensor(-5.9922, dtype=torch.float16);tensor(0., dtype=torch.float16);tensor(-3.5156, dtype=torch.float16);tensor(-7.0391, dtype=torch.float16);tensor(0., dtype=torch.float16);tensor(0., dtype=torch.float16);tensor(-0.1875, dtype=torch.float16);tensor(0., dtype=torch.float16);tensor(-8.5781, dtype=torch.float16);tensor(-0.0312, dtype=torch.float16);tensor(-1.0312, dtype=torch.float16);tensor(-10.0781, dtype=torch.float16);tensor(-0.0156, dtype=torch.float16);tensor(-0.1406, dtype=torch.float16);tensor(-9.3594, dtype=torch.float16)",epitome_rm
3,Babysitting,explicit,"Haley has been grounded by her parents. She is desperate to get out of the house and spend some time with her boyfriend, so she starts looking for something that she will be allowed to do while she is grounded. She decides to try and find a babysitting job. Haley tries to work out who will let her babysit for them. She thinks about her new stepfather, Peter, and the whole crazy family he has brought along with him. Peter’s sister Kirsty has just adopted a baby, Lily, with her husband, Ed. Haley knows that Ed is really fun and relaxed and so she decides to try to persuade him to let her babysit Lily. Ed realizes that Haley knows absolutely nothing about babies and refuses to let her babysit.
Later, Ed goes to visit his father, Jay, and Jay’s young new wife, Anna, who has a son called Martin. Ed and Anna sit and discuss what to do about Haley. Ed is worried that Kirsty will feel insulted if Ed refuses to let Kirsty’s new step-niece babysit for them, but feels that he has to let Kirsty know that Haley knows nothing about babies. Peter, Haley’s stepfather, overhears the conversation and finds out that Ed is intending to convince Kirsty that Haley is clueless about babysitting.
Trying to be a good stepfather, Peter tells Claire, Haley’s mom, about what he has heard. She happens to agree with Ed that Haley would make the world’s worst babysitter, but wants to protect Haley – she realizes that if Haley discovered that her Mom knew what Peter had heard, Haley would be hurt and upset. Claire and Peter decide not to tell her about what they know.",explicit,control,2,Peter is Haley’s mother’s husband.,Peter is Haley’s mother’s brother.,a,-2.634765625,-2.984375,-42.15625,-47.75,"tensor(-5.5000, dtype=torch.float16);tensor(-2.3750, dtype=torch.float16);tensor(-8.5703, dtype=torch.float16);tensor(0., dtype=torch.float16);tensor(0., dtype=torch.float16);tensor(-0.0469, dtype=torch.float16);tensor(0., dtype=torch.float16);tensor(-5.3047, dtype=torch.float16);tensor(-0.1406, dtype=torch.float16);tensor(0., dtype=torch.float16);tensor(-1.5938, dtype=torch.float16);tensor(-1.3594, dtype=torch.float16);tensor(-10.4453, dtype=torch.float16);tensor(0., dtype=torch.float16);tensor(-0.1172, dtype=torch.float16);tensor(-6.6992, dtype=torch.float16)","tensor(-5.5000, dtype=torch.float16);tensor(-2.3750, dtype=torch.float16);tensor(-8.5703, dtype=torch.float16);tensor(0., dtype=torch.float16);tensor(0., dtype=torch.float16);tensor(-0.0469, dtype=torch.float16);tensor(0., dtype=torch.float16);tensor(-5.3047, dtype=torch.float16);tensor(-0.1406, dtype=torch.float16);tensor(0., dtype=torch.float16);tensor(-6.8828, dtype=torch.float16);tensor(-1.4531, dtype=torch.float16);tensor(-10.5859, dtype=torch.float16);tensor(-0.0547, dtype=torch.float16);tensor(-0.1016, dtype=torch.float16);tensor(-6.7188, dtype=torch.float16)",epitome_rm
3,Babysitting,explicit,"Haley has been grounded by her parents. She is desperate to get out of the house and spend some time with her boyfriend, so she starts looking for something that she will be allowed to do while she is grounded. She decides to try and find a babysitting job. Haley tries to work out who will let her babysit for them. She thinks about her new stepfather, Peter, and the whole crazy family he has brought along with him. Peter’s sister Kirsty has just adopted a baby, Lily, with her husband, Ed. Haley knows that Ed is really fun and relaxed and so she decides to try to persuade him to let her babysit Lily. Ed realizes that Haley knows absolutely nothing about babies and refuses to let her babysit.
Later, Ed goes to visit his father, Jay, and Jay’s young new wife, Anna, who has a son called Martin. Ed and Anna sit and discuss what to do about Haley. Ed is worried that Kirsty will feel insulted if Ed refuses to let Kirsty’s new step-niece babysit for them, but feels that he has to let Kirsty know that Haley knows nothing about babies. Peter, Haley’s stepfather, overhears the conversation and finds out that Ed is intending to convince Kirsty that Haley is clueless about babysitting.
Trying to be a good stepfather, Peter tells Claire, Haley’s mom, about what he has heard. She happens to agree with Ed that Haley would make the world’s worst babysitter, but wants to protect Haley – she realizes that if Haley discovered that her Mom knew what Peter had heard, Haley would be hurt and upset. Claire and Peter decide not to tell her about what they know.",explicit,control,3,Kirsty is Haley’s mother’s husband’s sister.,Kirsty is Haley’s aunt’s husband’s cousin.,a,-2.193359375,-2.56640625,-46.0625,-56.4375,"tensor(-5.6328, dtype=torch.float16);tensor(0., dtype=torch.float16);tensor(0., dtype=torch.float16);tensor(-3.0156, dtype=torch.float16);tensor(-6.6641, dtype=torch.float16);tensor(0., dtype=torch.float16);tensor(0., dtype=torch.float16);tensor(-0.1406, dtype=torch.float16);tensor(0., dtype=torch.float16);tensor(-1.9141, dtype=torch.float16);tensor(-0.5859, dtype=torch.float16);tensor(0., dtype=torch.float16);tensor(-9.6406, dtype=torch.float16);tensor(-0.1094, dtype=torch.float16);tensor(0., dtype=torch.float16);tensor(0., dtype=torch.float16);tensor(-0.7969, dtype=torch.float16);tensor(-10.2500, dtype=torch.float16);tensor(-0.0156, dtype=torch.float16);tensor(-0.3047, dtype=torch.float16);tensor(-6.9922, dtype=torch.float16)","tensor(-5.6328, dtype=torch.float16);tensor(0., dtype=torch.float16);tensor(0., dtype=torch.float16);tensor(-3.0156, dtype=torch.float16);tensor(-6.6641, dtype=torch.float16);tensor(0., dtype=torch.float16);tensor(0., dtype=torch.float16);tensor(-0.1406, dtype=torch.float16);tensor(0., dtype=torch.float16);tensor(-2.7578, dtype=torch.float16);tensor(0., dtype=torch.float16);tensor(-8.1562, dtype=torch.float16);tensor(0., dtype=torch.float16);tensor(-3.5156, dtype=torch.float16);tensor(-0.3281, dtype=torch.float16);tensor(0., dtype=torch.float16);tensor(-6.3047, dtype=torch.float16);tensor(-1.0938, dtype=torch.float16);tensor(-10.1484, dtype=torch.float16);tensor(0., dtype=torch.float16);tensor(-0.3047, dtype=torch.float16);tensor(-8.3906, dtype=torch.float16)",epitome_rm
3,Babysitting,explicit,"Haley has been grounded by her parents. She is desperate to get out of the house and spend some time with her boyfriend, so she starts looking for something that she will be allowed to do while she is grounded. She decides to try and find a babysitting job. Haley tries to work out who will let her babysit for them. She thinks about her new stepfather, Peter, and the whole crazy family he has brought along with him. Peter’s sister Kirsty has just adopted a baby, Lily, with her husband, Ed. Haley knows that Ed is really fun and relaxed and so she decides to try to persuade him to let her babysit Lily. Ed realizes that Haley knows absolutely nothing about babies and refuses to let her babysit.
Later, Ed goes to visit his father, Jay, and Jay’s young new wife, Anna, who has a son called Martin. Ed and Anna sit and discuss what to do about Haley. Ed is worried that Kirsty will feel insulted if Ed refuses to let Kirsty’s new step-niece babysit for them, but feels that he has to let Kirsty know that Haley knows nothing about babies. Peter, Haley’s stepfather, overhears the conversation and finds out that Ed is intending to convince Kirsty that Haley is clueless about babysitting.
Trying to be a good stepfather, Peter tells Claire, Haley’s mom, about what he has heard. She happens to agree with Ed that Haley would make the world’s worst babysitter, but wants to protect Haley – she realizes that if Haley discovered that her Mom knew what Peter had heard, Haley would be hurt and upset. Claire and Peter decide not to tell her about what they know.",explicit,control,4,Ed is Haley’s mother’s husband’s sister’s husband.,Ed is Haley’s mother’s brother’s wife’s stepfather.,a,-2.1875,-2.560546875,-48.125,-58.90625,"tensor(-6.1016, dtype=torch.float16);tensor(-3.6094, dtype=torch.float16);tensor(-9., dtype=torch.float16);tensor(-0.0156, dtype=torch.float16);tensor(0., dtype=torch.float16);tensor(-0.0469, dtype=torch.float16);tensor(0., dtype=torch.float16);tensor(-4.5938, dtype=torch.float16);tensor(-0.0938, dtype=torch.float16);tensor(0., dtype=torch.float16);tensor(-2.4453, dtype=torch.float16);tensor(-1.7734, dtype=torch.float16);tensor(0., dtype=torch.float16);tensor(-1.0781, dtype=torch.float16);tensor(-0.0156, dtype=torch.float16);tensor(0., dtype=torch.float16);tensor(-0.0781, dtype=torch.float16);tensor(-1.8594, dtype=torch.float16);tensor(-9.7969, dtype=torch.float16);tensor(-0.1250, dtype=torch.float16);tensor(-0.1875, dtype=torch.float16);tensor(-7.3086, dtype=torch.float16)","tensor(-6.1016, dtype=torch.float16);tensor(-3.6094, dtype=torch.float16);tensor(-9., dtype=torch.float16);tensor(-0.0156, dtype=torch.float16);tensor(0., dtype=torch.float16);tensor(-0.0469, dtype=torch.float16);tensor(0., dtype=torch.float16);tensor(-4.5938, dtype=torch.float16);tensor(-0.0938, dtype=torch.float16);tensor(0., dtype=torch.float16);tensor(-2.3359, dtype=torch.float16);tensor(-5.2031, dtype=torch.float16);tensor(0., dtype=torch.float16);tensor(-2.0547, dtype=torch.float16);tensor(-0.0312, dtype=torch.float16);tensor(0., dtype=torch.float16);tensor(-3.1172, dtype=torch.float16);tensor(-3., dtype=torch.float16);tensor(-0.5000, dtype=torch.float16);tensor(-9.5625, dtype=torch.float16);tensor(-1.7266, dtype=torch.float16);tensor(-0.1719, dtype=torch.float16);tensor(-7.7305, dtype=torch.float16)",epitome_rm
3,Babysitting,explicit,"Haley has been grounded by her parents. She is desperate to get out of the house and spend some time with her boyfriend, so she starts looking for something that she will be allowed to do while she is grounded. She decides to try and find a babysitting job. Haley tries to work out who will let her babysit for them. She thinks about her new stepfather, Peter, and the whole crazy family he has brought along with him. Peter’s sister Kirsty has just adopted a baby, Lily, with her husband, Ed. Haley knows that Ed is really fun and relaxed and so she decides to try to persuade him to let her babysit Lily. Ed realizes that Haley knows absolutely nothing about babies and refuses to let her babysit.
Later, Ed goes to visit his father, Jay, and Jay’s young new wife, Anna, who has a son called Martin. Ed and Anna sit and discuss what to do about Haley. Ed is worried that Kirsty will feel insulted if Ed refuses to let Kirsty’s new step-niece babysit for them, but feels that he has to let Kirsty know that Haley knows nothing about babies. Peter, Haley’s stepfather, overhears the conversation and finds out that Ed is intending to convince Kirsty that Haley is clueless about babysitting.
Trying to be a good stepfather, Peter tells Claire, Haley’s mom, about what he has heard. She happens to agree with Ed that Haley would make the world’s worst babysitter, but wants to protect Haley – she realizes that if Haley discovered that her Mom knew what Peter had heard, Haley would be hurt and upset. Claire and Peter decide not to tell her about what they know.",explicit,control,5,Jay is Haley’s mother’s husband’s sister’s husband’s father.,Jay is Haley’s mother’s husband’s brother’s wife’s father.,a,-2.27734375,-2.333984375,-56.9375,-58.375,"tensor(-9.6094, dtype=torch.float16);tensor(-2.8359, dtype=torch.float16);tensor(-5.2109, dtype=torch.float16);tensor(0., dtype=torch.float16);tensor(0., dtype=torch.float16);tensor(-0.0938, dtype=torch.float16);tensor(0., dtype=torch.float16);tensor(-4.0234, dtype=torch.float16);tensor(-0.0938, dtype=torch.float16);tensor(0., dtype=torch.float16);tensor(-5.0781, dtype=torch.float16);tensor(-2.3594, dtype=torch.float16);tensor(0., dtype=torch.float16);tensor(-6.0859, dtype=torch.float16);tensor(-0.0469, dtype=torch.float16);tensor(0., dtype=torch.float16);tensor(-0.0469, dtype=torch.float16);tensor(-1., dtype=torch.float16);tensor(0., dtype=torch.float16);tensor(-1.2656, dtype=torch.float16);tensor(-0.2344, dtype=torch.float16);tensor(-9.6406, dtype=torch.float16);tensor(-0.7812, dtype=torch.float16);tensor(-0.1562, dtype=torch.float16);tensor(-8.3672, dtype=torch.float16)","tensor(-9.6094, dtype=torch.float16);tensor(-2.8359, dtype=torch.float16);tensor(-5.2109, dtype=torch.float16);tensor(0., dtype=torch.float16);tensor(0., dtype=torch.float16);tensor(-0.0938, dtype=torch.float16);tensor(0., dtype=torch.float16);tensor(-4.0234, dtype=torch.float16);tensor(-0.0938, dtype=torch.float16);tensor(0., dtype=torch.float16);tensor(-5.0781, dtype=torch.float16);tensor(-2.3594, dtype=torch.float16);tensor(0., dtype=torch.float16);tensor(-1.9688, dtype=torch.float16);tensor(-3.0859, dtype=torch.float16);tensor(0., dtype=torch.float16);tensor(-0.6719, dtype=torch.float16);tensor(-0.0312, dtype=torch.float16);tensor(0., dtype=torch.float16);tensor(-3.9453, dtype=torch.float16);tensor(-0.2500, dtype=torch.float16);tensor(-9.4531, dtype=torch.float16);tensor(-0.2422, dtype=torch.float16);tensor(-0.1797, dtype=torch.float16);tensor(-9.2266, dtype=torch.float16)",epitome_rm
3,Babysitting,explicit,"Haley has been grounded by her parents. She is desperate to get out of the house and spend some time with her boyfriend, so she starts looking for something that she will be allowed to do while she is grounded. She decides to try and find a babysitting job. Haley tries to work out who will let her babysit for them. She thinks about her new stepfather, Peter, and the whole crazy family he has brought along with him. Peter’s sister Kirsty has just adopted a baby, Lily, with her husband, Ed. Haley knows that Ed is really fun and relaxed and so she decides to try to persuade him to let her babysit Lily. Ed realizes that Haley knows absolutely nothing about babies and refuses to let her babysit.
Later, Ed goes to visit his father, Jay, and Jay’s young new wife, Anna, who has a son called Martin. Ed and Anna sit and discuss what to do about Haley. Ed is worried that Kirsty will feel insulted if Ed refuses to let Kirsty’s new step-niece babysit for them, but feels that he has to let Kirsty know that Haley knows nothing about babies. Peter, Haley’s stepfather, overhears the conversation and finds out that Ed is intending to convince Kirsty that Haley is clueless about babysitting.
Trying to be a good stepfather, Peter tells Claire, Haley’s mom, about what he has heard. She happens to agree with Ed that Haley would make the world’s worst babysitter, but wants to protect Haley – she realizes that if Haley discovered that her Mom knew what Peter had heard, Haley would be hurt and upset. Claire and Peter decide not to tell her about what they know.",explicit,control,6,Anna is Haley’s mother’s husband’s sister’s husband’s father’s wife.,Anna is Haley’s father’s wife’s brother’s wife’s father’s sister.,a,-2.064453125,-2.29296875,-57.8125,-64.1875,"tensor(-7.3125, dtype=torch.float16);tensor(-2.4688, dtype=torch.float16);tensor(-6., dtype=torch.float16);tensor(0., dtype=torch.float16);tensor(0., dtype=torch.float16);tensor(-0.1719, dtype=torch.float16);tensor(0., dtype=torch.float16);tensor(-2.2266, dtype=torch.float16);tensor(-0.4453, dtype=torch.float16);tensor(0., dtype=torch.float16);tensor(-9.9844, dtype=torch.float16);tensor(-0.2500, dtype=torch.float16);tensor(0., dtype=torch.float16);tensor(-1.2344, dtype=torch.float16);tensor(-2.5859, dtype=torch.float16);tensor(0., dtype=torch.float16);tensor(-0.8125, dtype=torch.float16);tensor(-0.0625, dtype=torch.float16);tensor(0., dtype=torch.float16);tensor(-3., dtype=torch.float16);tensor(-1.5547, dtype=torch.float16);tensor(0., dtype=torch.float16);tensor(-0.3750, dtype=torch.float16);tensor(-0.5469, dtype=torch.float16);tensor(-9.3672, dtype=torch.float16);tensor(-0.2031, dtype=torch.float16);tensor(-0.2734, dtype=torch.float16);tensor(-8.9531, dtype=torch.float16)","tensor(-7.3125, dtype=torch.float16);tensor(-2.4688, dtype=torch.float16);tensor(-6., dtype=torch.float16);tensor(0., dtype=torch.float16);tensor(0., dtype=torch.float16);tensor(-0.1719, dtype=torch.float16);tensor(0., dtype=torch.float16);tensor(-7.0469, dtype=torch.float16);tensor(-0.1719, dtype=torch.float16);tensor(0., dtype=torch.float16);tensor(-2.2578, dtype=torch.float16);tensor(-3.0391, dtype=torch.float16);tensor(0., dtype=torch.float16);tensor(-6., dtype=torch.float16);tensor(-0.0469, dtype=torch.float16);tensor(0., dtype=torch.float16);tensor(-0.1719, dtype=torch.float16);tensor(-1.6406, dtype=torch.float16);tensor(0., dtype=torch.float16);tensor(-4.4844, dtype=torch.float16);tensor(-1.9297, dtype=torch.float16);tensor(0., dtype=torch.float16);tensor(-1.0469, dtype=torch.float16);tensor(-1., dtype=torch.float16);tensor(-9.6016, dtype=torch.float16);tensor(-0.1719, dtype=torch.float16);tensor(-0.3828, dtype=torch.float16);tensor(-9.2500, dtype=torch.float16)",epitome_rm
3,Babysitting,explicit,"Haley has been grounded by her parents. She is desperate to get out of the house and spend some time with her boyfriend, so she starts looking for something that she will be allowed to do while she is grounded. She decides to try and find a babysitting job. Haley tries to work out who will let her babysit for them. She thinks about her new stepfather, Peter, and the whole crazy family he has brought along with him. Peter’s sister Kirsty has just adopted a baby, Lily, with her husband, Ed. Haley knows that Ed is really fun and relaxed and so she decides to try to persuade him to let her babysit Lily. Ed realizes that Haley knows absolutely nothing about babies and refuses to let her babysit.
Later, Ed goes to visit his father, Jay, and Jay’s young new wife, Anna, who has a son called Martin. Ed and Anna sit and discuss what to do about Haley. Ed is worried that Kirsty will feel insulted if Ed refuses to let Kirsty’s new step-niece babysit for them, but feels that he has to let Kirsty know that Haley knows nothing about babies. Peter, Haley’s stepfather, overhears the conversation and finds out that Ed is intending to convince Kirsty that Haley is clueless about babysitting.
Trying to be a good stepfather, Peter tells Claire, Haley’s mom, about what he has heard. She happens to agree with Ed that Haley would make the world’s worst babysitter, but wants to protect Haley – she realizes that if Haley discovered that her Mom knew what Peter had heard, Haley would be hurt and upset. Claire and Peter decide not to tell her about what they know.",explicit,control,7,Martin is Haley’s mother’s husband’s sister’s husband’s father’s wife’s son.,Martin is Haley’s mother’s husband’s brother’s wife’s father’s sister’s son.,a,-2.04296875,-2.20703125,-63.34375,-68.4375,"tensor(-9.6562, dtype=torch.float16);tensor(-2.0234, dtype=torch.float16);tensor(-5.5000, dtype=torch.float16);tensor(0., dtype=torch.float16);tensor(0., dtype=torch.float16);tensor(-0.3125, dtype=torch.float16);tensor(0., dtype=torch.float16);tensor(-4.4375, dtype=torch.float16);tensor(-0.1406, dtype=torch.float16);tensor(0., dtype=torch.float16);tensor(-6.4453, dtype=torch.float16);tensor(-0.4219, dtype=torch.float16);tensor(0., dtype=torch.float16);tensor(-3.5625, dtype=torch.float16);tensor(-0.0625, dtype=torch.float16);tensor(0., dtype=torch.float16);tensor(-2.0625, dtype=torch.float16);tensor(-0.0781, dtype=torch.float16);tensor(0., dtype=torch.float16);tensor(-4.3906, dtype=torch.float16);tensor(-1.6484, dtype=torch.float16);tensor(0., dtype=torch.float16);tensor(-1.4531, dtype=torch.float16);tensor(-0.0312, dtype=torch.float16);tensor(0., dtype=torch.float16);tensor(-0.4531, dtype=torch.float16);tensor(-0.0781, dtype=torch.float16);tensor(-10.3750, dtype=torch.float16);tensor(-1.5469, dtype=torch.float16);tensor(-0.1484, dtype=torch.float16);tensor(-8.5156, dtype=torch.float16)","tensor(-9.6562, dtype=torch.float16);tensor(-2.0234, dtype=torch.float16);tensor(-5.5000, dtype=torch.float16);tensor(0., dtype=torch.float16);tensor(0., dtype=torch.float16);tensor(-0.3125, dtype=torch.float16);tensor(0., dtype=torch.float16);tensor(-4.4375, dtype=torch.float16);tensor(-0.1406, dtype=torch.float16);tensor(0., dtype=torch.float16);tensor(-6.4453, dtype=torch.float16);tensor(-0.4219, dtype=torch.float16);tensor(0., dtype=torch.float16);tensor(-3.9922, dtype=torch.float16);tensor(-0.0781, dtype=torch.float16);tensor(0., dtype=torch.float16);tensor(-1.7969, dtype=torch.float16);tensor(-0.0312, dtype=torch.float16);tensor(0., dtype=torch.float16);tensor(-7.3203, dtype=torch.float16);tensor(-1.5859, dtype=torch.float16);tensor(0., dtype=torch.float16);tensor(-2.4844, dtype=torch.float16);tensor(-0.1250, dtype=torch.float16);tensor(0., dtype=torch.float16);tensor(-0.8281, dtype=torch.float16);tensor(-0.1094, dtype=torch.float16);tensor(-10.2109, dtype=torch.float16);tensor(-1.6797, dtype=torch.float16);tensor(-0.1719, dtype=torch.float16);tensor(-9.0625, dtype=torch.float16)",epitome_rm
3,Babysitting,explicit,"Haley has been grounded by her parents. She is desperate to get out of the house and spend some time with her boyfriend, so she starts looking for something that she will be allowed to do while she is grounded. She decides to try and find a babysitting job. Haley tries to work out who will let her babysit for them. She thinks about her new stepfather, Peter, and the whole crazy family he has brought along with him. Peter’s sister Kirsty has just adopted a baby, Lily, with her husband, Ed. Haley knows that Ed is really fun and relaxed and so she decides to try to persuade him to let her babysit Lily. Ed realizes that Haley knows absolutely nothing about babies and refuses to let her babysit.
Later, Ed goes to visit his father, Jay, and Jay’s young new wife, Anna, who has a son called Martin. Ed and Anna sit and discuss what to do about Haley. Ed is worried that Kirsty will feel insulted if Ed refuses to let Kirsty’s new step-niece babysit for them, but feels that he has to let Kirsty know that Haley knows nothing about babies. Peter, Haley’s stepfather, overhears the conversation and finds out that Ed is intending to convince Kirsty that Haley is clueless about babysitting.
Trying to be a good stepfather, Peter tells Claire, Haley’s mom, about what he has heard. She happens to agree with Ed that Haley would make the world’s worst babysitter, but wants to protect Haley – she realizes that if Haley discovered that her Mom knew what Peter had heard, Haley would be hurt and upset. Claire and Peter decide not to tell her about what they know.",implicit,mental,1,Haley: How should I know when to change Lily’s nappy?,Haley: It’s important to sterilise the bottle before giving it to her.,a,-2.896484375,-3.13671875,-63.75,-78.4375,"tensor(-4.3594, dtype=torch.float16);tensor(0., dtype=torch.float16);tensor(0., dtype=torch.float16);tensor(-7.1250, dtype=torch.float16);tensor(-4.6250, dtype=torch.float16);tensor(-7.0938, dtype=torch.float16);tensor(-0.0312, dtype=torch.float16);tensor(-6.4062, dtype=torch.float16);tensor(-7.0781, dtype=torch.float16);tensor(-1.6953, dtype=torch.float16);tensor(-1.7188, dtype=torch.float16);tensor(-0.9219, dtype=torch.float16);tensor(0., dtype=torch.float16);tensor(-0.1562, dtype=torch.float16);tensor(0., dtype=torch.float16);tensor(-2.2031, dtype=torch.float16);tensor(0., dtype=torch.float16);tensor(-0.0312, dtype=torch.float16);tensor(-8.8281, dtype=torch.float16);tensor(-4.7422, dtype=torch.float16);tensor(-0.0625, dtype=torch.float16);tensor(-6.6562, dtype=torch.float16)","tensor(-4.3594, dtype=torch.float16);tensor(0., dtype=torch.float16);tensor(0., dtype=torch.float16);tensor(-7.1250, dtype=torch.float16);tensor(-6.4141, dtype=torch.float16);tensor(-0.8125, dtype=torch.float16);tensor(0., dtype=torch.float16);tensor(-5.9453, dtype=torch.float16);tensor(-0.3125, dtype=torch.float16);tensor(-15.7578, dtype=torch.float16);tensor(0., dtype=torch.float16);tensor(-5.3281, dtype=torch.float16);tensor(-1.4219, dtype=torch.float16);tensor(-1.0078, dtype=torch.float16);tensor(-4.5469, dtype=torch.float16);tensor(-0.7891, dtype=torch.float16);tensor(-1.3906, dtype=torch.float16);tensor(-0.0625, dtype=torch.float16);tensor(0., dtype=torch.float16);tensor(-6.4844, dtype=torch.float16);tensor(-0.3125, dtype=torch.float16);tensor(-7.9297, dtype=torch.float16);tensor(-0.3359, dtype=torch.float16);tensor(-0.0156, dtype=torch.float16);tensor(-8.0859, dtype=torch.float16)",epitome_rm
3,Babysitting,explicit,"Haley has been grounded by her parents. She is desperate to get out of the house and spend some time with her boyfriend, so she starts looking for something that she will be allowed to do while she is grounded. She decides to try and find a babysitting job. Haley tries to work out who will let her babysit for them. She thinks about her new stepfather, Peter, and the whole crazy family he has brought along with him. Peter’s sister Kirsty has just adopted a baby, Lily, with her husband, Ed. Haley knows that Ed is really fun and relaxed and so she decides to try to persuade him to let her babysit Lily. Ed realizes that Haley knows absolutely nothing about babies and refuses to let her babysit.
Later, Ed goes to visit his father, Jay, and Jay’s young new wife, Anna, who has a son called Martin. Ed and Anna sit and discuss what to do about Haley. Ed is worried that Kirsty will feel insulted if Ed refuses to let Kirsty’s new step-niece babysit for them, but feels that he has to let Kirsty know that Haley knows nothing about babies. Peter, Haley’s stepfather, overhears the conversation and finds out that Ed is intending to convince Kirsty that Haley is clueless about babysitting.
Trying to be a good stepfather, Peter tells Claire, Haley’s mom, about what he has heard. She happens to agree with Ed that Haley would make the world’s worst babysitter, but wants to protect Haley – she realizes that if Haley discovered that her Mom knew what Peter had heard, Haley would be hurt and upset. Claire and Peter decide not to tell her about what they know.",implicit,mental,2,Ed: Kirsty thinks it would be a great idea to get Haley to babysit.,"Ed: Nah, Kirsty would never want Haley to babysit - she knows Haley’s clueless about babies.",a,-2.380859375,-2.220703125,-64.3125,-86.5625,"tensor(-6.1016, dtype=torch.float16);tensor(-9.6406, dtype=torch.float16);tensor(-8.2188, dtype=torch.float16);tensor(-0.1172, dtype=torch.float16);tensor(0., dtype=torch.float16);tensor(-6.4531, dtype=torch.float16);tensor(-2.4922, dtype=torch.float16);tensor(-0.4375, dtype=torch.float16);tensor(0., dtype=torch.float16);tensor(-1.2031, dtype=torch.float16);tensor(-0.5469, dtype=torch.float16);tensor(-0.0938, dtype=torch.float16);tensor(-1.9219, dtype=torch.float16);tensor(-3.3438, dtype=torch.float16);tensor(-0.0781, dtype=torch.float16);tensor(0., dtype=torch.float16);tensor(0., dtype=torch.float16);tensor(-0.4531, dtype=torch.float16);tensor(-0.0312, dtype=torch.float16);tensor(0., dtype=torch.float16);tensor(0., dtype=torch.float16);tensor(0., dtype=torch.float16);tensor(-4.3359, dtype=torch.float16);tensor(-10.6562, dtype=torch.float16);tensor(-0.0938, dtype=torch.float16);tensor(-0.1406, dtype=torch.float16);tensor(-7.9297, dtype=torch.float16)","tensor(-6.1016, dtype=torch.float16);tensor(-9.6406, dtype=torch.float16);tensor(-9.0469, dtype=torch.float16);tensor(-0.0859, dtype=torch.float16);tensor(-0.0469, dtype=torch.float16);tensor(-5.4609, dtype=torch.float16);tensor(0., dtype=torch.float16);tensor(0., dtype=torch.float16);tensor(-2.1797, dtype=torch.float16);tensor(-1.9219, dtype=torch.float16);tensor(-6.2812, dtype=torch.float16);tensor(-0.7969, dtype=torch.float16);tensor(0., dtype=torch.float16);tensor(0., dtype=torch.float16);tensor(-1.3750, dtype=torch.float16);tensor(-0.0469, dtype=torch.float16);tensor(0., dtype=torch.float16);tensor(0., dtype=torch.float16);tensor(0., dtype=torch.float16);tensor(-6.5703, dtype=torch.float16);tensor(-0.2188, dtype=torch.float16);tensor(-2.5781, dtype=torch.float16);tensor(-7.4531, dtype=torch.float16);tensor(0., dtype=torch.float16);tensor(0., dtype=torch.float16);tensor(-1.5547, dtype=torch.float16);tensor(0., dtype=torch.float16);tensor(-4.8359, dtype=torch.float16);tensor(0., dtype=torch.float16);tensor(0., dtype=torch.float16);tensor(-0.5156, dtype=torch.float16);tensor(-0.3906, dtype=torch.float16);tensor(0., dtype=torch.float16);tensor(0., dtype=torch.float16);tensor(-0.3125, dtype=torch.float16);tensor(-9.4844, dtype=torch.float16);tensor(-0.2422, dtype=torch.float16);tensor(-0.0859, dtype=torch.float16);tensor(-9.3594, dtype=torch.float16)",epitome_rm
3,Babysitting,explicit,"Haley has been grounded by her parents. She is desperate to get out of the house and spend some time with her boyfriend, so she starts looking for something that she will be allowed to do while she is grounded. She decides to try and find a babysitting job. Haley tries to work out who will let her babysit for them. She thinks about her new stepfather, Peter, and the whole crazy family he has brought along with him. Peter’s sister Kirsty has just adopted a baby, Lily, with her husband, Ed. Haley knows that Ed is really fun and relaxed and so she decides to try to persuade him to let her babysit Lily. Ed realizes that Haley knows absolutely nothing about babies and refuses to let her babysit.
Later, Ed goes to visit his father, Jay, and Jay’s young new wife, Anna, who has a son called Martin. Ed and Anna sit and discuss what to do about Haley. Ed is worried that Kirsty will feel insulted if Ed refuses to let Kirsty’s new step-niece babysit for them, but feels that he has to let Kirsty know that Haley knows nothing about babies. Peter, Haley’s stepfather, overhears the conversation and finds out that Ed is intending to convince Kirsty that Haley is clueless about babysitting.
Trying to be a good stepfather, Peter tells Claire, Haley’s mom, about what he has heard. She happens to agree with Ed that Haley would make the world’s worst babysitter, but wants to protect Haley – she realizes that if Haley discovered that her Mom knew what Peter had heard, Haley would be hurt and upset. Claire and Peter decide not to tell her about what they know.",implicit,mental,3,Ed: I really need to persuade Kirsty that Haley doesn’t know nearly enough about babies to look after Lily.,Ed: I can’t let Kirsty find out that Haley’s clueless about babies! Kirsty would be so mad at me for thinking that.,a,-2.064453125,-2.146484375,-72.3125,-92.3125,"tensor(-6.1016, dtype=torch.float16);tensor(-9.6406, dtype=torch.float16);tensor(-3.4453, dtype=torch.float16);tensor(-4., dtype=torch.float16);tensor(-4.2422, dtype=torch.float16);tensor(-0.4688, dtype=torch.float16);tensor(-6.7266, dtype=torch.float16);tensor(0., dtype=torch.float16);tensor(-1.5312, dtype=torch.float16);tensor(0., dtype=torch.float16);tensor(0., dtype=torch.float16);tensor(-1.0469, dtype=torch.float16);tensor(-0.0625, dtype=torch.float16);tensor(0., dtype=torch.float16);tensor(0., dtype=torch.float16);tensor(-4.7578, dtype=torch.float16);tensor(-0.0781, dtype=torch.float16);tensor(0., dtype=torch.float16);tensor(-0.0938, dtype=torch.float16);tensor(-9.0469, dtype=torch.float16);tensor(-0.0469, dtype=torch.float16);tensor(-0.7656, dtype=torch.float16);tensor(-0.0312, dtype=torch.float16);tensor(0., dtype=torch.float16);tensor(-0.2812, dtype=torch.float16);tensor(-0.0625, dtype=torch.float16);tensor(-1.4219, dtype=torch.float16);tensor(0., dtype=torch.float16);tensor(-0.0938, dtype=torch.float16);tensor(0., dtype=torch.float16);tensor(-0.1875, dtype=torch.float16);tensor(-10.6484, dtype=torch.float16);tensor(-0.1641, dtype=torch.float16);tensor(-0.0625, dtype=torch.float16);tensor(-7.2812, dtype=torch.float16)","tensor(-6.1016, dtype=torch.float16);tensor(-9.6406, dtype=torch.float16);tensor(-3.4453, dtype=torch.float16);tensor(-1.5156, dtype=torch.float16);tensor(-0.2656, dtype=torch.float16);tensor(0., dtype=torch.float16);tensor(-0.8438, dtype=torch.float16);tensor(-7.7266, dtype=torch.float16);tensor(0., dtype=torch.float16);tensor(0., dtype=torch.float16);tensor(-4.9688, dtype=torch.float16);tensor(0., dtype=torch.float16);tensor(-0.3125, dtype=torch.float16);tensor(-0.6719, dtype=torch.float16);tensor(0., dtype=torch.float16);tensor(0., dtype=torch.float16);tensor(-4.2344, dtype=torch.float16);tensor(0., dtype=torch.float16);tensor(-2.2031, dtype=torch.float16);tensor(0., dtype=torch.float16);tensor(0., dtype=torch.float16);tensor(-0.1094, dtype=torch.float16);tensor(0., dtype=torch.float16);tensor(0., dtype=torch.float16);tensor(-0.5938, dtype=torch.float16);tensor(-2.6719, dtype=torch.float16);tensor(-3.9141, dtype=torch.float16);tensor(0., dtype=torch.float16);tensor(0., dtype=torch.float16);tensor(-1.6797, dtype=torch.float16);tensor(-0.6406, dtype=torch.float16);tensor(-0.8438, dtype=torch.float16);tensor(-2.8750, dtype=torch.float16);tensor(-0.5469, dtype=torch.float16);tensor(-0.0156, dtype=torch.float16);tensor(-4.5469, dtype=torch.float16);tensor(-9.3906, dtype=torch.float16);tensor(-0.6875, dtype=torch.float16);tensor(-3.4688, dtype=torch.float16);tensor(-9.1719, dtype=torch.float16);tensor(-0.0703, dtype=torch.float16);tensor(-0.0703, dtype=torch.float16);tensor(-9.0625, dtype=torch.float16)",epitome_rm
3,Babysitting,explicit,"Haley has been grounded by her parents. She is desperate to get out of the house and spend some time with her boyfriend, so she starts looking for something that she will be allowed to do while she is grounded. She decides to try and find a babysitting job. Haley tries to work out who will let her babysit for them. She thinks about her new stepfather, Peter, and the whole crazy family he has brought along with him. Peter’s sister Kirsty has just adopted a baby, Lily, with her husband, Ed. Haley knows that Ed is really fun and relaxed and so she decides to try to persuade him to let her babysit Lily. Ed realizes that Haley knows absolutely nothing about babies and refuses to let her babysit.
Later, Ed goes to visit his father, Jay, and Jay’s young new wife, Anna, who has a son called Martin. Ed and Anna sit and discuss what to do about Haley. Ed is worried that Kirsty will feel insulted if Ed refuses to let Kirsty’s new step-niece babysit for them, but feels that he has to let Kirsty know that Haley knows nothing about babies. Peter, Haley’s stepfather, overhears the conversation and finds out that Ed is intending to convince Kirsty that Haley is clueless about babysitting.
Trying to be a good stepfather, Peter tells Claire, Haley’s mom, about what he has heard. She happens to agree with Ed that Haley would make the world’s worst babysitter, but wants to protect Haley – she realizes that if Haley discovered that her Mom knew what Peter had heard, Haley would be hurt and upset. Claire and Peter decide not to tell her about what they know.",implicit,mental,4,"Peter: Ed thinks Haley doesn’t know enough to babysit, and he’s going to get Kirsty to think the same thing.","Peter: I heard Ed saying that he thinks Haley doesn’t know enough to babysit, but he isn’t going to tell Kirsty that he thinks that.",a,-2.03125,-1.90234375,-77.1875,-81.8125,"tensor(-5.5078, dtype=torch.float16);tensor(-6.0547, dtype=torch.float16);tensor(-7.5938, dtype=torch.float16);tensor(-5.7656, dtype=torch.float16);tensor(-0.5156, dtype=torch.float16);tensor(0., dtype=torch.float16);tensor(0., dtype=torch.float16);tensor(-2.4766, dtype=torch.float16);tensor(-0.1875, dtype=torch.float16);tensor(0., dtype=torch.float16);tensor(-0.0156, dtype=torch.float16);tensor(-4.5156, dtype=torch.float16);tensor(-0.7812, dtype=torch.float16);tensor(-0.1250, dtype=torch.float16);tensor(0., dtype=torch.float16);tensor(0., dtype=torch.float16);tensor(0., dtype=torch.float16);tensor(-1.4922, dtype=torch.float16);tensor(-0.9297, dtype=torch.float16);tensor(-1.8281, dtype=torch.float16);tensor(-0.1250, dtype=torch.float16);tensor(0., dtype=torch.float16);tensor(-4.0625, dtype=torch.float16);tensor(0., dtype=torch.float16);tensor(-10.0547, dtype=torch.float16);tensor(-0.2578, dtype=torch.float16);tensor(0., dtype=torch.float16);tensor(0., dtype=torch.float16);tensor(-0.0938, dtype=torch.float16);tensor(-4.1172, dtype=torch.float16);tensor(-1.1094, dtype=torch.float16);tensor(0., dtype=torch.float16);tensor(-1.2500, dtype=torch.float16);tensor(-0.1875, dtype=torch.float16);tensor(-8.8125, dtype=torch.float16);tensor(-0.8750, dtype=torch.float16);tensor(-0.1094, dtype=torch.float16);tensor(-8.3281, dtype=torch.float16)","tensor(-5.5078, dtype=torch.float16);tensor(-6.0547, dtype=torch.float16);tensor(-3.6172, dtype=torch.float16);tensor(-4.1250, dtype=torch.float16);tensor(-0.8906, dtype=torch.float16);tensor(-2.9688, dtype=torch.float16);tensor(-0.4062, dtype=torch.float16);tensor(-2.0469, dtype=torch.float16);tensor(-3.9219, dtype=torch.float16);tensor(-0.2500, dtype=torch.float16);tensor(0., dtype=torch.float16);tensor(0., dtype=torch.float16);tensor(-3.6094, dtype=torch.float16);tensor(-0.2344, dtype=torch.float16);tensor(0., dtype=torch.float16);tensor(-0.0156, dtype=torch.float16);tensor(-4.1016, dtype=torch.float16);tensor(-1.3125, dtype=torch.float16);tensor(-0.0938, dtype=torch.float16);tensor(0., dtype=torch.float16);tensor(0., dtype=torch.float16);tensor(0., dtype=torch.float16);tensor(-2.8125, dtype=torch.float16);tensor(-1.9453, dtype=torch.float16);tensor(-1.3906, dtype=torch.float16);tensor(-5.9531, dtype=torch.float16);tensor(0., dtype=torch.float16);tensor(0., dtype=torch.float16);tensor(-1.5312, dtype=torch.float16);tensor(0., dtype=torch.float16);tensor(-0.1406, dtype=torch.float16);tensor(0., dtype=torch.float16);tensor(0., dtype=torch.float16);tensor(0., dtype=torch.float16);tensor(-2.6172, dtype=torch.float16);tensor(-5.1094, dtype=torch.float16);tensor(-0.2500, dtype=torch.float16);tensor(-0.2812, dtype=torch.float16);tensor(-0.1719, dtype=torch.float16);tensor(-9.2500, dtype=torch.float16);tensor(-3.9922, dtype=torch.float16);tensor(-0.0625, dtype=torch.float16);tensor(-7.1250, dtype=torch.float16)",epitome_rm
3,Babysitting,explicit,"Haley has been grounded by her parents. She is desperate to get out of the house and spend some time with her boyfriend, so she starts looking for something that she will be allowed to do while she is grounded. She decides to try and find a babysitting job. Haley tries to work out who will let her babysit for them. She thinks about her new stepfather, Peter, and the whole crazy family he has brought along with him. Peter’s sister Kirsty has just adopted a baby, Lily, with her husband, Ed. Haley knows that Ed is really fun and relaxed and so she decides to try to persuade him to let her babysit Lily. Ed realizes that Haley knows absolutely nothing about babies and refuses to let her babysit.
Later, Ed goes to visit his father, Jay, and Jay’s young new wife, Anna, who has a son called Martin. Ed and Anna sit and discuss what to do about Haley. Ed is worried that Kirsty will feel insulted if Ed refuses to let Kirsty’s new step-niece babysit for them, but feels that he has to let Kirsty know that Haley knows nothing about babies. Peter, Haley’s stepfather, overhears the conversation and finds out that Ed is intending to convince Kirsty that Haley is clueless about babysitting.
Trying to be a good stepfather, Peter tells Claire, Haley’s mom, about what he has heard. She happens to agree with Ed that Haley would make the world’s worst babysitter, but wants to protect Haley – she realizes that if Haley discovered that her Mom knew what Peter had heard, Haley would be hurt and upset. Claire and Peter decide not to tell her about what they know.",implicit,mental,5,Claire: Do you know what Peter heard the other night? He heard Ed saying that he needs to persuade Kirsty that Haley doesn’t know enough to babysit for them!,"Claire: Did you know that Ed thinks that Haley doesn’t know enough to babysit for them, and that he wants to persuade Kirsty that she doesn’t know enough? Peter told you - ? I didn’t know Peter knew about this. Just wait until he gets home...",a,-2.138671875,-2.35546875,-100.5,-164.875,"tensor(-5.9922, dtype=torch.float16);tensor(0., dtype=torch.float16);tensor(-7.8438, dtype=torch.float16);tensor(-5.3359, dtype=torch.float16);tensor(-0.0625, dtype=torch.float16);tensor(-2.6250, dtype=torch.float16);tensor(-0.8125, dtype=torch.float16);tensor(-4.3125, dtype=torch.float16);tensor(-5.3047, dtype=torch.float16);tensor(-6.2422, dtype=torch.float16);tensor(-0.0156, dtype=torch.float16);tensor(-4.0625, dtype=torch.float16);tensor(-0.2344, dtype=torch.float16);tensor(-6.8984, dtype=torch.float16);tensor(-0.8594, dtype=torch.float16);tensor(-0.1094, dtype=torch.float16);tensor(-2., dtype=torch.float16);tensor(-0.1250, dtype=torch.float16);tensor(-2.8750, dtype=torch.float16);tensor(-4.6953, dtype=torch.float16);tensor(-0.0781, dtype=torch.float16);tensor(-6.1719, dtype=torch.float16);tensor(0., dtype=torch.float16);tensor(-0.0625, dtype=torch.float16);tensor(0., dtype=torch.float16);tensor(0., dtype=torch.float16);tensor(-0.4219, dtype=torch.float16);tensor(-0.0312, dtype=torch.float16);tensor(0., dtype=torch.float16);tensor(0., dtype=torch.float16);tensor(-1.9219, dtype=torch.float16);tensor(-0.1250, dtype=torch.float16);tensor(0., dtype=torch.float16);tensor(-0.0156, dtype=torch.float16);tensor(-6.0625, dtype=torch.float16);tensor(-0.7812, dtype=torch.float16);tensor(-0.0938, dtype=torch.float16);tensor(0., dtype=torch.float16);tensor(0., dtype=torch.float16);tensor(0., dtype=torch.float16);tensor(-3.4688, dtype=torch.float16);tensor(-0.1406, dtype=torch.float16);tensor(-4.3672, dtype=torch.float16);tensor(-7.6719, dtype=torch.float16);tensor(-2.4688, dtype=torch.float16);tensor(-0.2344, dtype=torch.float16);tensor(-6., dtype=torch.float16)","tensor(-5.9922, dtype=torch.float16);tensor(0., dtype=torch.float16);tensor(-7.8438, dtype=torch.float16);tensor(-7.2344, dtype=torch.float16);tensor(-0.1094, dtype=torch.float16);tensor(-1.1406, dtype=torch.float16);tensor(-0.2031, dtype=torch.float16);tensor(-2.2500, dtype=torch.float16);tensor(-1.7734, dtype=torch.float16);tensor(-2.9844, dtype=torch.float16);tensor(-0.0312, dtype=torch.float16);tensor(0., dtype=torch.float16);tensor(0., dtype=torch.float16);tensor(-2.6250, dtype=torch.float16);tensor(-0.1562, dtype=torch.float16);tensor(0., dtype=torch.float16);tensor(-0.0156, dtype=torch.float16);tensor(-5.7422, dtype=torch.float16);tensor(-0.8594, dtype=torch.float16);tensor(-0.0625, dtype=torch.float16);tensor(0., dtype=torch.float16);tensor(0., dtype=torch.float16);tensor(0., dtype=torch.float16);tensor(-4.4766, dtype=torch.float16);tensor(-0.2500, dtype=torch.float16);tensor(-6.7500, dtype=torch.float16);tensor(-1.3438, dtype=torch.float16);tensor(-2.3281, dtype=torch.float16);tensor(-0.6562, dtype=torch.float16);tensor(-3.2500, dtype=torch.float16);tensor(-0.0469, dtype=torch.float16);tensor(-4.6172, dtype=torch.float16);tensor(0., dtype=torch.float16);tensor(0., dtype=torch.float16);tensor(0., dtype=torch.float16);tensor(0., dtype=torch.float16);tensor(-0.6875, dtype=torch.float16);tensor(-1.2500, dtype=torch.float16);tensor(-3.6250, dtype=torch.float16);tensor(0., dtype=torch.float16);tensor(0., dtype=torch.float16);tensor(-0.0781, dtype=torch.float16);tensor(-0.4062, dtype=torch.float16);tensor(-0.9062, dtype=torch.float16);tensor(-0.3906, dtype=torch.float16);tensor(-11.4531, dtype=torch.float16);tensor(-7.1875, dtype=torch.float16);tensor(-7.0391, dtype=torch.float16);tensor(-9.2969, dtype=torch.float16);tensor(-4.1562, dtype=torch.float16);tensor(-4.5391, dtype=torch.float16);tensor(-0.1094, dtype=torch.float16);tensor(0., dtype=torch.float16);tensor(-1.3750, dtype=torch.float16);tensor(-4.8125, dtype=torch.float16);tensor(-1., dtype=torch.float16);tensor(-1.9609, dtype=torch.float16);tensor(-1.2656, dtype=torch.float16);tensor(-0.8125, dtype=torch.float16);tensor(-7.9297, dtype=torch.float16);tensor(-4.2422, dtype=torch.float16);tensor(-0.5469, dtype=torch.float16);tensor(-3.4531, dtype=torch.float16);tensor(-3.5547, dtype=torch.float16);tensor(-0.6172, dtype=torch.float16);tensor(-6.4609, dtype=torch.float16);tensor(-6.3359, dtype=torch.float16);tensor(-0.1641, dtype=torch.float16);tensor(-0.1641, dtype=torch.float16);tensor(-6.3438, dtype=torch.float16)",epitome_rm
3,Babysitting,explicit,"Haley has been grounded by her parents. She is desperate to get out of the house and spend some time with her boyfriend, so she starts looking for something that she will be allowed to do while she is grounded. She decides to try and find a babysitting job. Haley tries to work out who will let her babysit for them. She thinks about her new stepfather, Peter, and the whole crazy family he has brought along with him. Peter’s sister Kirsty has just adopted a baby, Lily, with her husband, Ed. Haley knows that Ed is really fun and relaxed and so she decides to try to persuade him to let her babysit Lily. Ed realizes that Haley knows absolutely nothing about babies and refuses to let her babysit.
Later, Ed goes to visit his father, Jay, and Jay’s young new wife, Anna, who has a son called Martin. Ed and Anna sit and discuss what to do about Haley. Ed is worried that Kirsty will feel insulted if Ed refuses to let Kirsty’s new step-niece babysit for them, but feels that he has to let Kirsty know that Haley knows nothing about babies. Peter, Haley’s stepfather, overhears the conversation and finds out that Ed is intending to convince Kirsty that Haley is clueless about babysitting.
Trying to be a good stepfather, Peter tells Claire, Haley’s mom, about what he has heard. She happens to agree with Ed that Haley would make the world’s worst babysitter, but wants to protect Haley – she realizes that if Haley discovered that her Mom knew what Peter had heard, Haley would be hurt and upset. Claire and Peter decide not to tell her about what they know.",implicit,mental,6,"Claire: Peter, we can’t really stand up for Haley because it’s true, but she’d be devastated if she found out that I knew and hadn’t done anything.Peter: I see, you don’t want to upset her further.Claire: Yeah, she really wouldn’t take it well.","Claire: Hmm, maybe I should tell her all of this so that she knows why she isn’t allowed to babysit.Peter: But won’t she be upset that you’re not defending her?Claire: Nah, she’ll be fine.",a,-2.537109375,-2.380859375,-197.875,-154.75,"tensor(-5.9922, dtype=torch.float16);tensor(0., dtype=torch.float16);tensor(-7.8438, dtype=torch.float16);tensor(-3.4453, dtype=torch.float16);tensor(-0.0781, dtype=torch.float16);tensor(-2.3672, dtype=torch.float16);tensor(-1.5000, dtype=torch.float16);tensor(-0.2031, dtype=torch.float16);tensor(0., dtype=torch.float16);tensor(-8.1328, dtype=torch.float16);tensor(-7.6562, dtype=torch.float16);tensor(-5.7266, dtype=torch.float16);tensor(-1.4219, dtype=torch.float16);tensor(-0.1250, dtype=torch.float16);tensor(0., dtype=torch.float16);tensor(0., dtype=torch.float16);tensor(-3.3281, dtype=torch.float16);tensor(-3.9453, dtype=torch.float16);tensor(-2.2188, dtype=torch.float16);tensor(-0.1250, dtype=torch.float16);tensor(-3.3906, dtype=torch.float16);tensor(-1.8750, dtype=torch.float16);tensor(-0.9375, dtype=torch.float16);tensor(-4.4453, dtype=torch.float16);tensor(-0.4375, dtype=torch.float16);tensor(-3.3125, dtype=torch.float16);tensor(-0.2969, dtype=torch.float16);tensor(-0.9062, dtype=torch.float16);tensor(0., dtype=torch.float16);tensor(0., dtype=torch.float16);tensor(0., dtype=torch.float16);tensor(-0.0156, dtype=torch.float16);tensor(-1.4219, dtype=torch.float16);tensor(0., dtype=torch.float16);tensor(-1.8438, dtype=torch.float16);tensor(-9.8672, dtype=torch.float16);tensor(-0.5938, dtype=torch.float16);tensor(-2.2031, dtype=torch.float16);tensor(-5.3438, dtype=torch.float16);tensor(-0.0156, dtype=torch.float16);tensor(0., dtype=torch.float16);tensor(-3.8047, dtype=torch.float16);tensor(0., dtype=torch.float16);tensor(-18.0469, dtype=torch.float16);tensor(-8.6719, dtype=torch.float16);tensor(-0.0938, dtype=torch.float16);tensor(-1.7734, dtype=torch.float16);tensor(-4.7109, dtype=torch.float16);tensor(-5.5703, dtype=torch.float16);tensor(-5.4219, dtype=torch.float16);tensor(-2.6875, dtype=torch.float16);tensor(-0.0156, dtype=torch.float16);tensor(0., dtype=torch.float16);tensor(-0.0312, dtype=torch.float16);tensor(-0.1250, dtype=torch.float16);tensor(-5.9062, dtype=torch.float16);tensor(0., dtype=torch.float16);tensor(-0.4844, dtype=torch.float16);tensor(-3.1953, dtype=torch.float16);tensor(-5.7891, dtype=torch.float16);tensor(-0.1094, dtype=torch.float16);tensor(0., dtype=torch.float16);tensor(-0.0156, dtype=torch.float16);tensor(-3.5234, dtype=torch.float16);tensor(-0.1406, dtype=torch.float16);tensor(-2.4609, dtype=torch.float16);tensor(-6.8125, dtype=torch.float16);tensor(-11.1562, dtype=torch.float16);tensor(0., dtype=torch.float16);tensor(0., dtype=torch.float16);tensor(-1.1406, dtype=torch.float16);tensor(-0.0156, dtype=torch.float16);tensor(0., dtype=torch.float16);tensor(-0.4375, dtype=torch.float16);tensor(-10.1094, dtype=torch.float16);tensor(-0.0156, dtype=torch.float16);tensor(-0.2344, dtype=torch.float16);tensor(-4.4062, dtype=torch.float16)","tensor(-5.9922, dtype=torch.float16);tensor(0., dtype=torch.float16);tensor(-7.8438, dtype=torch.float16);tensor(-7.5547, dtype=torch.float16);tensor(-0.5625, dtype=torch.float16);tensor(-3.0156, dtype=torch.float16);tensor(-2.2266, dtype=torch.float16);tensor(-0.5000, dtype=torch.float16);tensor(-2.1406, dtype=torch.float16);tensor(-0.9219, dtype=torch.float16);tensor(-8.2969, dtype=torch.float16);tensor(-4.2969, dtype=torch.float16);tensor(-1.0312, dtype=torch.float16);tensor(-3.2188, dtype=torch.float16);tensor(-1.0469, dtype=torch.float16);tensor(-0.0781, dtype=torch.float16);tensor(-1.4375, dtype=torch.float16);tensor(-3.5781, dtype=torch.float16);tensor(-0.7812, dtype=torch.float16);tensor(-2.6406, dtype=torch.float16);tensor(-0.1562, dtype=torch.float16);tensor(0., dtype=torch.float16);tensor(-0.3750, dtype=torch.float16);tensor(-0.0156, dtype=torch.float16);tensor(-0.0156, dtype=torch.float16);tensor(0., dtype=torch.float16);tensor(0., dtype=torch.float16);tensor(0., dtype=torch.float16);tensor(-15.9219, dtype=torch.float16);tensor(-7.2812, dtype=torch.float16);tensor(-0.0156, dtype=torch.float16);tensor(-4.1562, dtype=torch.float16);tensor(-6.1406, dtype=torch.float16);tensor(-0.0312, dtype=torch.float16);tensor(0., dtype=torch.float16);tensor(-0.4844, dtype=torch.float16);tensor(-1.3125, dtype=torch.float16);tensor(-0.8125, dtype=torch.float16);tensor(0., dtype=torch.float16);tensor(-6.3594, dtype=torch.float16);tensor(-3.5625, dtype=torch.float16);tensor(-3.4219, dtype=torch.float16);tensor(-0.0938, dtype=torch.float16);tensor(-1.0312, dtype=torch.float16);tensor(-9.6484, dtype=torch.float16);tensor(0., dtype=torch.float16);tensor(0., dtype=torch.float16);tensor(-0.0156, dtype=torch.float16);tensor(-6.3594, dtype=torch.float16);tensor(-0.0469, dtype=torch.float16);tensor(0., dtype=torch.float16);tensor(-0.0156, dtype=torch.float16);tensor(-9.3438, dtype=torch.float16);tensor(0., dtype=torch.float16);tensor(-0.0625, dtype=torch.float16);tensor(-0.2500, dtype=torch.float16);tensor(-0.2344, dtype=torch.float16);tensor(-0.7188, dtype=torch.float16);tensor(-1.2500, dtype=torch.float16);tensor(-3.1172, dtype=torch.float16);tensor(-0.1250, dtype=torch.float16);tensor(-8.9688, dtype=torch.float16);tensor(-0.0469, dtype=torch.float16);tensor(-0.0938, dtype=torch.float16);tensor(-6.0898, dtype=torch.float16)",epitome_rm
3,Babysitting,explicit,"Haley has been grounded by her parents. She is desperate to get out of the house and spend some time with her boyfriend, so she starts looking for something that she will be allowed to do while she is grounded. She decides to try and find a babysitting job. Haley tries to work out who will let her babysit for them. She thinks about her new stepfather, Peter, and the whole crazy family he has brought along with him. Peter’s sister Kirsty has just adopted a baby, Lily, with her husband, Ed. Haley knows that Ed is really fun and relaxed and so she decides to try to persuade him to let her babysit Lily. Ed realizes that Haley knows absolutely nothing about babies and refuses to let her babysit.
Later, Ed goes to visit his father, Jay, and Jay’s young new wife, Anna, who has a son called Martin. Ed and Anna sit and discuss what to do about Haley. Ed is worried that Kirsty will feel insulted if Ed refuses to let Kirsty’s new step-niece babysit for them, but feels that he has to let Kirsty know that Haley knows nothing about babies. Peter, Haley’s stepfather, overhears the conversation and finds out that Ed is intending to convince Kirsty that Haley is clueless about babysitting.
Trying to be a good stepfather, Peter tells Claire, Haley’s mom, about what he has heard. She happens to agree with Ed that Haley would make the world’s worst babysitter, but wants to protect Haley – she realizes that if Haley discovered that her Mom knew what Peter had heard, Haley would be hurt and upset. Claire and Peter decide not to tell her about what they know.",implicit,mental,7,"Claire: What?! No, we can’t tell her! She’d be devastated if she knew that I knew what you’d heard, about Ed being mean enough to plan to convince Kirsty that Haley doesn’t know enough to babysit! We must make sure she doesn’t find out.","Claire: OK, Haley definitely has to know about all of this – you need to go and tell her that you heard Ed planning to tell Kirsty that she’s too clueless to babysit.
Peter: Can I tell her that you agree with them?
Claire: Yeah, I think that’s a good idea.",a,-2.158203125,-1.9814453125,-166.25,-158.5,"tensor(-5.9922, dtype=torch.float16);tensor(0., dtype=torch.float16);tensor(-7.8438, dtype=torch.float16);tensor(-4.5312, dtype=torch.float16);tensor(-5.8125, dtype=torch.float16);tensor(-1.6953, dtype=torch.float16);tensor(-2.5781, dtype=torch.float16);tensor(-1.6328, dtype=torch.float16);tensor(-0.9375, dtype=torch.float16);tensor(-0.2031, dtype=torch.float16);tensor(-0.1406, dtype=torch.float16);tensor(0., dtype=torch.float16);tensor(-0.6406, dtype=torch.float16);tensor(-0.2656, dtype=torch.float16);tensor(-0.8594, dtype=torch.float16);tensor(-1.2578, dtype=torch.float16);tensor(-0.1094, dtype=torch.float16);tensor(-1.5156, dtype=torch.float16);tensor(-0.1250, dtype=torch.float16);tensor(-0.3750, dtype=torch.float16);tensor(0., dtype=torch.float16);tensor(0., dtype=torch.float16);tensor(-2.6406, dtype=torch.float16);tensor(0., dtype=torch.float16);tensor(-0.1406, dtype=torch.float16);tensor(-1.4531, dtype=torch.float16);tensor(-8.1484, dtype=torch.float16);tensor(-0.4844, dtype=torch.float16);tensor(-3.1250, dtype=torch.float16);tensor(-1.2031, dtype=torch.float16);tensor(-5.8594, dtype=torch.float16);tensor(-0.0469, dtype=torch.float16);tensor(-0.0469, dtype=torch.float16);tensor(-3.5781, dtype=torch.float16);tensor(-12.9531, dtype=torch.float16);tensor(-4.1250, dtype=torch.float16);tensor(-6.2500, dtype=torch.float16);tensor(-9.7344, dtype=torch.float16);tensor(-10.5312, dtype=torch.float16);tensor(0., dtype=torch.float16);tensor(-11.3438, dtype=torch.float16);tensor(-0.4844, dtype=torch.float16);tensor(-4.2969, dtype=torch.float16);tensor(0., dtype=torch.float16);tensor(-0.0312, dtype=torch.float16);tensor(0., dtype=torch.float16);tensor(0., dtype=torch.float16);tensor(-0.0938, dtype=torch.float16);tensor(-0.4219, dtype=torch.float16);tensor(0., dtype=torch.float16);tensor(0., dtype=torch.float16);tensor(-2.2812, dtype=torch.float16);tensor(-0.0312, dtype=torch.float16);tensor(0., dtype=torch.float16);tensor(-0.0312, dtype=torch.float16);tensor(-5.5000, dtype=torch.float16);tensor(-0.3438, dtype=torch.float16);tensor(-0.1250, dtype=torch.float16);tensor(0., dtype=torch.float16);tensor(0., dtype=torch.float16);tensor(0., dtype=torch.float16);tensor(-1.5234, dtype=torch.float16);tensor(-4.3906, dtype=torch.float16);tensor(-3.4844, dtype=torch.float16);tensor(-6.8906, dtype=torch.float16);tensor(-0.1094, dtype=torch.float16);tensor(-0.7500, dtype=torch.float16);tensor(-1.0938, dtype=torch.float16);tensor(0., dtype=torch.float16);tensor(0., dtype=torch.float16);tensor(-0.1250, dtype=torch.float16);tensor(0., dtype=torch.float16);tensor(-1.5625, dtype=torch.float16);tensor(-8.5938, dtype=torch.float16);tensor(-0.0938, dtype=torch.float16);tensor(-0.0156, dtype=torch.float16);tensor(-5.7344, dtype=torch.float16)","tensor(-5.9922, dtype=torch.float16);tensor(0., dtype=torch.float16);tensor(-7.8438, dtype=torch.float16);tensor(-9.4062, dtype=torch.float16);tensor(-0.0938, dtype=torch.float16);tensor(-5.9688, dtype=torch.float16);tensor(-0.1406, dtype=torch.float16);tensor(0., dtype=torch.float16);tensor(-5.9062, dtype=torch.float16);tensor(-3.8359, dtype=torch.float16);tensor(-5.8359, dtype=torch.float16);tensor(-5.3984, dtype=torch.float16);tensor(-1.3281, dtype=torch.float16);tensor(-4.9297, dtype=torch.float16);tensor(-0.8594, dtype=torch.float16);tensor(-0.0312, dtype=torch.float16);tensor(-4.3203, dtype=torch.float16);tensor(-4.6328, dtype=torch.float16);tensor(-3.9453, dtype=torch.float16);tensor(-0.0312, dtype=torch.float16);tensor(-4.4453, dtype=torch.float16);tensor(-1.6328, dtype=torch.float16);tensor(-1.2812, dtype=torch.float16);tensor(-0.0156, dtype=torch.float16);tensor(-1.7734, dtype=torch.float16);tensor(-2.2969, dtype=torch.float16);tensor(-1.2188, dtype=torch.float16);tensor(-0.6406, dtype=torch.float16);tensor(-8.7188, dtype=torch.float16);tensor(-0.1562, dtype=torch.float16);tensor(-0.2188, dtype=torch.float16);tensor(-0.0156, dtype=torch.float16);tensor(0., dtype=torch.float16);tensor(0., dtype=torch.float16);tensor(-0.4062, dtype=torch.float16);tensor(0., dtype=torch.float16);tensor(-0.5156, dtype=torch.float16);tensor(-0.0156, dtype=torch.float16);tensor(-8.7031, dtype=torch.float16);tensor(-2.3672, dtype=torch.float16);tensor(0., dtype=torch.float16);tensor(0., dtype=torch.float16);tensor(-0.0156, dtype=torch.float16);tensor(-0.0469, dtype=torch.float16);tensor(0., dtype=torch.float16);tensor(0., dtype=torch.float16);tensor(0., dtype=torch.float16);tensor(-0.7344, dtype=torch.float16);tensor(-1.3125, dtype=torch.float16);tensor(-0.9219, dtype=torch.float16);tensor(-0.1250, dtype=torch.float16);tensor(-6.9062, dtype=torch.float16);tensor(-0.9062, dtype=torch.float16);tensor(-3.3281, dtype=torch.float16);tensor(-0.4531, dtype=torch.float16);tensor(-0.7812, dtype=torch.float16);tensor(-1.5156, dtype=torch.float16);tensor(-1.1719, dtype=torch.float16);tensor(-0.0312, dtype=torch.float16);tensor(-7.7266, dtype=torch.float16);tensor(-0.1719, dtype=torch.float16);tensor(-0.2031, dtype=torch.float16);tensor(-0.2188, dtype=torch.float16);tensor(0., dtype=torch.float16);tensor(0., dtype=torch.float16);tensor(-5.0156, dtype=torch.float16);tensor(-0.1250, dtype=torch.float16);tensor(-2.3438, dtype=torch.float16);tensor(-1.1406, dtype=torch.float16);tensor(-1.2031, dtype=torch.float16);tensor(-0.5469, dtype=torch.float16);tensor(-0.0312, dtype=torch.float16);tensor(-1.5156, dtype=torch.float16);tensor(-0.1562, dtype=torch.float16);tensor(0., dtype=torch.float16);tensor(-0.1875, dtype=torch.float16);tensor(-10.1406, dtype=torch.float16);tensor(-0.1875, dtype=torch.float16);tensor(-0.1797, dtype=torch.float16);tensor(-4.2656, dtype=torch.float16)",epitome_rm
3,Babysitting,explicit,"Haley has been grounded by her parents. She is desperate to get out of the house and spend some time with her boyfriend, so she starts looking for something that she will be allowed to do while she is grounded. She decides to try and find a babysitting job. Haley tries to work out who will let her babysit for them. She thinks about her new stepfather, Peter, and the whole crazy family he has brought along with him. Peter’s sister Kirsty has just adopted a baby, Lily, with her husband, Ed. Haley knows that Ed is really fun and relaxed and so she decides to try to persuade him to let her babysit Lily. Ed realizes that Haley knows absolutely nothing about babies and refuses to let her babysit.
Later, Ed goes to visit his father, Jay, and Jay’s young new wife, Anna, who has a son called Martin. Ed and Anna sit and discuss what to do about Haley. Ed is worried that Kirsty will feel insulted if Ed refuses to let Kirsty’s new step-niece babysit for them, but feels that he has to let Kirsty know that Haley knows nothing about babies. Peter, Haley’s stepfather, overhears the conversation and finds out that Ed is intending to convince Kirsty that Haley is clueless about babysitting.
Trying to be a good stepfather, Peter tells Claire, Haley’s mom, about what he has heard. She happens to agree with Ed that Haley would make the world’s worst babysitter, but wants to protect Haley – she realizes that if Haley discovered that her Mom knew what Peter had heard, Haley would be hurt and upset. Claire and Peter decide not to tell her about what they know.",implicit,control,1,Claire: This is Claire; I’m calling about my daughter Haley.,Claire: This is Claire; I’m calling about my niece Haley.,a,-2.759765625,-3.07421875,-63.4375,-73.75,"tensor(-5.9922, dtype=torch.float16);tensor(0., dtype=torch.float16);tensor(-7.8438, dtype=torch.float16);tensor(-5.9375, dtype=torch.float16);tensor(-0.2891, dtype=torch.float16);tensor(-11.4141, dtype=torch.float16);tensor(0., dtype=torch.float16);tensor(-5.6953, dtype=torch.float16);tensor(-1.2734, dtype=torch.float16);tensor(-1.4219, dtype=torch.float16);tensor(-0.2969, dtype=torch.float16);tensor(-4.6406, dtype=torch.float16);tensor(-1.9844, dtype=torch.float16);tensor(-1.8750, dtype=torch.float16);tensor(-0.0469, dtype=torch.float16);tensor(-0.3750, dtype=torch.float16);tensor(0., dtype=torch.float16);tensor(0., dtype=torch.float16);tensor(-0.1094, dtype=torch.float16);tensor(-7.5547, dtype=torch.float16);tensor(-1.0703, dtype=torch.float16);tensor(-0.1953, dtype=torch.float16);tensor(-5.4375, dtype=torch.float16)","tensor(-5.9922, dtype=torch.float16);tensor(0., dtype=torch.float16);tensor(-7.8438, dtype=torch.float16);tensor(-5.9375, dtype=torch.float16);tensor(-0.2891, dtype=torch.float16);tensor(-11.4141, dtype=torch.float16);tensor(0., dtype=torch.float16);tensor(-5.6953, dtype=torch.float16);tensor(-1.2734, dtype=torch.float16);tensor(-1.4219, dtype=torch.float16);tensor(-0.2969, dtype=torch.float16);tensor(-4.6406, dtype=torch.float16);tensor(-1.9844, dtype=torch.float16);tensor(-1.8750, dtype=torch.float16);tensor(-9.4297, dtype=torch.float16);tensor(0., dtype=torch.float16);tensor(-1.0312, dtype=torch.float16);tensor(0., dtype=torch.float16);tensor(0., dtype=torch.float16);tensor(-0.1406, dtype=torch.float16);tensor(-7.5625, dtype=torch.float16);tensor(-1.0312, dtype=torch.float16);tensor(-0.1562, dtype=torch.float16);tensor(-5.7422, dtype=torch.float16)",epitome_rm
3,Babysitting,explicit,"Haley has been grounded by her parents. She is desperate to get out of the house and spend some time with her boyfriend, so she starts looking for something that she will be allowed to do while she is grounded. She decides to try and find a babysitting job. Haley tries to work out who will let her babysit for them. She thinks about her new stepfather, Peter, and the whole crazy family he has brought along with him. Peter’s sister Kirsty has just adopted a baby, Lily, with her husband, Ed. Haley knows that Ed is really fun and relaxed and so she decides to try to persuade him to let her babysit Lily. Ed realizes that Haley knows absolutely nothing about babies and refuses to let her babysit.
Later, Ed goes to visit his father, Jay, and Jay’s young new wife, Anna, who has a son called Martin. Ed and Anna sit and discuss what to do about Haley. Ed is worried that Kirsty will feel insulted if Ed refuses to let Kirsty’s new step-niece babysit for them, but feels that he has to let Kirsty know that Haley knows nothing about babies. Peter, Haley’s stepfather, overhears the conversation and finds out that Ed is intending to convince Kirsty that Haley is clueless about babysitting.
Trying to be a good stepfather, Peter tells Claire, Haley’s mom, about what he has heard. She happens to agree with Ed that Haley would make the world’s worst babysitter, but wants to protect Haley – she realizes that if Haley discovered that her Mom knew what Peter had heard, Haley would be hurt and upset. Claire and Peter decide not to tell her about what they know.",implicit,control,2,"Haley: Yeah, my mom’s got remarried, to this guy called Peter. He’s actually pretty cool.","Haley: No, I’m talking about my mom’s brother Peter. I really like him.",a,-2.52734375,-3.111328125,-83.375,-84.0,"tensor(-4.3594, dtype=torch.float16);tensor(0., dtype=torch.float16);tensor(0., dtype=torch.float16);tensor(-7.1250, dtype=torch.float16);tensor(-6.6016, dtype=torch.float16);tensor(-0.2500, dtype=torch.float16);tensor(-5.3203, dtype=torch.float16);tensor(-0.9062, dtype=torch.float16);tensor(-3., dtype=torch.float16);tensor(0., dtype=torch.float16);tensor(-4.3750, dtype=torch.float16);tensor(-12.2188, dtype=torch.float16);tensor(0., dtype=torch.float16);tensor(0., dtype=torch.float16);tensor(-2.4766, dtype=torch.float16);tensor(-2.0781, dtype=torch.float16);tensor(-0.7656, dtype=torch.float16);tensor(-1.0234, dtype=torch.float16);tensor(0., dtype=torch.float16);tensor(-5.8125, dtype=torch.float16);tensor(0., dtype=torch.float16);tensor(-0.5938, dtype=torch.float16);tensor(-0.6406, dtype=torch.float16);tensor(-0.0312, dtype=torch.float16);tensor(0., dtype=torch.float16);tensor(-4.6797, dtype=torch.float16);tensor(-1.0312, dtype=torch.float16);tensor(-0.0312, dtype=torch.float16);tensor(-1.5938, dtype=torch.float16);tensor(-7.2109, dtype=torch.float16);tensor(-1.1797, dtype=torch.float16);tensor(-0.4297, dtype=torch.float16);tensor(-9.6719, dtype=torch.float16)","tensor(-4.3594, dtype=torch.float16);tensor(0., dtype=torch.float16);tensor(0., dtype=torch.float16);tensor(-7.1250, dtype=torch.float16);tensor(-7.5234, dtype=torch.float16);tensor(-3.1562, dtype=torch.float16);tensor(-1.3906, dtype=torch.float16);tensor(-1.9688, dtype=torch.float16);tensor(-0.2344, dtype=torch.float16);tensor(-7.5781, dtype=torch.float16);tensor(-0.9844, dtype=torch.float16);tensor(-2.5391, dtype=torch.float16);tensor(-1.3203, dtype=torch.float16);tensor(-2.4375, dtype=torch.float16);tensor(0., dtype=torch.float16);tensor(-8.3750, dtype=torch.float16);tensor(-2.0312, dtype=torch.float16);tensor(-0.6094, dtype=torch.float16);tensor(-3.1094, dtype=torch.float16);tensor(-3.4688, dtype=torch.float16);tensor(-1.6406, dtype=torch.float16);tensor(-0.0781, dtype=torch.float16);tensor(-0.7344, dtype=torch.float16);tensor(-8.2500, dtype=torch.float16);tensor(-6.0430, dtype=torch.float16);tensor(-0.2734, dtype=torch.float16);tensor(-8.7969, dtype=torch.float16)",epitome_rm
3,Babysitting,explicit,"Haley has been grounded by her parents. She is desperate to get out of the house and spend some time with her boyfriend, so she starts looking for something that she will be allowed to do while she is grounded. She decides to try and find a babysitting job. Haley tries to work out who will let her babysit for them. She thinks about her new stepfather, Peter, and the whole crazy family he has brought along with him. Peter’s sister Kirsty has just adopted a baby, Lily, with her husband, Ed. Haley knows that Ed is really fun and relaxed and so she decides to try to persuade him to let her babysit Lily. Ed realizes that Haley knows absolutely nothing about babies and refuses to let her babysit.
Later, Ed goes to visit his father, Jay, and Jay’s young new wife, Anna, who has a son called Martin. Ed and Anna sit and discuss what to do about Haley. Ed is worried that Kirsty will feel insulted if Ed refuses to let Kirsty’s new step-niece babysit for them, but feels that he has to let Kirsty know that Haley knows nothing about babies. Peter, Haley’s stepfather, overhears the conversation and finds out that Ed is intending to convince Kirsty that Haley is clueless about babysitting.
Trying to be a good stepfather, Peter tells Claire, Haley’s mom, about what he has heard. She happens to agree with Ed that Haley would make the world’s worst babysitter, but wants to protect Haley – she realizes that if Haley discovered that her Mom knew what Peter had heard, Haley would be hurt and upset. Claire and Peter decide not to tell her about what they know.",implicit,control,3,"Claire: And my daugher Haley has a whole new family – her new stepdad, and his sister Kirsty...","Claire: And my niece Haley has a whole new family – my new husband, and his cousin Kirsty...",a,-3.138671875,-3.462890625,-106.6875,-107.375,"tensor(-5.9922, dtype=torch.float16);tensor(0., dtype=torch.float16);tensor(-7.8438, dtype=torch.float16);tensor(-8.5312, dtype=torch.float16);tensor(-6.5469, dtype=torch.float16);tensor(-5.4297, dtype=torch.float16);tensor(-6.7031, dtype=torch.float16);tensor(-0.7969, dtype=torch.float16);tensor(-2.2734, dtype=torch.float16);tensor(0., dtype=torch.float16);tensor(0., dtype=torch.float16);tensor(-3.1250, dtype=torch.float16);tensor(-2.8047, dtype=torch.float16);tensor(-6.3672, dtype=torch.float16);tensor(-0.6250, dtype=torch.float16);tensor(-2.1797, dtype=torch.float16);tensor(-4.3516, dtype=torch.float16);tensor(-2.3984, dtype=torch.float16);tensor(-1.6562, dtype=torch.float16);tensor(-0.1406, dtype=torch.float16);tensor(-3.5938, dtype=torch.float16);tensor(0., dtype=torch.float16);tensor(-1.9062, dtype=torch.float16);tensor(-5.3594, dtype=torch.float16);tensor(-1.4922, dtype=torch.float16);tensor(-1.8828, dtype=torch.float16);tensor(-1.6484, dtype=torch.float16);tensor(0., dtype=torch.float16);tensor(0., dtype=torch.float16);tensor(-7.7734, dtype=torch.float16);tensor(-7.1602, dtype=torch.float16);tensor(-0.2109, dtype=torch.float16);tensor(-0.5938, dtype=torch.float16);tensor(-7.3281, dtype=torch.float16)","tensor(-5.9922, dtype=torch.float16);tensor(0., dtype=torch.float16);tensor(-7.8438, dtype=torch.float16);tensor(-8.5312, dtype=torch.float16);tensor(-6.5469, dtype=torch.float16);tensor(-7.1211, dtype=torch.float16);tensor(0., dtype=torch.float16);tensor(-1.8594, dtype=torch.float16);tensor(0., dtype=torch.float16);tensor(0., dtype=torch.float16);tensor(-2.7266, dtype=torch.float16);tensor(-2.9141, dtype=torch.float16);tensor(-6.2344, dtype=torch.float16);tensor(-0.6797, dtype=torch.float16);tensor(-1.3984, dtype=torch.float16);tensor(-4.1875, dtype=torch.float16);tensor(-3.4453, dtype=torch.float16);tensor(-2.3594, dtype=torch.float16);tensor(-0.0469, dtype=torch.float16);tensor(-3.8047, dtype=torch.float16);tensor(-4.8828, dtype=torch.float16);tensor(-0.3750, dtype=torch.float16);tensor(-8.8906, dtype=torch.float16);tensor(-3.1406, dtype=torch.float16);tensor(-0.0469, dtype=torch.float16);tensor(0., dtype=torch.float16);tensor(-7.5000, dtype=torch.float16);tensor(-6.8555, dtype=torch.float16);tensor(-0.1484, dtype=torch.float16);tensor(-0.7656, dtype=torch.float16);tensor(-9.0781, dtype=torch.float16)",epitome_rm
3,Babysitting,explicit,"Haley has been grounded by her parents. She is desperate to get out of the house and spend some time with her boyfriend, so she starts looking for something that she will be allowed to do while she is grounded. She decides to try and find a babysitting job. Haley tries to work out who will let her babysit for them. She thinks about her new stepfather, Peter, and the whole crazy family he has brought along with him. Peter’s sister Kirsty has just adopted a baby, Lily, with her husband, Ed. Haley knows that Ed is really fun and relaxed and so she decides to try to persuade him to let her babysit Lily. Ed realizes that Haley knows absolutely nothing about babies and refuses to let her babysit.
Later, Ed goes to visit his father, Jay, and Jay’s young new wife, Anna, who has a son called Martin. Ed and Anna sit and discuss what to do about Haley. Ed is worried that Kirsty will feel insulted if Ed refuses to let Kirsty’s new step-niece babysit for them, but feels that he has to let Kirsty know that Haley knows nothing about babies. Peter, Haley’s stepfather, overhears the conversation and finds out that Ed is intending to convince Kirsty that Haley is clueless about babysitting.
Trying to be a good stepfather, Peter tells Claire, Haley’s mom, about what he has heard. She happens to agree with Ed that Haley would make the world’s worst babysitter, but wants to protect Haley – she realizes that if Haley discovered that her Mom knew what Peter had heard, Haley would be hurt and upset. Claire and Peter decide not to tell her about what they know.",implicit,control,4,"Haley: My mom’s new husband is actually pretty cool. He has this awesome sister, and her husband Ed is totally laid back","Haley: My mom’s brother is really cool. His wife has a new stepdad, Ed, who is totally laid back.",a,-2.7734375,-3.361328125,-91.5,-114.3125,"tensor(-4.3594, dtype=torch.float16);tensor(0., dtype=torch.float16);tensor(0., dtype=torch.float16);tensor(-7.1250, dtype=torch.float16);tensor(-6.7773, dtype=torch.float16);tensor(-1.2500, dtype=torch.float16);tensor(-4.6719, dtype=torch.float16);tensor(0., dtype=torch.float16);tensor(-2.6953, dtype=torch.float16);tensor(-0.0625, dtype=torch.float16);tensor(-0.3750, dtype=torch.float16);tensor(-6.5469, dtype=torch.float16);tensor(-1.3281, dtype=torch.float16);tensor(-0.0469, dtype=torch.float16);tensor(-0.4062, dtype=torch.float16);tensor(-1.2812, dtype=torch.float16);tensor(-2.5000, dtype=torch.float16);tensor(-1.9531, dtype=torch.float16);tensor(-2.1250, dtype=torch.float16);tensor(-2.5703, dtype=torch.float16);tensor(-1.1875, dtype=torch.float16);tensor(-4.0938, dtype=torch.float16);tensor(-2.0938, dtype=torch.float16);tensor(-0.1719, dtype=torch.float16);tensor(-7.9609, dtype=torch.float16);tensor(-1.0859, dtype=torch.float16);tensor(-6.8281, dtype=torch.float16);tensor(-2.5703, dtype=torch.float16);tensor(-0.0781, dtype=torch.float16);tensor(-10.8828, dtype=torch.float16);tensor(-3.4688, dtype=torch.float16);tensor(-0.1016, dtype=torch.float16);tensor(-4.9297, dtype=torch.float16)","tensor(-4.3594, dtype=torch.float16);tensor(0., dtype=torch.float16);tensor(0., dtype=torch.float16);tensor(-7.1250, dtype=torch.float16);tensor(-6.7773, dtype=torch.float16);tensor(-1.2500, dtype=torch.float16);tensor(-4.6719, dtype=torch.float16);tensor(0., dtype=torch.float16);tensor(-10.2812, dtype=torch.float16);tensor(-2.0391, dtype=torch.float16);tensor(-3.3672, dtype=torch.float16);tensor(-1.8203, dtype=torch.float16);tensor(-1., dtype=torch.float16);tensor(-4.0391, dtype=torch.float16);tensor(-1.5625, dtype=torch.float16);tensor(-4.2969, dtype=torch.float16);tensor(-3.0156, dtype=torch.float16);tensor(-1.2344, dtype=torch.float16);tensor(-10.4219, dtype=torch.float16);tensor(-1.7188, dtype=torch.float16);tensor(-6.6094, dtype=torch.float16);tensor(-1.6641, dtype=torch.float16);tensor(-3.8750, dtype=torch.float16);tensor(-0.5156, dtype=torch.float16);tensor(-0.9375, dtype=torch.float16);tensor(-0.6094, dtype=torch.float16);tensor(-5.6875, dtype=torch.float16);tensor(-2.1641, dtype=torch.float16);tensor(-0.1094, dtype=torch.float16);tensor(-0.5469, dtype=torch.float16);tensor(-10.2266, dtype=torch.float16);tensor(-2.0547, dtype=torch.float16);tensor(-1.2422, dtype=torch.float16);tensor(-9.0781, dtype=torch.float16)",epitome_rm
3,Babysitting,explicit,"Haley has been grounded by her parents. She is desperate to get out of the house and spend some time with her boyfriend, so she starts looking for something that she will be allowed to do while she is grounded. She decides to try and find a babysitting job. Haley tries to work out who will let her babysit for them. She thinks about her new stepfather, Peter, and the whole crazy family he has brought along with him. Peter’s sister Kirsty has just adopted a baby, Lily, with her husband, Ed. Haley knows that Ed is really fun and relaxed and so she decides to try to persuade him to let her babysit Lily. Ed realizes that Haley knows absolutely nothing about babies and refuses to let her babysit.
Later, Ed goes to visit his father, Jay, and Jay’s young new wife, Anna, who has a son called Martin. Ed and Anna sit and discuss what to do about Haley. Ed is worried that Kirsty will feel insulted if Ed refuses to let Kirsty’s new step-niece babysit for them, but feels that he has to let Kirsty know that Haley knows nothing about babies. Peter, Haley’s stepfather, overhears the conversation and finds out that Ed is intending to convince Kirsty that Haley is clueless about babysitting.
Trying to be a good stepfather, Peter tells Claire, Haley’s mom, about what he has heard. She happens to agree with Ed that Haley would make the world’s worst babysitter, but wants to protect Haley – she realizes that if Haley discovered that her Mom knew what Peter had heard, Haley would be hurt and upset. Claire and Peter decide not to tell her about what they know.",implicit,control,5,"Ed: Yeah, I know, it’s so confusing with all the remarriages. So Haley’s mom is married to my wife’s brother. And Jay is my dad.","Ed: Yeah, I know, it’s so confusing with all the remarriages. So Haley’s mom is married to my brother, and Jay is my wife’s father.",a,-2.658203125,-2.802734375,-124.875,-129.0,"tensor(-6.1016, dtype=torch.float16);tensor(-9.6406, dtype=torch.float16);tensor(-6.2344, dtype=torch.float16);tensor(-0.0312, dtype=torch.float16);tensor(-0.6953, dtype=torch.float16);tensor(-1.3594, dtype=torch.float16);tensor(-1.9141, dtype=torch.float16);tensor(-1.6094, dtype=torch.float16);tensor(-0.7344, dtype=torch.float16);tensor(0., dtype=torch.float16);tensor(-6.9297, dtype=torch.float16);tensor(-5.2578, dtype=torch.float16);tensor(-4.4141, dtype=torch.float16);tensor(-0.0938, dtype=torch.float16);tensor(-2.2031, dtype=torch.float16);tensor(-10.7812, dtype=torch.float16);tensor(-0.0625, dtype=torch.float16);tensor(-0.2812, dtype=torch.float16);tensor(0., dtype=torch.float16);tensor(-2.8281, dtype=torch.float16);tensor(-6.2969, dtype=torch.float16);tensor(-4.3750, dtype=torch.float16);tensor(0., dtype=torch.float16);tensor(0., dtype=torch.float16);tensor(-1.1719, dtype=torch.float16);tensor(0., dtype=torch.float16);tensor(-1.7812, dtype=torch.float16);tensor(-1.0234, dtype=torch.float16);tensor(-1.1328, dtype=torch.float16);tensor(-0.0312, dtype=torch.float16);tensor(-4.7500, dtype=torch.float16);tensor(-8.1016, dtype=torch.float16);tensor(-0.0156, dtype=torch.float16);tensor(0., dtype=torch.float16);tensor(-0.0938, dtype=torch.float16);tensor(-3.3750, dtype=torch.float16);tensor(-1.4453, dtype=torch.float16);tensor(-8.0156, dtype=torch.float16);tensor(-1.0156, dtype=torch.float16);tensor(-1.8906, dtype=torch.float16);tensor(-0.9062, dtype=torch.float16);tensor(0., dtype=torch.float16);tensor(-0.5938, dtype=torch.float16);tensor(-8.0625, dtype=torch.float16);tensor(-0.1484, dtype=torch.float16);tensor(-0.2031, dtype=torch.float16);tensor(-9.2891, dtype=torch.float16)","tensor(-6.1016, dtype=torch.float16);tensor(-9.6406, dtype=torch.float16);tensor(-6.2344, dtype=torch.float16);tensor(-0.0312, dtype=torch.float16);tensor(-0.6953, dtype=torch.float16);tensor(-1.3594, dtype=torch.float16);tensor(-1.9141, dtype=torch.float16);tensor(-1.6094, dtype=torch.float16);tensor(-0.7344, dtype=torch.float16);tensor(0., dtype=torch.float16);tensor(-6.9297, dtype=torch.float16);tensor(-5.2578, dtype=torch.float16);tensor(-4.4141, dtype=torch.float16);tensor(-0.0938, dtype=torch.float16);tensor(-2.2031, dtype=torch.float16);tensor(-10.7812, dtype=torch.float16);tensor(-0.0625, dtype=torch.float16);tensor(-0.2812, dtype=torch.float16);tensor(0., dtype=torch.float16);tensor(-2.8281, dtype=torch.float16);tensor(-6.2969, dtype=torch.float16);tensor(-4.3750, dtype=torch.float16);tensor(0., dtype=torch.float16);tensor(0., dtype=torch.float16);tensor(-1.1719, dtype=torch.float16);tensor(0., dtype=torch.float16);tensor(-1.7812, dtype=torch.float16);tensor(-1.0234, dtype=torch.float16);tensor(-1.1328, dtype=torch.float16);tensor(-0.0312, dtype=torch.float16);tensor(-4.7500, dtype=torch.float16);tensor(-2.2812, dtype=torch.float16);tensor(-2.2812, dtype=torch.float16);tensor(-0.8281, dtype=torch.float16);tensor(-9.1016, dtype=torch.float16);tensor(-0.9688, dtype=torch.float16);tensor(-2.6406, dtype=torch.float16);tensor(-8.3438, dtype=torch.float16);tensor(-0.1250, dtype=torch.float16);tensor(0., dtype=torch.float16);tensor(-0.9531, dtype=torch.float16);tensor(-0.9062, dtype=torch.float16);tensor(-8.0312, dtype=torch.float16);tensor(-0.0938, dtype=torch.float16);tensor(-0.2734, dtype=torch.float16);tensor(-10.3750, dtype=torch.float16)",epitome_rm
3,Babysitting,explicit,"Haley has been grounded by her parents. She is desperate to get out of the house and spend some time with her boyfriend, so she starts looking for something that she will be allowed to do while she is grounded. She decides to try and find a babysitting job. Haley tries to work out who will let her babysit for them. She thinks about her new stepfather, Peter, and the whole crazy family he has brought along with him. Peter’s sister Kirsty has just adopted a baby, Lily, with her husband, Ed. Haley knows that Ed is really fun and relaxed and so she decides to try to persuade him to let her babysit Lily. Ed realizes that Haley knows absolutely nothing about babies and refuses to let her babysit.
Later, Ed goes to visit his father, Jay, and Jay’s young new wife, Anna, who has a son called Martin. Ed and Anna sit and discuss what to do about Haley. Ed is worried that Kirsty will feel insulted if Ed refuses to let Kirsty’s new step-niece babysit for them, but feels that he has to let Kirsty know that Haley knows nothing about babies. Peter, Haley’s stepfather, overhears the conversation and finds out that Ed is intending to convince Kirsty that Haley is clueless about babysitting.
Trying to be a good stepfather, Peter tells Claire, Haley’s mom, about what he has heard. She happens to agree with Ed that Haley would make the world’s worst babysitter, but wants to protect Haley – she realizes that if Haley discovered that her Mom knew what Peter had heard, Haley would be hurt and upset. Claire and Peter decide not to tell her about what they know.",implicit,control,6,"Anna: ...and Haley wants to babysit! Who’s Haley? Gosh. Well, you know my husband’s son? His wife has a brother who’s just married a woman called Claire, and Haley is Claire’s daughter.","Anna: ...and Haley wants to babysit! Who’s Haley? Gosh. Well, you know my brother Jay’s daughter? Her husband has a sister, who just married a man called Peter, and Haley is Peter’s daughter.",a,-2.705078125,-2.96484375,-175.875,-186.75,"tensor(-7.3203, dtype=torch.float16);tensor(-5.7812, dtype=torch.float16);tensor(-11.0859, dtype=torch.float16);tensor(-2.1250, dtype=torch.float16);tensor(-7.2344, dtype=torch.float16);tensor(0., dtype=torch.float16);tensor(0., dtype=torch.float16);tensor(-4.3203, dtype=torch.float16);tensor(0., dtype=torch.float16);tensor(-0.0156, dtype=torch.float16);tensor(0., dtype=torch.float16);tensor(0., dtype=torch.float16);tensor(0., dtype=torch.float16);tensor(-4.6719, dtype=torch.float16);tensor(-7.7070, dtype=torch.float16);tensor(-2.8359, dtype=torch.float16);tensor(-0.1406, dtype=torch.float16);tensor(-8.2188, dtype=torch.float16);tensor(0., dtype=torch.float16);tensor(0., dtype=torch.float16);tensor(-0.3125, dtype=torch.float16);tensor(-10.5000, dtype=torch.float16);tensor(-1.3594, dtype=torch.float16);tensor(-6.8828, dtype=torch.float16);tensor(-3.1719, dtype=torch.float16);tensor(-0.1250, dtype=torch.float16);tensor(-3.0859, dtype=torch.float16);tensor(-0.1875, dtype=torch.float16);tensor(-4.0625, dtype=torch.float16);tensor(-1.4531, dtype=torch.float16);tensor(-1.6094, dtype=torch.float16);tensor(0., dtype=torch.float16);tensor(-3.7734, dtype=torch.float16);tensor(-2.3594, dtype=torch.float16);tensor(-5.8828, dtype=torch.float16);tensor(-1.8672, dtype=torch.float16);tensor(-3.5000, dtype=torch.float16);tensor(-0.8438, dtype=torch.float16);tensor(-5.6719, dtype=torch.float16);tensor(-1.7109, dtype=torch.float16);tensor(-0.4531, dtype=torch.float16);tensor(0., dtype=torch.float16);tensor(-2.4609, dtype=torch.float16);tensor(-8.7344, dtype=torch.float16);tensor(-3.4141, dtype=torch.float16);tensor(-1.4766, dtype=torch.float16);tensor(-3.9453, dtype=torch.float16);tensor(-1.4922, dtype=torch.float16);tensor(0., dtype=torch.float16);tensor(-1.7500, dtype=torch.float16);tensor(-0.0781, dtype=torch.float16);tensor(-6.4219, dtype=torch.float16);tensor(0., dtype=torch.float16);tensor(0., dtype=torch.float16);tensor(-0.3281, dtype=torch.float16);tensor(-4.0469, dtype=torch.float16);tensor(0., dtype=torch.float16);tensor(-0.0469, dtype=torch.float16);tensor(0., dtype=torch.float16);tensor(-0.0156, dtype=torch.float16);tensor(-0.1719, dtype=torch.float16);tensor(-6.7812, dtype=torch.float16);tensor(-5.0273, dtype=torch.float16);tensor(-0.3125, dtype=torch.float16);tensor(-9.1094, dtype=torch.float16)","tensor(-7.3203, dtype=torch.float16);tensor(-5.7812, dtype=torch.float16);tensor(-11.0859, dtype=torch.float16);tensor(-2.1250, dtype=torch.float16);tensor(-7.2344, dtype=torch.float16);tensor(0., dtype=torch.float16);tensor(0., dtype=torch.float16);tensor(-4.3203, dtype=torch.float16);tensor(0., dtype=torch.float16);tensor(-0.0156, dtype=torch.float16);tensor(0., dtype=torch.float16);tensor(0., dtype=torch.float16);tensor(0., dtype=torch.float16);tensor(-4.6719, dtype=torch.float16);tensor(-7.7070, dtype=torch.float16);tensor(-2.8359, dtype=torch.float16);tensor(-0.1406, dtype=torch.float16);tensor(-8.2188, dtype=torch.float16);tensor(0., dtype=torch.float16);tensor(0., dtype=torch.float16);tensor(-0.3125, dtype=torch.float16);tensor(-10.5000, dtype=torch.float16);tensor(-1.3594, dtype=torch.float16);tensor(-6.8828, dtype=torch.float16);tensor(-3.1719, dtype=torch.float16);tensor(-0.1250, dtype=torch.float16);tensor(-3.0859, dtype=torch.float16);tensor(-0.1875, dtype=torch.float16);tensor(-4.0625, dtype=torch.float16);tensor(-2.3984, dtype=torch.float16);tensor(-5.3438, dtype=torch.float16);tensor(-1.8672, dtype=torch.float16);tensor(0., dtype=torch.float16);tensor(-2.9609, dtype=torch.float16);tensor(-2.0703, dtype=torch.float16);tensor(-6.4453, dtype=torch.float16);tensor(-6.7969, dtype=torch.float16);tensor(-4.6797, dtype=torch.float16);tensor(-1.0859, dtype=torch.float16);tensor(-2.2656, dtype=torch.float16);tensor(-1.8750, dtype=torch.float16);tensor(-5.9844, dtype=torch.float16);tensor(-2.1094, dtype=torch.float16);tensor(-8.8750, dtype=torch.float16);tensor(-1.8750, dtype=torch.float16);tensor(-2.9688, dtype=torch.float16);tensor(-2.0156, dtype=torch.float16);tensor(-0.3281, dtype=torch.float16);tensor(-2.4609, dtype=torch.float16);tensor(-0.2969, dtype=torch.float16);tensor(-4.3672, dtype=torch.float16);tensor(0., dtype=torch.float16);tensor(0., dtype=torch.float16);tensor(-0.3125, dtype=torch.float16);tensor(-5.5312, dtype=torch.float16);tensor(-0.0156, dtype=torch.float16);tensor(0., dtype=torch.float16);tensor(-2.0781, dtype=torch.float16);tensor(-0.3281, dtype=torch.float16);tensor(-6.9922, dtype=torch.float16);tensor(-2.4844, dtype=torch.float16);tensor(-0.2578, dtype=torch.float16);tensor(-8.5625, dtype=torch.float16)",epitome_rm
3,Babysitting,explicit,"Haley has been grounded by her parents. She is desperate to get out of the house and spend some time with her boyfriend, so she starts looking for something that she will be allowed to do while she is grounded. She decides to try and find a babysitting job. Haley tries to work out who will let her babysit for them. She thinks about her new stepfather, Peter, and the whole crazy family he has brought along with him. Peter’s sister Kirsty has just adopted a baby, Lily, with her husband, Ed. Haley knows that Ed is really fun and relaxed and so she decides to try to persuade him to let her babysit Lily. Ed realizes that Haley knows absolutely nothing about babies and refuses to let her babysit.
Later, Ed goes to visit his father, Jay, and Jay’s young new wife, Anna, who has a son called Martin. Ed and Anna sit and discuss what to do about Haley. Ed is worried that Kirsty will feel insulted if Ed refuses to let Kirsty’s new step-niece babysit for them, but feels that he has to let Kirsty know that Haley knows nothing about babies. Peter, Haley’s stepfather, overhears the conversation and finds out that Ed is intending to convince Kirsty that Haley is clueless about babysitting.
Trying to be a good stepfather, Peter tells Claire, Haley’s mom, about what he has heard. She happens to agree with Ed that Haley would make the world’s worst babysitter, but wants to protect Haley – she realizes that if Haley discovered that her Mom knew what Peter had heard, Haley would be hurt and upset. Claire and Peter decide not to tell her about what they know.",implicit,control,7,"Haley: Argh, no, get it straight, what kind of boyfriend are you? Martin’s my step-uncle-in-law’s stepbrother. OK, I’ll go slower. I have a step-aunt, because
her brother is my step-dad. Right? So my step-aunt’s husband is my step- uncle-in-law. Now his father just re-married, and his new wife has this son Martin, so Martin is my step-uncle-in-law’s stepbrother. Get it?","Haley: Argh, no, get it straight, what kind of boyfriend are you? Martin’s my step- aunt-in-law’s cousin. OK, I’ll go slower. I have a step-uncle, because his brother is my stepfather. Right? So his wife is my step-aunt-in-law. Now her father has a sister who lives with him, and her son is called Martin. So Martin is my step-aunt-in-law’s cousin. Get it?",a,-2.208984375,-2.458984375,-287.25,-290.0,"tensor(-4.3594, dtype=torch.float16);tensor(0., dtype=torch.float16);tensor(0., dtype=torch.float16);tensor(-7.1250, dtype=torch.float16);tensor(-8.9531, dtype=torch.float16);tensor(-0.2031, dtype=torch.float16);tensor(-2.2578, dtype=torch.float16);tensor(-4., dtype=torch.float16);tensor(-3.6641, dtype=torch.float16);tensor(-7.9453, dtype=torch.float16);tensor(-6.3047, dtype=torch.float16);tensor(-9.1484, dtype=torch.float16);tensor(-1.3516, dtype=torch.float16);tensor(-5.9062, dtype=torch.float16);tensor(-5.3750, dtype=torch.float16);tensor(-0.0156, dtype=torch.float16);tensor(-7.3320, dtype=torch.float16);tensor(-0.0312, dtype=torch.float16);tensor(-2.2578, dtype=torch.float16);tensor(0., dtype=torch.float16);tensor(-0.3125, dtype=torch.float16);tensor(-4.8359, dtype=torch.float16);tensor(-4.0156, dtype=torch.float16);tensor(0., dtype=torch.float16);tensor(-3.6250, dtype=torch.float16);tensor(-3.3672, dtype=torch.float16);tensor(-1., dtype=torch.float16);tensor(-5.9062, dtype=torch.float16);tensor(0., dtype=torch.float16);tensor(-6.1641, dtype=torch.float16);tensor(-0.3672, dtype=torch.float16);tensor(0., dtype=torch.float16);tensor(0., dtype=torch.float16);tensor(-4.1953, dtype=torch.float16);tensor(0., dtype=torch.float16);tensor(-3.7891, dtype=torch.float16);tensor(-2.9609, dtype=torch.float16);tensor(0., dtype=torch.float16);tensor(-1.6406, dtype=torch.float16);tensor(-7.9531, dtype=torch.float16);tensor(-0.1875, dtype=torch.float16);tensor(-2.0703, dtype=torch.float16);tensor(-0.7656, dtype=torch.float16);tensor(-1., dtype=torch.float16);tensor(-3.0625, dtype=torch.float16);tensor(-9.0312, dtype=torch.float16);tensor(-0.3438, dtype=torch.float16);tensor(-3.0234, dtype=torch.float16);tensor(-3.3750, dtype=torch.float16);tensor(-0.4219, dtype=torch.float16);tensor(-2.6406, dtype=torch.float16);tensor(-0.6875, dtype=torch.float16);tensor(-4.7969, dtype=torch.float16);tensor(0., dtype=torch.float16);tensor(-2.0703, dtype=torch.float16);tensor(-6.5000, dtype=torch.float16);tensor(-12.3906, dtype=torch.float16);tensor(-5.0625, dtype=torch.float16);tensor(-3.9766, dtype=torch.float16);tensor(-1.4297, dtype=torch.float16);tensor(-1.7656, dtype=torch.float16);tensor(-1.5469, dtype=torch.float16);tensor(-0.8281, dtype=torch.float16);tensor(-4.1016, dtype=torch.float16);tensor(0., dtype=torch.float16);tensor(-0.8438, dtype=torch.float16);tensor(-5.1484, dtype=torch.float16);tensor(-0.2812, dtype=torch.float16);tensor(-3.1719, dtype=torch.float16);tensor(-2.3359, dtype=torch.float16);tensor(-0.2188, dtype=torch.float16);tensor(-0.0625, dtype=torch.float16);tensor(-0.5625, dtype=torch.float16);tensor(0., dtype=torch.float16);tensor(-0.8438, dtype=torch.float16);tensor(0., dtype=torch.float16);tensor(-0.5625, dtype=torch.float16);tensor(-0.3906, dtype=torch.float16);tensor(-0.2344, dtype=torch.float16);tensor(-0.0625, dtype=torch.float16);tensor(0., dtype=torch.float16);tensor(-6.6562, dtype=torch.float16);tensor(-0.2500, dtype=torch.float16);tensor(0., dtype=torch.float16);tensor(-0.0156, dtype=torch.float16);tensor(0., dtype=torch.float16);tensor(-0.4375, dtype=torch.float16);tensor(-3.5391, dtype=torch.float16);tensor(-2.4297, dtype=torch.float16);tensor(-11.0234, dtype=torch.float16);tensor(-6.0781, dtype=torch.float16);tensor(-6.6797, dtype=torch.float16);tensor(0., dtype=torch.float16);tensor(0., dtype=torch.float16);tensor(0., dtype=torch.float16);tensor(-1.6094, dtype=torch.float16);tensor(-1.0391, dtype=torch.float16);tensor(-0.8438, dtype=torch.float16);tensor(-0.0781, dtype=torch.float16);tensor(-0.0156, dtype=torch.float16);tensor(-1.2969, dtype=torch.float16);tensor(-5.2422, dtype=torch.float16);tensor(-1.0547, dtype=torch.float16);tensor(-1.6562, dtype=torch.float16);tensor(-1.1250, dtype=torch.float16);tensor(-1.5156, dtype=torch.float16);tensor(-1., dtype=torch.float16);tensor(-0.4062, dtype=torch.float16);tensor(-0.0938, dtype=torch.float16);tensor(-0.0156, dtype=torch.float16);tensor(0., dtype=torch.float16);tensor(-0.0469, dtype=torch.float16);tensor(0., dtype=torch.float16);tensor(0., dtype=torch.float16);tensor(0., dtype=torch.float16);tensor(0., dtype=torch.float16);tensor(0., dtype=torch.float16);tensor(-0.0312, dtype=torch.float16);tensor(0., dtype=torch.float16);tensor(-0.9688, dtype=torch.float16);tensor(-0.2812, dtype=torch.float16);tensor(0., dtype=torch.float16);tensor(-0.2344, dtype=torch.float16);tensor(-2.8125, dtype=torch.float16);tensor(-0.0156, dtype=torch.float16);tensor(-0.0781, dtype=torch.float16);tensor(-9.0312, dtype=torch.float16);tensor(-2.1641, dtype=torch.float16);tensor(-0.5391, dtype=torch.float16);tensor(-4.7188, dtype=torch.float16)","tensor(-4.3594, dtype=torch.float16);tensor(0., dtype=torch.float16);tensor(0., dtype=torch.float16);tensor(-7.1250, dtype=torch.float16);tensor(-8.9531, dtype=torch.float16);tensor(-0.2031, dtype=torch.float16);tensor(-2.2578, dtype=torch.float16);tensor(-4., dtype=torch.float16);tensor(-3.6641, dtype=torch.float16);tensor(-7.9453, dtype=torch.float16);tensor(-6.3047, dtype=torch.float16);tensor(-9.1484, dtype=torch.float16);tensor(-1.3516, dtype=torch.float16);tensor(-5.9062, dtype=torch.float16);tensor(-5.3750, dtype=torch.float16);tensor(-0.0156, dtype=torch.float16);tensor(-7.3320, dtype=torch.float16);tensor(-0.0312, dtype=torch.float16);tensor(-2.2578, dtype=torch.float16);tensor(0., dtype=torch.float16);tensor(-0.3125, dtype=torch.float16);tensor(-4.8359, dtype=torch.float16);tensor(-4.0156, dtype=torch.float16);tensor(0., dtype=torch.float16);tensor(-3.6250, dtype=torch.float16);tensor(-3.3672, dtype=torch.float16);tensor(-1., dtype=torch.float16);tensor(-19.3906, dtype=torch.float16);tensor(-0.4609, dtype=torch.float16);tensor(-6.1250, dtype=torch.float16);tensor(-0.8906, dtype=torch.float16);tensor(0., dtype=torch.float16);tensor(-0.0156, dtype=torch.float16);tensor(-0.7500, dtype=torch.float16);tensor(0., dtype=torch.float16);tensor(-7.0312, dtype=torch.float16);tensor(-2.3281, dtype=torch.float16);tensor(-8.3438, dtype=torch.float16);tensor(-0.2109, dtype=torch.float16);tensor(-2.1719, dtype=torch.float16);tensor(-0.8750, dtype=torch.float16);tensor(-0.9375, dtype=torch.float16);tensor(-2.8125, dtype=torch.float16);tensor(-9.4141, dtype=torch.float16);tensor(-0.3281, dtype=torch.float16);tensor(-2.8281, dtype=torch.float16);tensor(-3.4375, dtype=torch.float16);tensor(-0.7812, dtype=torch.float16);tensor(-3.4141, dtype=torch.float16);tensor(-0.4531, dtype=torch.float16);tensor(-1.4922, dtype=torch.float16);tensor(0., dtype=torch.float16);tensor(-1.8281, dtype=torch.float16);tensor(-4.8125, dtype=torch.float16);tensor(-5.1797, dtype=torch.float16);tensor(-4.3125, dtype=torch.float16);tensor(-1.6953, dtype=torch.float16);tensor(-1.2188, dtype=torch.float16);tensor(-2.8672, dtype=torch.float16);tensor(-1.0938, dtype=torch.float16);tensor(-0.6562, dtype=torch.float16);tensor(-5.7344, dtype=torch.float16);tensor(-0.3438, dtype=torch.float16);tensor(-3.3828, dtype=torch.float16);tensor(-3.2812, dtype=torch.float16);tensor(-3.5234, dtype=torch.float16);tensor(-0.2500, dtype=torch.float16);tensor(-0.0312, dtype=torch.float16);tensor(-0.3594, dtype=torch.float16);tensor(-0.0625, dtype=torch.float16);tensor(-0.0156, dtype=torch.float16);tensor(0., dtype=torch.float16);tensor(-3.5391, dtype=torch.float16);tensor(0., dtype=torch.float16);tensor(0., dtype=torch.float16);tensor(0., dtype=torch.float16);tensor(-0.8750, dtype=torch.float16);tensor(-3.7500, dtype=torch.float16);tensor(-2.2344, dtype=torch.float16);tensor(-9.1016, dtype=torch.float16);tensor(-2.5859, dtype=torch.float16);tensor(-1.6172, dtype=torch.float16);tensor(-6.1406, dtype=torch.float16);tensor(-1., dtype=torch.float16);tensor(-6.2188, dtype=torch.float16);tensor(-3.3750, dtype=torch.float16);tensor(-2.8906, dtype=torch.float16);tensor(-1.1094, dtype=torch.float16);tensor(-0.5625, dtype=torch.float16);tensor(-1.8594, dtype=torch.float16);tensor(-1.7969, dtype=torch.float16);tensor(-0.1094, dtype=torch.float16);tensor(-7.7734, dtype=torch.float16);tensor(-0.0156, dtype=torch.float16);tensor(-0.1250, dtype=torch.float16);tensor(-1.9922, dtype=torch.float16);tensor(-0.6250, dtype=torch.float16);tensor(-0.1719, dtype=torch.float16);tensor(-0.0312, dtype=torch.float16);tensor(-0.0469, dtype=torch.float16);tensor(0., dtype=torch.float16);tensor(-3.3281, dtype=torch.float16);tensor(0., dtype=torch.float16);tensor(-0.0156, dtype=torch.float16);tensor(0., dtype=torch.float16);tensor(0., dtype=torch.float16);tensor(0., dtype=torch.float16);tensor(-0.0156, dtype=torch.float16);tensor(0., dtype=torch.float16);tensor(-0.5312, dtype=torch.float16);tensor(-0.2500, dtype=torch.float16);tensor(-2.8594, dtype=torch.float16);tensor(-0.0156, dtype=torch.float16);tensor(-0.1406, dtype=torch.float16);tensor(-8.8281, dtype=torch.float16);tensor(-0.6016, dtype=torch.float16);tensor(-0.5469, dtype=torch.float16);tensor(-4.8984, dtype=torch.float16)",epitome_rm
3,Babysitting,implicit,"Scene 1: Haley plots (on phone)
Haley: Well, I know I’m grounded, but I figured even my parents would let me out to babysit, right? So my new stepdad, Peter, has this sister, Kirsty, who’s just adopted a baby with her husband Ed...and Ed’s really cool and relaxed so I figured I’d try to get him to let me babysit...

Scene 2: Haley tries to persuade Ed to let her babysit Lily
Haley: Come onnnnn! I just really need a break from my parents just for one night, and I know you need a babysitter...
Ed: Absolutely not. If you want a break you’re welcome to come to movie evening but you are not looking after Lily. What do you know about babies?
Haley: Like, everything...what do you think I don’t know?
Ed: Well, erm...OK, here’s one. It’s time to give Lily her bath. What temperature should the water be?
Haley: I dunno, like, bath temperature? I guess just what I would find comfortable?
Ed: Uh-huh. And what would you feed her?
Haley: She’s four months, right? And she’s getting teeth? So...crackers? Or cake?
Ed: Yeah, you don’t know anything about babies. You’re not babysitting, and that’s final.

Scene 3: Ed and Anna discuss Haley

Jay: Hi honey, I’m home!
Anna: Jay! Your son is here!
Ed: Hi dad!
Jay: Hi! Well, I have to go up to the office – if you see Peter, tell him I’m upstairs.
Ed: Where’s Martin, Anna?
Anna: That naughty son of mine. He’s upstairs playing with his friend.
Ed: Anyway, I have got to tell you about Haley. She’s trying to babysit Lily for some reason and I asked her some basic questions to prove to her that she doesn’t know the first thing about babies. And guess what? She thinks you
can feed a four-month-old baby crackers!
Anna: That’s hilarious.
Ed: Yeah... the thing is, Kirsty has no idea that she’s so clueless and she’s been suggesting Haley as a sitter; I don’t want to offend Kirsty, you know? ‘Cause Haley is her step-niece and I think Kirsty’s trying to reach out to the family... but I really need to persuade her that Haley’s not competent.
[Peter enters]
Peter: Haley’s not competent? What do you mean?
Anna: Hi, Peter...What are you doing here?
Peter: Jay needed some help fixing his printer. What do you mean, Haley’s not competent?
Ed: Uh... as a babysitter.
Peter: What? That’s outrageous, Haley would make a great sitter. She loves Lily to pieces.
Ed: Yeah, Peter, that’s really not all that’s needed for someone to be good with babies.
Peter: You’ve got to give her a chance at some point.

Scene 4: Peter tells Claire
Peter: And I heard them talking about how stupid Haley is when it comes to babies and how she’d make such a terrible sitter! How awful is that?
Claire: Uh, yeah, honey...Haley really would be the world’s worst babysitter. I heard her say the other day that she saw some video about baby yoga where you swing the baby around by its ankles to get it used to having blood rush to its head.
Peter: Huh. So... you’re saying that we should let Ed talk Kirsty out of letting Haley babysit.
Claire: Yeah, probably.
Peter: But... if Haley found out that you knew what I’d heard she’d be really mad and upset with us.
Claire: Yeah, you’re right, she’d be sad that her mom didn’t stand up for her. So we just won’t let her find out that we know about it!",explicit,mental,1,Haley doesn’t know anything about looking after babies.,Haley knows a lot about looking after babies.,a,-2.306640625,-2.859375,-43.84375,-48.59375,"tensor(-6.9688, dtype=torch.float16);tensor(-4.3672, dtype=torch.float16);tensor(0., dtype=torch.float16);tensor(-3.0312, dtype=torch.float16);tensor(-0.1719, dtype=torch.float16);tensor(0., dtype=torch.float16);tensor(-1.4375, dtype=torch.float16);tensor(-1.6328, dtype=torch.float16);tensor(-0.1562, dtype=torch.float16);tensor(-5.1562, dtype=torch.float16);tensor(0., dtype=torch.float16);tensor(-0.6094, dtype=torch.float16);tensor(0., dtype=torch.float16);tensor(0., dtype=torch.float16);tensor(-1.3438, dtype=torch.float16);tensor(-10.7500, dtype=torch.float16);tensor(-0.3750, dtype=torch.float16);tensor(-0.0781, dtype=torch.float16);tensor(-7.7578, dtype=torch.float16)","tensor(-6.9688, dtype=torch.float16);tensor(-4.3672, dtype=torch.float16);tensor(0., dtype=torch.float16);tensor(-5.9766, dtype=torch.float16);tensor(-3.8203, dtype=torch.float16);tensor(-0.4688, dtype=torch.float16);tensor(-1.2500, dtype=torch.float16);tensor(-6.3672, dtype=torch.float16);tensor(-0.1406, dtype=torch.float16);tensor(-0.2812, dtype=torch.float16);tensor(0., dtype=torch.float16);tensor(0., dtype=torch.float16);tensor(-1.2578, dtype=torch.float16);tensor(-8.1875, dtype=torch.float16);tensor(-1.6094, dtype=torch.float16);tensor(-0.1016, dtype=torch.float16);tensor(-7.8086, dtype=torch.float16)",epitome_rm
3,Babysitting,implicit,"Scene 1: Haley plots (on phone)
Haley: Well, I know I’m grounded, but I figured even my parents would let me out to babysit, right? So my new stepdad, Peter, has this sister, Kirsty, who’s just adopted a baby with her husband Ed...and Ed’s really cool and relaxed so I figured I’d try to get him to let me babysit...

Scene 2: Haley tries to persuade Ed to let her babysit Lily
Haley: Come onnnnn! I just really need a break from my parents just for one night, and I know you need a babysitter...
Ed: Absolutely not. If you want a break you’re welcome to come to movie evening but you are not looking after Lily. What do you know about babies?
Haley: Like, everything...what do you think I don’t know?
Ed: Well, erm...OK, here’s one. It’s time to give Lily her bath. What temperature should the water be?
Haley: I dunno, like, bath temperature? I guess just what I would find comfortable?
Ed: Uh-huh. And what would you feed her?
Haley: She’s four months, right? And she’s getting teeth? So...crackers? Or cake?
Ed: Yeah, you don’t know anything about babies. You’re not babysitting, and that’s final.

Scene 3: Ed and Anna discuss Haley

Jay: Hi honey, I’m home!
Anna: Jay! Your son is here!
Ed: Hi dad!
Jay: Hi! Well, I have to go up to the office – if you see Peter, tell him I’m upstairs.
Ed: Where’s Martin, Anna?
Anna: That naughty son of mine. He’s upstairs playing with his friend.
Ed: Anyway, I have got to tell you about Haley. She’s trying to babysit Lily for some reason and I asked her some basic questions to prove to her that she doesn’t know the first thing about babies. And guess what? She thinks you
can feed a four-month-old baby crackers!
Anna: That’s hilarious.
Ed: Yeah... the thing is, Kirsty has no idea that she’s so clueless and she’s been suggesting Haley as a sitter; I don’t want to offend Kirsty, you know? ‘Cause Haley is her step-niece and I think Kirsty’s trying to reach out to the family... but I really need to persuade her that Haley’s not competent.
[Peter enters]
Peter: Haley’s not competent? What do you mean?
Anna: Hi, Peter...What are you doing here?
Peter: Jay needed some help fixing his printer. What do you mean, Haley’s not competent?
Ed: Uh... as a babysitter.
Peter: What? That’s outrageous, Haley would make a great sitter. She loves Lily to pieces.
Ed: Yeah, Peter, that’s really not all that’s needed for someone to be good with babies.
Peter: You’ve got to give her a chance at some point.

Scene 4: Peter tells Claire
Peter: And I heard them talking about how stupid Haley is when it comes to babies and how she’d make such a terrible sitter! How awful is that?
Claire: Uh, yeah, honey...Haley really would be the world’s worst babysitter. I heard her say the other day that she saw some video about baby yoga where you swing the baby around by its ankles to get it used to having blood rush to its head.
Peter: Huh. So... you’re saying that we should let Ed talk Kirsty out of letting Haley babysit.
Claire: Yeah, probably.
Peter: But... if Haley found out that you knew what I’d heard she’d be really mad and upset with us.
Claire: Yeah, you’re right, she’d be sad that her mom didn’t stand up for her. So we just won’t let her find out that we know about it!",explicit,mental,2,Kirsty doesn’t know that Haley knows nothing about babies.,Kirsty knows that Haley knows nothing about babies.,a,-2.10546875,-2.69921875,-46.3125,-51.3125,"tensor(-9.7500, dtype=torch.float16);tensor(-2.2500, dtype=torch.float16);tensor(0., dtype=torch.float16);tensor(-3.4531, dtype=torch.float16);tensor(-0.0469, dtype=torch.float16);tensor(0., dtype=torch.float16);tensor(-0.6875, dtype=torch.float16);tensor(-2.1875, dtype=torch.float16);tensor(-0.6406, dtype=torch.float16);tensor(0., dtype=torch.float16);tensor(0., dtype=torch.float16);tensor(-5.5156, dtype=torch.float16);tensor(-0.9375, dtype=torch.float16);tensor(-0.2344, dtype=torch.float16);tensor(-0.0469, dtype=torch.float16);tensor(0., dtype=torch.float16);tensor(-0.0938, dtype=torch.float16);tensor(-2.0469, dtype=torch.float16);tensor(-10.0469, dtype=torch.float16);tensor(-0.9531, dtype=torch.float16);tensor(-0.0703, dtype=torch.float16);tensor(-7.3555, dtype=torch.float16)","tensor(-9.7500, dtype=torch.float16);tensor(-2.2500, dtype=torch.float16);tensor(0., dtype=torch.float16);tensor(-5.3438, dtype=torch.float16);tensor(-1.7031, dtype=torch.float16);tensor(-1.1250, dtype=torch.float16);tensor(0., dtype=torch.float16);tensor(0., dtype=torch.float16);tensor(-5.8125, dtype=torch.float16);tensor(-1.4062, dtype=torch.float16);tensor(-0.1406, dtype=torch.float16);tensor(-0.0469, dtype=torch.float16);tensor(0., dtype=torch.float16);tensor(-0.0625, dtype=torch.float16);tensor(-2.3906, dtype=torch.float16);tensor(-10.4531, dtype=torch.float16);tensor(-3.1094, dtype=torch.float16);tensor(-0.0703, dtype=torch.float16);tensor(-7.6328, dtype=torch.float16)",epitome_rm
3,Babysitting,implicit,"Scene 1: Haley plots (on phone)
Haley: Well, I know I’m grounded, but I figured even my parents would let me out to babysit, right? So my new stepdad, Peter, has this sister, Kirsty, who’s just adopted a baby with her husband Ed...and Ed’s really cool and relaxed so I figured I’d try to get him to let me babysit...

Scene 2: Haley tries to persuade Ed to let her babysit Lily
Haley: Come onnnnn! I just really need a break from my parents just for one night, and I know you need a babysitter...
Ed: Absolutely not. If you want a break you’re welcome to come to movie evening but you are not looking after Lily. What do you know about babies?
Haley: Like, everything...what do you think I don’t know?
Ed: Well, erm...OK, here’s one. It’s time to give Lily her bath. What temperature should the water be?
Haley: I dunno, like, bath temperature? I guess just what I would find comfortable?
Ed: Uh-huh. And what would you feed her?
Haley: She’s four months, right? And she’s getting teeth? So...crackers? Or cake?
Ed: Yeah, you don’t know anything about babies. You’re not babysitting, and that’s final.

Scene 3: Ed and Anna discuss Haley

Jay: Hi honey, I’m home!
Anna: Jay! Your son is here!
Ed: Hi dad!
Jay: Hi! Well, I have to go up to the office – if you see Peter, tell him I’m upstairs.
Ed: Where’s Martin, Anna?
Anna: That naughty son of mine. He’s upstairs playing with his friend.
Ed: Anyway, I have got to tell you about Haley. She’s trying to babysit Lily for some reason and I asked her some basic questions to prove to her that she doesn’t know the first thing about babies. And guess what? She thinks you
can feed a four-month-old baby crackers!
Anna: That’s hilarious.
Ed: Yeah... the thing is, Kirsty has no idea that she’s so clueless and she’s been suggesting Haley as a sitter; I don’t want to offend Kirsty, you know? ‘Cause Haley is her step-niece and I think Kirsty’s trying to reach out to the family... but I really need to persuade her that Haley’s not competent.
[Peter enters]
Peter: Haley’s not competent? What do you mean?
Anna: Hi, Peter...What are you doing here?
Peter: Jay needed some help fixing his printer. What do you mean, Haley’s not competent?
Ed: Uh... as a babysitter.
Peter: What? That’s outrageous, Haley would make a great sitter. She loves Lily to pieces.
Ed: Yeah, Peter, that’s really not all that’s needed for someone to be good with babies.
Peter: You’ve got to give her a chance at some point.

Scene 4: Peter tells Claire
Peter: And I heard them talking about how stupid Haley is when it comes to babies and how she’d make such a terrible sitter! How awful is that?
Claire: Uh, yeah, honey...Haley really would be the world’s worst babysitter. I heard her say the other day that she saw some video about baby yoga where you swing the baby around by its ankles to get it used to having blood rush to its head.
Peter: Huh. So... you’re saying that we should let Ed talk Kirsty out of letting Haley babysit.
Claire: Yeah, probably.
Peter: But... if Haley found out that you knew what I’d heard she’d be really mad and upset with us.
Claire: Yeah, you’re right, she’d be sad that her mom didn’t stand up for her. So we just won’t let her find out that we know about it!",explicit,mental,3,Ed wants Kirsty to know that Haley doesn’t know enough to babysit.,Ed doesn’t want Kirsty to know that Haley doesn’t know enough to babysit.,a,-2.111328125,-2.01171875,-54.90625,-58.375,"tensor(-12.7812, dtype=torch.float16);tensor(-5.4219, dtype=torch.float16);tensor(-3.4844, dtype=torch.float16);tensor(0., dtype=torch.float16);tensor(0., dtype=torch.float16);tensor(-0.0312, dtype=torch.float16);tensor(-3.2188, dtype=torch.float16);tensor(-0.2500, dtype=torch.float16);tensor(-0.2188, dtype=torch.float16);tensor(0., dtype=torch.float16);tensor(0., dtype=torch.float16);tensor(-4.0703, dtype=torch.float16);tensor(-0.0312, dtype=torch.float16);tensor(0., dtype=torch.float16);tensor(-0.1250, dtype=torch.float16);tensor(-3.5078, dtype=torch.float16);tensor(-0.7656, dtype=torch.float16);tensor(-0.6562, dtype=torch.float16);tensor(0., dtype=torch.float16);tensor(0., dtype=torch.float16);tensor(0., dtype=torch.float16);tensor(-1.6328, dtype=torch.float16);tensor(-9.9922, dtype=torch.float16);tensor(-1.5078, dtype=torch.float16);tensor(-0.0625, dtype=torch.float16);tensor(-7.1523, dtype=torch.float16)","tensor(-12.7812, dtype=torch.float16);tensor(-4.3828, dtype=torch.float16);tensor(-0.1875, dtype=torch.float16);tensor(0., dtype=torch.float16);tensor(-2.7031, dtype=torch.float16);tensor(-4.5625, dtype=torch.float16);tensor(0., dtype=torch.float16);tensor(0., dtype=torch.float16);tensor(-0.0625, dtype=torch.float16);tensor(-1.5156, dtype=torch.float16);tensor(-1.0781, dtype=torch.float16);tensor(-1.2969, dtype=torch.float16);tensor(0., dtype=torch.float16);tensor(0., dtype=torch.float16);tensor(-2.3906, dtype=torch.float16);tensor(0., dtype=torch.float16);tensor(0., dtype=torch.float16);tensor(-0.0312, dtype=torch.float16);tensor(-5.7734, dtype=torch.float16);tensor(-0.7812, dtype=torch.float16);tensor(-0.7344, dtype=torch.float16);tensor(0., dtype=torch.float16);tensor(0., dtype=torch.float16);tensor(0., dtype=torch.float16);tensor(-1.7344, dtype=torch.float16);tensor(-9.9219, dtype=torch.float16);tensor(-0.8359, dtype=torch.float16);tensor(-0.0547, dtype=torch.float16);tensor(-7.5352, dtype=torch.float16)",epitome_rm
3,Babysitting,implicit,"Scene 1: Haley plots (on phone)
Haley: Well, I know I’m grounded, but I figured even my parents would let me out to babysit, right? So my new stepdad, Peter, has this sister, Kirsty, who’s just adopted a baby with her husband Ed...and Ed’s really cool and relaxed so I figured I’d try to get him to let me babysit...

Scene 2: Haley tries to persuade Ed to let her babysit Lily
Haley: Come onnnnn! I just really need a break from my parents just for one night, and I know you need a babysitter...
Ed: Absolutely not. If you want a break you’re welcome to come to movie evening but you are not looking after Lily. What do you know about babies?
Haley: Like, everything...what do you think I don’t know?
Ed: Well, erm...OK, here’s one. It’s time to give Lily her bath. What temperature should the water be?
Haley: I dunno, like, bath temperature? I guess just what I would find comfortable?
Ed: Uh-huh. And what would you feed her?
Haley: She’s four months, right? And she’s getting teeth? So...crackers? Or cake?
Ed: Yeah, you don’t know anything about babies. You’re not babysitting, and that’s final.

Scene 3: Ed and Anna discuss Haley

Jay: Hi honey, I’m home!
Anna: Jay! Your son is here!
Ed: Hi dad!
Jay: Hi! Well, I have to go up to the office – if you see Peter, tell him I’m upstairs.
Ed: Where’s Martin, Anna?
Anna: That naughty son of mine. He’s upstairs playing with his friend.
Ed: Anyway, I have got to tell you about Haley. She’s trying to babysit Lily for some reason and I asked her some basic questions to prove to her that she doesn’t know the first thing about babies. And guess what? She thinks you
can feed a four-month-old baby crackers!
Anna: That’s hilarious.
Ed: Yeah... the thing is, Kirsty has no idea that she’s so clueless and she’s been suggesting Haley as a sitter; I don’t want to offend Kirsty, you know? ‘Cause Haley is her step-niece and I think Kirsty’s trying to reach out to the family... but I really need to persuade her that Haley’s not competent.
[Peter enters]
Peter: Haley’s not competent? What do you mean?
Anna: Hi, Peter...What are you doing here?
Peter: Jay needed some help fixing his printer. What do you mean, Haley’s not competent?
Ed: Uh... as a babysitter.
Peter: What? That’s outrageous, Haley would make a great sitter. She loves Lily to pieces.
Ed: Yeah, Peter, that’s really not all that’s needed for someone to be good with babies.
Peter: You’ve got to give her a chance at some point.

Scene 4: Peter tells Claire
Peter: And I heard them talking about how stupid Haley is when it comes to babies and how she’d make such a terrible sitter! How awful is that?
Claire: Uh, yeah, honey...Haley really would be the world’s worst babysitter. I heard her say the other day that she saw some video about baby yoga where you swing the baby around by its ankles to get it used to having blood rush to its head.
Peter: Huh. So... you’re saying that we should let Ed talk Kirsty out of letting Haley babysit.
Claire: Yeah, probably.
Peter: But... if Haley found out that you knew what I’d heard she’d be really mad and upset with us.
Claire: Yeah, you’re right, she’d be sad that her mom didn’t stand up for her. So we just won’t let her find out that we know about it!",explicit,mental,4,Peter knows that Ed wants Kirsty to find out that Haley knows nothing about babies.,Peter doesn’t know that Ed wants Kirsty to find out that Haley knows nothing about babies.,a,-2.375,-2.162109375,-61.78125,-62.6875,"tensor(-7.1172, dtype=torch.float16);tensor(-8.2031, dtype=torch.float16);tensor(-3.5391, dtype=torch.float16);tensor(-3.3281, dtype=torch.float16);tensor(-4.3828, dtype=torch.float16);tensor(-2.8906, dtype=torch.float16);tensor(0., dtype=torch.float16);tensor(0., dtype=torch.float16);tensor(-0.0469, dtype=torch.float16);tensor(-5.9453, dtype=torch.float16);tensor(-0.9375, dtype=torch.float16);tensor(-0.4531, dtype=torch.float16);tensor(-0.0312, dtype=torch.float16);tensor(0., dtype=torch.float16);tensor(0., dtype=torch.float16);tensor(-6.6094, dtype=torch.float16);tensor(-0.0469, dtype=torch.float16);tensor(-0.0625, dtype=torch.float16);tensor(-0.1094, dtype=torch.float16);tensor(0., dtype=torch.float16);tensor(-0.4531, dtype=torch.float16);tensor(-1.2500, dtype=torch.float16);tensor(-9.3438, dtype=torch.float16);tensor(-0.1094, dtype=torch.float16);tensor(-0.0938, dtype=torch.float16);tensor(-6.8164, dtype=torch.float16)","tensor(-7.1172, dtype=torch.float16);tensor(-8.8750, dtype=torch.float16);tensor(-0.3438, dtype=torch.float16);tensor(0., dtype=torch.float16);tensor(-1.6641, dtype=torch.float16);tensor(-1.7422, dtype=torch.float16);tensor(-3.5781, dtype=torch.float16);tensor(-6.1797, dtype=torch.float16);tensor(-2.0469, dtype=torch.float16);tensor(0., dtype=torch.float16);tensor(0., dtype=torch.float16);tensor(-0.0469, dtype=torch.float16);tensor(-5.9453, dtype=torch.float16);tensor(-0.0781, dtype=torch.float16);tensor(-0.8125, dtype=torch.float16);tensor(-0.0625, dtype=torch.float16);tensor(0., dtype=torch.float16);tensor(0., dtype=torch.float16);tensor(-6.3203, dtype=torch.float16);tensor(-0.0469, dtype=torch.float16);tensor(-0.2031, dtype=torch.float16);tensor(-0.0469, dtype=torch.float16);tensor(0., dtype=torch.float16);tensor(-0.2812, dtype=torch.float16);tensor(-0.8906, dtype=torch.float16);tensor(-8.7031, dtype=torch.float16);tensor(-0.2422, dtype=torch.float16);tensor(-0.0703, dtype=torch.float16);tensor(-7.3984, dtype=torch.float16)",epitome_rm
3,Babysitting,implicit,"Scene 1: Haley plots (on phone)
Haley: Well, I know I’m grounded, but I figured even my parents would let me out to babysit, right? So my new stepdad, Peter, has this sister, Kirsty, who’s just adopted a baby with her husband Ed...and Ed’s really cool and relaxed so I figured I’d try to get him to let me babysit...

Scene 2: Haley tries to persuade Ed to let her babysit Lily
Haley: Come onnnnn! I just really need a break from my parents just for one night, and I know you need a babysitter...
Ed: Absolutely not. If you want a break you’re welcome to come to movie evening but you are not looking after Lily. What do you know about babies?
Haley: Like, everything...what do you think I don’t know?
Ed: Well, erm...OK, here’s one. It’s time to give Lily her bath. What temperature should the water be?
Haley: I dunno, like, bath temperature? I guess just what I would find comfortable?
Ed: Uh-huh. And what would you feed her?
Haley: She’s four months, right? And she’s getting teeth? So...crackers? Or cake?
Ed: Yeah, you don’t know anything about babies. You’re not babysitting, and that’s final.

Scene 3: Ed and Anna discuss Haley

Jay: Hi honey, I’m home!
Anna: Jay! Your son is here!
Ed: Hi dad!
Jay: Hi! Well, I have to go up to the office – if you see Peter, tell him I’m upstairs.
Ed: Where’s Martin, Anna?
Anna: That naughty son of mine. He’s upstairs playing with his friend.
Ed: Anyway, I have got to tell you about Haley. She’s trying to babysit Lily for some reason and I asked her some basic questions to prove to her that she doesn’t know the first thing about babies. And guess what? She thinks you
can feed a four-month-old baby crackers!
Anna: That’s hilarious.
Ed: Yeah... the thing is, Kirsty has no idea that she’s so clueless and she’s been suggesting Haley as a sitter; I don’t want to offend Kirsty, you know? ‘Cause Haley is her step-niece and I think Kirsty’s trying to reach out to the family... but I really need to persuade her that Haley’s not competent.
[Peter enters]
Peter: Haley’s not competent? What do you mean?
Anna: Hi, Peter...What are you doing here?
Peter: Jay needed some help fixing his printer. What do you mean, Haley’s not competent?
Ed: Uh... as a babysitter.
Peter: What? That’s outrageous, Haley would make a great sitter. She loves Lily to pieces.
Ed: Yeah, Peter, that’s really not all that’s needed for someone to be good with babies.
Peter: You’ve got to give her a chance at some point.

Scene 4: Peter tells Claire
Peter: And I heard them talking about how stupid Haley is when it comes to babies and how she’d make such a terrible sitter! How awful is that?
Claire: Uh, yeah, honey...Haley really would be the world’s worst babysitter. I heard her say the other day that she saw some video about baby yoga where you swing the baby around by its ankles to get it used to having blood rush to its head.
Peter: Huh. So... you’re saying that we should let Ed talk Kirsty out of letting Haley babysit.
Claire: Yeah, probably.
Peter: But... if Haley found out that you knew what I’d heard she’d be really mad and upset with us.
Claire: Yeah, you’re right, she’d be sad that her mom didn’t stand up for her. So we just won’t let her find out that we know about it!",explicit,mental,5,Claire knows that Peter knows that Ed wants Kirsty to believe that Haley knows nothing about babies.,Claire doesn’t know that Peter knows that Ed wants Kirsty to believe that Haley knows nothing about babies.,a,-2.455078125,-2.396484375,-71.1875,-76.6875,"tensor(-9.2500, dtype=torch.float16);tensor(-0.0156, dtype=torch.float16);tensor(-7.4531, dtype=torch.float16);tensor(-2.7422, dtype=torch.float16);tensor(-2.5547, dtype=torch.float16);tensor(-4.1250, dtype=torch.float16);tensor(-1.3828, dtype=torch.float16);tensor(-3.9297, dtype=torch.float16);tensor(-5.7109, dtype=torch.float16);tensor(-3.4062, dtype=torch.float16);tensor(0., dtype=torch.float16);tensor(0., dtype=torch.float16);tensor(-0.0781, dtype=torch.float16);tensor(-4.2266, dtype=torch.float16);tensor(-0.1406, dtype=torch.float16);tensor(-0.0156, dtype=torch.float16);tensor(0., dtype=torch.float16);tensor(0., dtype=torch.float16);tensor(-8.1875, dtype=torch.float16);tensor(-0.0625, dtype=torch.float16);tensor(-0.0625, dtype=torch.float16);tensor(-0.0938, dtype=torch.float16);tensor(0., dtype=torch.float16);tensor(-0.4219, dtype=torch.float16);tensor(-1.2969, dtype=torch.float16);tensor(-9.6484, dtype=torch.float16);tensor(-0.0781, dtype=torch.float16);tensor(-0.1016, dtype=torch.float16);tensor(-6.1914, dtype=torch.float16)","tensor(-9.2500, dtype=torch.float16);tensor(-0.0156, dtype=torch.float16);tensor(-8.0469, dtype=torch.float16);tensor(-0.2344, dtype=torch.float16);tensor(0., dtype=torch.float16);tensor(-4.0078, dtype=torch.float16);tensor(-3.0234, dtype=torch.float16);tensor(-2.4375, dtype=torch.float16);tensor(-2.6094, dtype=torch.float16);tensor(-1.6484, dtype=torch.float16);tensor(-3.0703, dtype=torch.float16);tensor(-6.7422, dtype=torch.float16);tensor(-3.6484, dtype=torch.float16);tensor(0., dtype=torch.float16);tensor(0., dtype=torch.float16);tensor(-0.0938, dtype=torch.float16);tensor(-5.9453, dtype=torch.float16);tensor(-0.2812, dtype=torch.float16);tensor(-0.0156, dtype=torch.float16);tensor(0., dtype=torch.float16);tensor(0., dtype=torch.float16);tensor(-8.6875, dtype=torch.float16);tensor(-0.0312, dtype=torch.float16);tensor(-0.0781, dtype=torch.float16);tensor(-0.0625, dtype=torch.float16);tensor(0., dtype=torch.float16);tensor(-0.2812, dtype=torch.float16);tensor(-0.8281, dtype=torch.float16);tensor(-8.8906, dtype=torch.float16);tensor(-0.2266, dtype=torch.float16);tensor(-0.0781, dtype=torch.float16);tensor(-6.4766, dtype=torch.float16)",epitome_rm
3,Babysitting,implicit,"Scene 1: Haley plots (on phone)
Haley: Well, I know I’m grounded, but I figured even my parents would let me out to babysit, right? So my new stepdad, Peter, has this sister, Kirsty, who’s just adopted a baby with her husband Ed...and Ed’s really cool and relaxed so I figured I’d try to get him to let me babysit...

Scene 2: Haley tries to persuade Ed to let her babysit Lily
Haley: Come onnnnn! I just really need a break from my parents just for one night, and I know you need a babysitter...
Ed: Absolutely not. If you want a break you’re welcome to come to movie evening but you are not looking after Lily. What do you know about babies?
Haley: Like, everything...what do you think I don’t know?
Ed: Well, erm...OK, here’s one. It’s time to give Lily her bath. What temperature should the water be?
Haley: I dunno, like, bath temperature? I guess just what I would find comfortable?
Ed: Uh-huh. And what would you feed her?
Haley: She’s four months, right? And she’s getting teeth? So...crackers? Or cake?
Ed: Yeah, you don’t know anything about babies. You’re not babysitting, and that’s final.

Scene 3: Ed and Anna discuss Haley

Jay: Hi honey, I’m home!
Anna: Jay! Your son is here!
Ed: Hi dad!
Jay: Hi! Well, I have to go up to the office – if you see Peter, tell him I’m upstairs.
Ed: Where’s Martin, Anna?
Anna: That naughty son of mine. He’s upstairs playing with his friend.
Ed: Anyway, I have got to tell you about Haley. She’s trying to babysit Lily for some reason and I asked her some basic questions to prove to her that she doesn’t know the first thing about babies. And guess what? She thinks you
can feed a four-month-old baby crackers!
Anna: That’s hilarious.
Ed: Yeah... the thing is, Kirsty has no idea that she’s so clueless and she’s been suggesting Haley as a sitter; I don’t want to offend Kirsty, you know? ‘Cause Haley is her step-niece and I think Kirsty’s trying to reach out to the family... but I really need to persuade her that Haley’s not competent.
[Peter enters]
Peter: Haley’s not competent? What do you mean?
Anna: Hi, Peter...What are you doing here?
Peter: Jay needed some help fixing his printer. What do you mean, Haley’s not competent?
Ed: Uh... as a babysitter.
Peter: What? That’s outrageous, Haley would make a great sitter. She loves Lily to pieces.
Ed: Yeah, Peter, that’s really not all that’s needed for someone to be good with babies.
Peter: You’ve got to give her a chance at some point.

Scene 4: Peter tells Claire
Peter: And I heard them talking about how stupid Haley is when it comes to babies and how she’d make such a terrible sitter! How awful is that?
Claire: Uh, yeah, honey...Haley really would be the world’s worst babysitter. I heard her say the other day that she saw some video about baby yoga where you swing the baby around by its ankles to get it used to having blood rush to its head.
Peter: Huh. So... you’re saying that we should let Ed talk Kirsty out of letting Haley babysit.
Claire: Yeah, probably.
Peter: But... if Haley found out that you knew what I’d heard she’d be really mad and upset with us.
Claire: Yeah, you’re right, she’d be sad that her mom didn’t stand up for her. So we just won’t let her find out that we know about it!",explicit,mental,6,"Claire thinks that if Haley knew that Claire knew that Ed wanted Kirsty to believe that Haley knew nothing about babies, Haley would be really upset.","Claire doesn’t think that if Haley knew that Claire knew that Ed wanted Kirsty to believe that Haley knows nothing about babies, Haley would be really upset.",a,-2.009765625,-2.046875,-90.4375,-98.25,"tensor(-9.2500, dtype=torch.float16);tensor(-0.0156, dtype=torch.float16);tensor(-6.6836, dtype=torch.float16);tensor(-5.8438, dtype=torch.float16);tensor(-3., dtype=torch.float16);tensor(-0.9844, dtype=torch.float16);tensor(0., dtype=torch.float16);tensor(0., dtype=torch.float16);tensor(-2.6641, dtype=torch.float16);tensor(-1., dtype=torch.float16);tensor(-0.8594, dtype=torch.float16);tensor(0., dtype=torch.float16);tensor(-0.8438, dtype=torch.float16);tensor(-2.0156, dtype=torch.float16);tensor(-1.3125, dtype=torch.float16);tensor(-8.3906, dtype=torch.float16);tensor(-6.1875, dtype=torch.float16);tensor(0., dtype=torch.float16);tensor(0., dtype=torch.float16);tensor(-0.4062, dtype=torch.float16);tensor(-6.0234, dtype=torch.float16);tensor(-0.3906, dtype=torch.float16);tensor(-0.2031, dtype=torch.float16);tensor(0., dtype=torch.float16);tensor(0., dtype=torch.float16);tensor(-10.0234, dtype=torch.float16);tensor(-0.0156, dtype=torch.float16);tensor(-0.0469, dtype=torch.float16);tensor(-0.0469, dtype=torch.float16);tensor(0., dtype=torch.float16);tensor(-0.5156, dtype=torch.float16);tensor(-0.1875, dtype=torch.float16);tensor(-1.1875, dtype=torch.float16);tensor(0., dtype=torch.float16);tensor(0., dtype=torch.float16);tensor(-0.1562, dtype=torch.float16);tensor(-1., dtype=torch.float16);tensor(-3.3359, dtype=torch.float16);tensor(-0.4219, dtype=torch.float16);tensor(0., dtype=torch.float16);tensor(-1.1562, dtype=torch.float16);tensor(-9.7969, dtype=torch.float16);tensor(-0.0469, dtype=torch.float16);tensor(-0.2031, dtype=torch.float16);tensor(-6.2031, dtype=torch.float16)","tensor(-9.2500, dtype=torch.float16);tensor(-0.0156, dtype=torch.float16);tensor(-8.0469, dtype=torch.float16);tensor(-0.2344, dtype=torch.float16);tensor(0., dtype=torch.float16);tensor(-1.8047, dtype=torch.float16);tensor(-2.1484, dtype=torch.float16);tensor(-8.5781, dtype=torch.float16);tensor(-0.6875, dtype=torch.float16);tensor(0., dtype=torch.float16);tensor(0., dtype=torch.float16);tensor(-2.3203, dtype=torch.float16);tensor(-1.3594, dtype=torch.float16);tensor(-0.9062, dtype=torch.float16);tensor(0., dtype=torch.float16);tensor(-0.7812, dtype=torch.float16);tensor(-2.1016, dtype=torch.float16);tensor(-1.0312, dtype=torch.float16);tensor(-8.9609, dtype=torch.float16);tensor(-6.1016, dtype=torch.float16);tensor(0., dtype=torch.float16);tensor(0., dtype=torch.float16);tensor(-0.4844, dtype=torch.float16);tensor(-5.9453, dtype=torch.float16);tensor(-0.4375, dtype=torch.float16);tensor(-0.2188, dtype=torch.float16);tensor(0., dtype=torch.float16);tensor(0., dtype=torch.float16);tensor(-12.3281, dtype=torch.float16);tensor(-0.0156, dtype=torch.float16);tensor(-0.1094, dtype=torch.float16);tensor(-0.0625, dtype=torch.float16);tensor(0., dtype=torch.float16);tensor(-0.5000, dtype=torch.float16);tensor(-0.3750, dtype=torch.float16);tensor(-1.0938, dtype=torch.float16);tensor(0., dtype=torch.float16);tensor(0., dtype=torch.float16);tensor(-0.1719, dtype=torch.float16);tensor(-0.9062, dtype=torch.float16);tensor(-3.1250, dtype=torch.float16);tensor(-0.6250, dtype=torch.float16);tensor(0., dtype=torch.float16);tensor(-1.2500, dtype=torch.float16);tensor(-9.6562, dtype=torch.float16);tensor(-0.0469, dtype=torch.float16);tensor(-0.1875, dtype=torch.float16);tensor(-6.3750, dtype=torch.float16)",epitome_rm
3,Babysitting,implicit,"Scene 1: Haley plots (on phone)
Haley: Well, I know I’m grounded, but I figured even my parents would let me out to babysit, right? So my new stepdad, Peter, has this sister, Kirsty, who’s just adopted a baby with her husband Ed...and Ed’s really cool and relaxed so I figured I’d try to get him to let me babysit...

Scene 2: Haley tries to persuade Ed to let her babysit Lily
Haley: Come onnnnn! I just really need a break from my parents just for one night, and I know you need a babysitter...
Ed: Absolutely not. If you want a break you’re welcome to come to movie evening but you are not looking after Lily. What do you know about babies?
Haley: Like, everything...what do you think I don’t know?
Ed: Well, erm...OK, here’s one. It’s time to give Lily her bath. What temperature should the water be?
Haley: I dunno, like, bath temperature? I guess just what I would find comfortable?
Ed: Uh-huh. And what would you feed her?
Haley: She’s four months, right? And she’s getting teeth? So...crackers? Or cake?
Ed: Yeah, you don’t know anything about babies. You’re not babysitting, and that’s final.

Scene 3: Ed and Anna discuss Haley

Jay: Hi honey, I’m home!
Anna: Jay! Your son is here!
Ed: Hi dad!
Jay: Hi! Well, I have to go up to the office – if you see Peter, tell him I’m upstairs.
Ed: Where’s Martin, Anna?
Anna: That naughty son of mine. He’s upstairs playing with his friend.
Ed: Anyway, I have got to tell you about Haley. She’s trying to babysit Lily for some reason and I asked her some basic questions to prove to her that she doesn’t know the first thing about babies. And guess what? She thinks you
can feed a four-month-old baby crackers!
Anna: That’s hilarious.
Ed: Yeah... the thing is, Kirsty has no idea that she’s so clueless and she’s been suggesting Haley as a sitter; I don’t want to offend Kirsty, you know? ‘Cause Haley is her step-niece and I think Kirsty’s trying to reach out to the family... but I really need to persuade her that Haley’s not competent.
[Peter enters]
Peter: Haley’s not competent? What do you mean?
Anna: Hi, Peter...What are you doing here?
Peter: Jay needed some help fixing his printer. What do you mean, Haley’s not competent?
Ed: Uh... as a babysitter.
Peter: What? That’s outrageous, Haley would make a great sitter. She loves Lily to pieces.
Ed: Yeah, Peter, that’s really not all that’s needed for someone to be good with babies.
Peter: You’ve got to give her a chance at some point.

Scene 4: Peter tells Claire
Peter: And I heard them talking about how stupid Haley is when it comes to babies and how she’d make such a terrible sitter! How awful is that?
Claire: Uh, yeah, honey...Haley really would be the world’s worst babysitter. I heard her say the other day that she saw some video about baby yoga where you swing the baby around by its ankles to get it used to having blood rush to its head.
Peter: Huh. So... you’re saying that we should let Ed talk Kirsty out of letting Haley babysit.
Claire: Yeah, probably.
Peter: But... if Haley found out that you knew what I’d heard she’d be really mad and upset with us.
Claire: Yeah, you’re right, she’d be sad that her mom didn’t stand up for her. So we just won’t let her find out that we know about it!",explicit,mental,7,Claire doesn't want Haley to know that she knows that Peter knows that Ed wants Kirsty to believe that Haley knows nothing about babies.,Claire wants Haley to know that she knows that Peter knows that Ed wants Kirsty to believe that Haley knows nothing about babies.,a,-2.1328125,-2.37890625,-85.3125,-88.0,"tensor(-9.2500, dtype=torch.float16);tensor(-0.0156, dtype=torch.float16);tensor(-8.0469, dtype=torch.float16);tensor(-1.5469, dtype=torch.float16);tensor(0., dtype=torch.float16);tensor(-0.6562, dtype=torch.float16);tensor(-0.9375, dtype=torch.float16);tensor(0., dtype=torch.float16);tensor(0., dtype=torch.float16);tensor(-0.0938, dtype=torch.float16);tensor(-2.3594, dtype=torch.float16);tensor(-0.6562, dtype=torch.float16);tensor(-0.2969, dtype=torch.float16);tensor(-1.6016, dtype=torch.float16);tensor(-2.5000, dtype=torch.float16);tensor(-4.4766, dtype=torch.float16);tensor(-0.6094, dtype=torch.float16);tensor(-0.8125, dtype=torch.float16);tensor(-5.3984, dtype=torch.float16);tensor(-7.4453, dtype=torch.float16);tensor(-5.1250, dtype=torch.float16);tensor(0., dtype=torch.float16);tensor(0., dtype=torch.float16);tensor(-0.2500, dtype=torch.float16);tensor(-5.7500, dtype=torch.float16);tensor(-0.2344, dtype=torch.float16);tensor(-0.0156, dtype=torch.float16);tensor(0., dtype=torch.float16);tensor(0., dtype=torch.float16);tensor(-10.7812, dtype=torch.float16);tensor(0., dtype=torch.float16);tensor(-0.0156, dtype=torch.float16);tensor(-0.0469, dtype=torch.float16);tensor(0., dtype=torch.float16);tensor(-0.6094, dtype=torch.float16);tensor(-0.4844, dtype=torch.float16);tensor(-9.2734, dtype=torch.float16);tensor(-0.1250, dtype=torch.float16);tensor(-0.0859, dtype=torch.float16);tensor(-5.8281, dtype=torch.float16)","tensor(-9.2500, dtype=torch.float16);tensor(-0.0156, dtype=torch.float16);tensor(-9.5156, dtype=torch.float16);tensor(-4.7656, dtype=torch.float16);tensor(0., dtype=torch.float16);tensor(0., dtype=torch.float16);tensor(-0.1094, dtype=torch.float16);tensor(-3.9062, dtype=torch.float16);tensor(-0.5156, dtype=torch.float16);tensor(-0.7656, dtype=torch.float16);tensor(-4.5078, dtype=torch.float16);tensor(-3.5312, dtype=torch.float16);tensor(-3.6094, dtype=torch.float16);tensor(-2.5312, dtype=torch.float16);tensor(-1.9219, dtype=torch.float16);tensor(-4.6172, dtype=torch.float16);tensor(-5.1641, dtype=torch.float16);tensor(-3.6562, dtype=torch.float16);tensor(0., dtype=torch.float16);tensor(0., dtype=torch.float16);tensor(-0.2031, dtype=torch.float16);tensor(-5.1875, dtype=torch.float16);tensor(-0.2344, dtype=torch.float16);tensor(-0.0312, dtype=torch.float16);tensor(0., dtype=torch.float16);tensor(0., dtype=torch.float16);tensor(-7.8359, dtype=torch.float16);tensor(-0.0625, dtype=torch.float16);tensor(-0.0781, dtype=torch.float16);tensor(-0.0625, dtype=torch.float16);tensor(0., dtype=torch.float16);tensor(-0.4531, dtype=torch.float16);tensor(-0.7031, dtype=torch.float16);tensor(-8.7500, dtype=torch.float16);tensor(-0.1484, dtype=torch.float16);tensor(-0.1406, dtype=torch.float16);tensor(-5.7578, dtype=torch.float16)",epitome_rm
3,Babysitting,implicit,"Scene 1: Haley plots (on phone)
Haley: Well, I know I’m grounded, but I figured even my parents would let me out to babysit, right? So my new stepdad, Peter, has this sister, Kirsty, who’s just adopted a baby with her husband Ed...and Ed’s really cool and relaxed so I figured I’d try to get him to let me babysit...

Scene 2: Haley tries to persuade Ed to let her babysit Lily
Haley: Come onnnnn! I just really need a break from my parents just for one night, and I know you need a babysitter...
Ed: Absolutely not. If you want a break you’re welcome to come to movie evening but you are not looking after Lily. What do you know about babies?
Haley: Like, everything...what do you think I don’t know?
Ed: Well, erm...OK, here’s one. It’s time to give Lily her bath. What temperature should the water be?
Haley: I dunno, like, bath temperature? I guess just what I would find comfortable?
Ed: Uh-huh. And what would you feed her?
Haley: She’s four months, right? And she’s getting teeth? So...crackers? Or cake?
Ed: Yeah, you don’t know anything about babies. You’re not babysitting, and that’s final.

Scene 3: Ed and Anna discuss Haley

Jay: Hi honey, I’m home!
Anna: Jay! Your son is here!
Ed: Hi dad!
Jay: Hi! Well, I have to go up to the office – if you see Peter, tell him I’m upstairs.
Ed: Where’s Martin, Anna?
Anna: That naughty son of mine. He’s upstairs playing with his friend.
Ed: Anyway, I have got to tell you about Haley. She’s trying to babysit Lily for some reason and I asked her some basic questions to prove to her that she doesn’t know the first thing about babies. And guess what? She thinks you
can feed a four-month-old baby crackers!
Anna: That’s hilarious.
Ed: Yeah... the thing is, Kirsty has no idea that she’s so clueless and she’s been suggesting Haley as a sitter; I don’t want to offend Kirsty, you know? ‘Cause Haley is her step-niece and I think Kirsty’s trying to reach out to the family... but I really need to persuade her that Haley’s not competent.
[Peter enters]
Peter: Haley’s not competent? What do you mean?
Anna: Hi, Peter...What are you doing here?
Peter: Jay needed some help fixing his printer. What do you mean, Haley’s not competent?
Ed: Uh... as a babysitter.
Peter: What? That’s outrageous, Haley would make a great sitter. She loves Lily to pieces.
Ed: Yeah, Peter, that’s really not all that’s needed for someone to be good with babies.
Peter: You’ve got to give her a chance at some point.

Scene 4: Peter tells Claire
Peter: And I heard them talking about how stupid Haley is when it comes to babies and how she’d make such a terrible sitter! How awful is that?
Claire: Uh, yeah, honey...Haley really would be the world’s worst babysitter. I heard her say the other day that she saw some video about baby yoga where you swing the baby around by its ankles to get it used to having blood rush to its head.
Peter: Huh. So... you’re saying that we should let Ed talk Kirsty out of letting Haley babysit.
Claire: Yeah, probably.
Peter: But... if Haley found out that you knew what I’d heard she’d be really mad and upset with us.
Claire: Yeah, you’re right, she’d be sad that her mom didn’t stand up for her. So we just won’t let her find out that we know about it!",explicit,control,1,Claire is Haley’s mother.,Claire is Haley’s aunt.,a,-2.9453125,-3.353515625,-41.21875,-50.3125,"tensor(-9.2500, dtype=torch.float16);tensor(-0.0156, dtype=torch.float16);tensor(-4.4688, dtype=torch.float16);tensor(-6.8086, dtype=torch.float16);tensor(-0.0156, dtype=torch.float16);tensor(0., dtype=torch.float16);tensor(-1.8906, dtype=torch.float16);tensor(0., dtype=torch.float16);tensor(-1.2031, dtype=torch.float16);tensor(-0.9219, dtype=torch.float16);tensor(-10.4062, dtype=torch.float16);tensor(-0.0156, dtype=torch.float16);tensor(-0.2500, dtype=torch.float16);tensor(-5.9844, dtype=torch.float16)","tensor(-9.2500, dtype=torch.float16);tensor(-0.0156, dtype=torch.float16);tensor(-4.4688, dtype=torch.float16);tensor(-6.8086, dtype=torch.float16);tensor(-0.0156, dtype=torch.float16);tensor(0., dtype=torch.float16);tensor(-1.8906, dtype=torch.float16);tensor(0., dtype=torch.float16);tensor(-10.8125, dtype=torch.float16);tensor(-0.0938, dtype=torch.float16);tensor(-0.9531, dtype=torch.float16);tensor(-9.6172, dtype=torch.float16);tensor(-0.0156, dtype=torch.float16);tensor(-0.2422, dtype=torch.float16);tensor(-6.1289, dtype=torch.float16)",epitome_rm
3,Babysitting,implicit,"Scene 1: Haley plots (on phone)
Haley: Well, I know I’m grounded, but I figured even my parents would let me out to babysit, right? So my new stepdad, Peter, has this sister, Kirsty, who’s just adopted a baby with her husband Ed...and Ed’s really cool and relaxed so I figured I’d try to get him to let me babysit...

Scene 2: Haley tries to persuade Ed to let her babysit Lily
Haley: Come onnnnn! I just really need a break from my parents just for one night, and I know you need a babysitter...
Ed: Absolutely not. If you want a break you’re welcome to come to movie evening but you are not looking after Lily. What do you know about babies?
Haley: Like, everything...what do you think I don’t know?
Ed: Well, erm...OK, here’s one. It’s time to give Lily her bath. What temperature should the water be?
Haley: I dunno, like, bath temperature? I guess just what I would find comfortable?
Ed: Uh-huh. And what would you feed her?
Haley: She’s four months, right? And she’s getting teeth? So...crackers? Or cake?
Ed: Yeah, you don’t know anything about babies. You’re not babysitting, and that’s final.

Scene 3: Ed and Anna discuss Haley

Jay: Hi honey, I’m home!
Anna: Jay! Your son is here!
Ed: Hi dad!
Jay: Hi! Well, I have to go up to the office – if you see Peter, tell him I’m upstairs.
Ed: Where’s Martin, Anna?
Anna: That naughty son of mine. He’s upstairs playing with his friend.
Ed: Anyway, I have got to tell you about Haley. She’s trying to babysit Lily for some reason and I asked her some basic questions to prove to her that she doesn’t know the first thing about babies. And guess what? She thinks you
can feed a four-month-old baby crackers!
Anna: That’s hilarious.
Ed: Yeah... the thing is, Kirsty has no idea that she’s so clueless and she’s been suggesting Haley as a sitter; I don’t want to offend Kirsty, you know? ‘Cause Haley is her step-niece and I think Kirsty’s trying to reach out to the family... but I really need to persuade her that Haley’s not competent.
[Peter enters]
Peter: Haley’s not competent? What do you mean?
Anna: Hi, Peter...What are you doing here?
Peter: Jay needed some help fixing his printer. What do you mean, Haley’s not competent?
Ed: Uh... as a babysitter.
Peter: What? That’s outrageous, Haley would make a great sitter. She loves Lily to pieces.
Ed: Yeah, Peter, that’s really not all that’s needed for someone to be good with babies.
Peter: You’ve got to give her a chance at some point.

Scene 4: Peter tells Claire
Peter: And I heard them talking about how stupid Haley is when it comes to babies and how she’d make such a terrible sitter! How awful is that?
Claire: Uh, yeah, honey...Haley really would be the world’s worst babysitter. I heard her say the other day that she saw some video about baby yoga where you swing the baby around by its ankles to get it used to having blood rush to its head.
Peter: Huh. So... you’re saying that we should let Ed talk Kirsty out of letting Haley babysit.
Claire: Yeah, probably.
Peter: But... if Haley found out that you knew what I’d heard she’d be really mad and upset with us.
Claire: Yeah, you’re right, she’d be sad that her mom didn’t stand up for her. So we just won’t let her find out that we know about it!",explicit,control,2,Peter is Haley’s mother’s husband.,Peter is Haley’s mother’s brother.,a,-2.908203125,-3.0546875,-46.53125,-48.875,"tensor(-7.1172, dtype=torch.float16);tensor(-6.0469, dtype=torch.float16);tensor(-5.7812, dtype=torch.float16);tensor(-0.0469, dtype=torch.float16);tensor(0., dtype=torch.float16);tensor(-1.1641, dtype=torch.float16);tensor(0., dtype=torch.float16);tensor(-3.6562, dtype=torch.float16);tensor(-1.3281, dtype=torch.float16);tensor(0., dtype=torch.float16);tensor(-2.0938, dtype=torch.float16);tensor(-1.1797, dtype=torch.float16);tensor(-11.0781, dtype=torch.float16);tensor(-0.0156, dtype=torch.float16);tensor(-0.1484, dtype=torch.float16);tensor(-6.8633, dtype=torch.float16)","tensor(-7.1172, dtype=torch.float16);tensor(-6.0469, dtype=torch.float16);tensor(-5.7812, dtype=torch.float16);tensor(-0.0469, dtype=torch.float16);tensor(0., dtype=torch.float16);tensor(-1.1641, dtype=torch.float16);tensor(0., dtype=torch.float16);tensor(-3.6562, dtype=torch.float16);tensor(-1.3281, dtype=torch.float16);tensor(0., dtype=torch.float16);tensor(-5.4688, dtype=torch.float16);tensor(-1.1562, dtype=torch.float16);tensor(-10.9531, dtype=torch.float16);tensor(-0.0156, dtype=torch.float16);tensor(-0.1797, dtype=torch.float16);tensor(-5.9531, dtype=torch.float16)",epitome_rm
3,Babysitting,implicit,"Scene 1: Haley plots (on phone)
Haley: Well, I know I’m grounded, but I figured even my parents would let me out to babysit, right? So my new stepdad, Peter, has this sister, Kirsty, who’s just adopted a baby with her husband Ed...and Ed’s really cool and relaxed so I figured I’d try to get him to let me babysit...

Scene 2: Haley tries to persuade Ed to let her babysit Lily
Haley: Come onnnnn! I just really need a break from my parents just for one night, and I know you need a babysitter...
Ed: Absolutely not. If you want a break you’re welcome to come to movie evening but you are not looking after Lily. What do you know about babies?
Haley: Like, everything...what do you think I don’t know?
Ed: Well, erm...OK, here’s one. It’s time to give Lily her bath. What temperature should the water be?
Haley: I dunno, like, bath temperature? I guess just what I would find comfortable?
Ed: Uh-huh. And what would you feed her?
Haley: She’s four months, right? And she’s getting teeth? So...crackers? Or cake?
Ed: Yeah, you don’t know anything about babies. You’re not babysitting, and that’s final.

Scene 3: Ed and Anna discuss Haley

Jay: Hi honey, I’m home!
Anna: Jay! Your son is here!
Ed: Hi dad!
Jay: Hi! Well, I have to go up to the office – if you see Peter, tell him I’m upstairs.
Ed: Where’s Martin, Anna?
Anna: That naughty son of mine. He’s upstairs playing with his friend.
Ed: Anyway, I have got to tell you about Haley. She’s trying to babysit Lily for some reason and I asked her some basic questions to prove to her that she doesn’t know the first thing about babies. And guess what? She thinks you
can feed a four-month-old baby crackers!
Anna: That’s hilarious.
Ed: Yeah... the thing is, Kirsty has no idea that she’s so clueless and she’s been suggesting Haley as a sitter; I don’t want to offend Kirsty, you know? ‘Cause Haley is her step-niece and I think Kirsty’s trying to reach out to the family... but I really need to persuade her that Haley’s not competent.
[Peter enters]
Peter: Haley’s not competent? What do you mean?
Anna: Hi, Peter...What are you doing here?
Peter: Jay needed some help fixing his printer. What do you mean, Haley’s not competent?
Ed: Uh... as a babysitter.
Peter: What? That’s outrageous, Haley would make a great sitter. She loves Lily to pieces.
Ed: Yeah, Peter, that’s really not all that’s needed for someone to be good with babies.
Peter: You’ve got to give her a chance at some point.

Scene 4: Peter tells Claire
Peter: And I heard them talking about how stupid Haley is when it comes to babies and how she’d make such a terrible sitter! How awful is that?
Claire: Uh, yeah, honey...Haley really would be the world’s worst babysitter. I heard her say the other day that she saw some video about baby yoga where you swing the baby around by its ankles to get it used to having blood rush to its head.
Peter: Huh. So... you’re saying that we should let Ed talk Kirsty out of letting Haley babysit.
Claire: Yeah, probably.
Peter: But... if Haley found out that you knew what I’d heard she’d be really mad and upset with us.
Claire: Yeah, you’re right, she’d be sad that her mom didn’t stand up for her. So we just won’t let her find out that we know about it!",explicit,control,3,Kirsty is Haley’s mother’s husband’s sister.,Kirsty is Haley’s aunt’s husband’s cousin.,a,-2.533203125,-2.69140625,-53.21875,-59.1875,"tensor(-9.7500, dtype=torch.float16);tensor(-2.2500, dtype=torch.float16);tensor(0., dtype=torch.float16);tensor(-2.9844, dtype=torch.float16);tensor(-5.4531, dtype=torch.float16);tensor(0., dtype=torch.float16);tensor(0., dtype=torch.float16);tensor(-0.2344, dtype=torch.float16);tensor(0., dtype=torch.float16);tensor(-3.2500, dtype=torch.float16);tensor(-0.7969, dtype=torch.float16);tensor(0., dtype=torch.float16);tensor(-9.4375, dtype=torch.float16);tensor(-0.1250, dtype=torch.float16);tensor(0., dtype=torch.float16);tensor(-0.1094, dtype=torch.float16);tensor(-1.8125, dtype=torch.float16);tensor(-9.1484, dtype=torch.float16);tensor(-0.1562, dtype=torch.float16);tensor(-0.1172, dtype=torch.float16);tensor(-7.5820, dtype=torch.float16)","tensor(-9.7500, dtype=torch.float16);tensor(-2.2500, dtype=torch.float16);tensor(0., dtype=torch.float16);tensor(-2.9844, dtype=torch.float16);tensor(-5.4531, dtype=torch.float16);tensor(0., dtype=torch.float16);tensor(0., dtype=torch.float16);tensor(-0.2344, dtype=torch.float16);tensor(0., dtype=torch.float16);tensor(-2.5703, dtype=torch.float16);tensor(0., dtype=torch.float16);tensor(-7.2422, dtype=torch.float16);tensor(0., dtype=torch.float16);tensor(-1.5312, dtype=torch.float16);tensor(-0.1406, dtype=torch.float16);tensor(0., dtype=torch.float16);tensor(-6.8203, dtype=torch.float16);tensor(-2.7344, dtype=torch.float16);tensor(-8.9688, dtype=torch.float16);tensor(-0.6719, dtype=torch.float16);tensor(-0.1094, dtype=torch.float16);tensor(-7.7422, dtype=torch.float16)",epitome_rm
3,Babysitting,implicit,"Scene 1: Haley plots (on phone)
Haley: Well, I know I’m grounded, but I figured even my parents would let me out to babysit, right? So my new stepdad, Peter, has this sister, Kirsty, who’s just adopted a baby with her husband Ed...and Ed’s really cool and relaxed so I figured I’d try to get him to let me babysit...

Scene 2: Haley tries to persuade Ed to let her babysit Lily
Haley: Come onnnnn! I just really need a break from my parents just for one night, and I know you need a babysitter...
Ed: Absolutely not. If you want a break you’re welcome to come to movie evening but you are not looking after Lily. What do you know about babies?
Haley: Like, everything...what do you think I don’t know?
Ed: Well, erm...OK, here’s one. It’s time to give Lily her bath. What temperature should the water be?
Haley: I dunno, like, bath temperature? I guess just what I would find comfortable?
Ed: Uh-huh. And what would you feed her?
Haley: She’s four months, right? And she’s getting teeth? So...crackers? Or cake?
Ed: Yeah, you don’t know anything about babies. You’re not babysitting, and that’s final.

Scene 3: Ed and Anna discuss Haley

Jay: Hi honey, I’m home!
Anna: Jay! Your son is here!
Ed: Hi dad!
Jay: Hi! Well, I have to go up to the office – if you see Peter, tell him I’m upstairs.
Ed: Where’s Martin, Anna?
Anna: That naughty son of mine. He’s upstairs playing with his friend.
Ed: Anyway, I have got to tell you about Haley. She’s trying to babysit Lily for some reason and I asked her some basic questions to prove to her that she doesn’t know the first thing about babies. And guess what? She thinks you
can feed a four-month-old baby crackers!
Anna: That’s hilarious.
Ed: Yeah... the thing is, Kirsty has no idea that she’s so clueless and she’s been suggesting Haley as a sitter; I don’t want to offend Kirsty, you know? ‘Cause Haley is her step-niece and I think Kirsty’s trying to reach out to the family... but I really need to persuade her that Haley’s not competent.
[Peter enters]
Peter: Haley’s not competent? What do you mean?
Anna: Hi, Peter...What are you doing here?
Peter: Jay needed some help fixing his printer. What do you mean, Haley’s not competent?
Ed: Uh... as a babysitter.
Peter: What? That’s outrageous, Haley would make a great sitter. She loves Lily to pieces.
Ed: Yeah, Peter, that’s really not all that’s needed for someone to be good with babies.
Peter: You’ve got to give her a chance at some point.

Scene 4: Peter tells Claire
Peter: And I heard them talking about how stupid Haley is when it comes to babies and how she’d make such a terrible sitter! How awful is that?
Claire: Uh, yeah, honey...Haley really would be the world’s worst babysitter. I heard her say the other day that she saw some video about baby yoga where you swing the baby around by its ankles to get it used to having blood rush to its head.
Peter: Huh. So... you’re saying that we should let Ed talk Kirsty out of letting Haley babysit.
Claire: Yeah, probably.
Peter: But... if Haley found out that you knew what I’d heard she’d be really mad and upset with us.
Claire: Yeah, you’re right, she’d be sad that her mom didn’t stand up for her. So we just won’t let her find out that we know about it!",explicit,control,4,Ed is Haley’s mother’s husband’s sister’s husband.,Ed is Haley’s mother’s brother’s wife’s stepfather.,a,-2.380859375,-2.748046875,-52.375,-63.21875,"tensor(-12.7812, dtype=torch.float16);tensor(-3.0547, dtype=torch.float16);tensor(-7.0234, dtype=torch.float16);tensor(-0.0547, dtype=torch.float16);tensor(0., dtype=torch.float16);tensor(-0.7500, dtype=torch.float16);tensor(0., dtype=torch.float16);tensor(-5.0547, dtype=torch.float16);tensor(-1.3750, dtype=torch.float16);tensor(0., dtype=torch.float16);tensor(-1.7344, dtype=torch.float16);tensor(-2.4609, dtype=torch.float16);tensor(0., dtype=torch.float16);tensor(-0.3906, dtype=torch.float16);tensor(-0.1562, dtype=torch.float16);tensor(0., dtype=torch.float16);tensor(-0.0781, dtype=torch.float16);tensor(-1.2500, dtype=torch.float16);tensor(-8.6094, dtype=torch.float16);tensor(-0.0391, dtype=torch.float16);tensor(-0.0781, dtype=torch.float16);tensor(-7.4961, dtype=torch.float16)","tensor(-12.7812, dtype=torch.float16);tensor(-3.0547, dtype=torch.float16);tensor(-7.0234, dtype=torch.float16);tensor(-0.0547, dtype=torch.float16);tensor(0., dtype=torch.float16);tensor(-0.7500, dtype=torch.float16);tensor(0., dtype=torch.float16);tensor(-5.0547, dtype=torch.float16);tensor(-1.3750, dtype=torch.float16);tensor(0., dtype=torch.float16);tensor(-1.8672, dtype=torch.float16);tensor(-4.2656, dtype=torch.float16);tensor(0., dtype=torch.float16);tensor(-0.2812, dtype=torch.float16);tensor(-0.2656, dtype=torch.float16);tensor(0., dtype=torch.float16);tensor(-4.1250, dtype=torch.float16);tensor(-5.2500, dtype=torch.float16);tensor(-0.9453, dtype=torch.float16);tensor(-8.5391, dtype=torch.float16);tensor(-0.0469, dtype=torch.float16);tensor(-0.1016, dtype=torch.float16);tensor(-7.4258, dtype=torch.float16)",epitome_rm
3,Babysitting,implicit,"Scene 1: Haley plots (on phone)
Haley: Well, I know I’m grounded, but I figured even my parents would let me out to babysit, right? So my new stepdad, Peter, has this sister, Kirsty, who’s just adopted a baby with her husband Ed...and Ed’s really cool and relaxed so I figured I’d try to get him to let me babysit...

Scene 2: Haley tries to persuade Ed to let her babysit Lily
Haley: Come onnnnn! I just really need a break from my parents just for one night, and I know you need a babysitter...
Ed: Absolutely not. If you want a break you’re welcome to come to movie evening but you are not looking after Lily. What do you know about babies?
Haley: Like, everything...what do you think I don’t know?
Ed: Well, erm...OK, here’s one. It’s time to give Lily her bath. What temperature should the water be?
Haley: I dunno, like, bath temperature? I guess just what I would find comfortable?
Ed: Uh-huh. And what would you feed her?
Haley: She’s four months, right? And she’s getting teeth? So...crackers? Or cake?
Ed: Yeah, you don’t know anything about babies. You’re not babysitting, and that’s final.

Scene 3: Ed and Anna discuss Haley

Jay: Hi honey, I’m home!
Anna: Jay! Your son is here!
Ed: Hi dad!
Jay: Hi! Well, I have to go up to the office – if you see Peter, tell him I’m upstairs.
Ed: Where’s Martin, Anna?
Anna: That naughty son of mine. He’s upstairs playing with his friend.
Ed: Anyway, I have got to tell you about Haley. She’s trying to babysit Lily for some reason and I asked her some basic questions to prove to her that she doesn’t know the first thing about babies. And guess what? She thinks you
can feed a four-month-old baby crackers!
Anna: That’s hilarious.
Ed: Yeah... the thing is, Kirsty has no idea that she’s so clueless and she’s been suggesting Haley as a sitter; I don’t want to offend Kirsty, you know? ‘Cause Haley is her step-niece and I think Kirsty’s trying to reach out to the family... but I really need to persuade her that Haley’s not competent.
[Peter enters]
Peter: Haley’s not competent? What do you mean?
Anna: Hi, Peter...What are you doing here?
Peter: Jay needed some help fixing his printer. What do you mean, Haley’s not competent?
Ed: Uh... as a babysitter.
Peter: What? That’s outrageous, Haley would make a great sitter. She loves Lily to pieces.
Ed: Yeah, Peter, that’s really not all that’s needed for someone to be good with babies.
Peter: You’ve got to give her a chance at some point.

Scene 4: Peter tells Claire
Peter: And I heard them talking about how stupid Haley is when it comes to babies and how she’d make such a terrible sitter! How awful is that?
Claire: Uh, yeah, honey...Haley really would be the world’s worst babysitter. I heard her say the other day that she saw some video about baby yoga where you swing the baby around by its ankles to get it used to having blood rush to its head.
Peter: Huh. So... you’re saying that we should let Ed talk Kirsty out of letting Haley babysit.
Claire: Yeah, probably.
Peter: But... if Haley found out that you knew what I’d heard she’d be really mad and upset with us.
Claire: Yeah, you’re right, she’d be sad that her mom didn’t stand up for her. So we just won’t let her find out that we know about it!",explicit,control,5,Jay is Haley’s mother’s husband’s sister’s husband’s father.,Jay is Haley’s mother’s husband’s brother’s wife’s father.,a,-2.578125,-2.521484375,-64.4375,-63.03125,"tensor(-13.1250, dtype=torch.float16);tensor(-3.6406, dtype=torch.float16);tensor(-7.8945, dtype=torch.float16);tensor(-0.0938, dtype=torch.float16);tensor(0., dtype=torch.float16);tensor(-0.8203, dtype=torch.float16);tensor(0., dtype=torch.float16);tensor(-4.5625, dtype=torch.float16);tensor(-2.7734, dtype=torch.float16);tensor(0., dtype=torch.float16);tensor(-1.7969, dtype=torch.float16);tensor(-4.8906, dtype=torch.float16);tensor(-0.0156, dtype=torch.float16);tensor(-3.2031, dtype=torch.float16);tensor(-0.3906, dtype=torch.float16);tensor(0., dtype=torch.float16);tensor(-0.1250, dtype=torch.float16);tensor(-2.0547, dtype=torch.float16);tensor(0., dtype=torch.float16);tensor(-3.3203, dtype=torch.float16);tensor(-0.7422, dtype=torch.float16);tensor(-7.9102, dtype=torch.float16);tensor(-0.0625, dtype=torch.float16);tensor(-0.1094, dtype=torch.float16);tensor(-6.9062, dtype=torch.float16)","tensor(-13.1250, dtype=torch.float16);tensor(-3.6406, dtype=torch.float16);tensor(-7.8945, dtype=torch.float16);tensor(-0.0938, dtype=torch.float16);tensor(0., dtype=torch.float16);tensor(-0.8203, dtype=torch.float16);tensor(0., dtype=torch.float16);tensor(-4.5625, dtype=torch.float16);tensor(-2.7734, dtype=torch.float16);tensor(0., dtype=torch.float16);tensor(-1.7969, dtype=torch.float16);tensor(-4.8906, dtype=torch.float16);tensor(-0.0156, dtype=torch.float16);tensor(-0.6719, dtype=torch.float16);tensor(-1.6094, dtype=torch.float16);tensor(0., dtype=torch.float16);tensor(-0.1406, dtype=torch.float16);tensor(-0.6172, dtype=torch.float16);tensor(0., dtype=torch.float16);tensor(-4.2891, dtype=torch.float16);tensor(-0.8750, dtype=torch.float16);tensor(-7.9258, dtype=torch.float16);tensor(-0.0781, dtype=torch.float16);tensor(-0.1094, dtype=torch.float16);tensor(-7.1133, dtype=torch.float16)",epitome_rm
3,Babysitting,implicit,"Scene 1: Haley plots (on phone)
Haley: Well, I know I’m grounded, but I figured even my parents would let me out to babysit, right? So my new stepdad, Peter, has this sister, Kirsty, who’s just adopted a baby with her husband Ed...and Ed’s really cool and relaxed so I figured I’d try to get him to let me babysit...

Scene 2: Haley tries to persuade Ed to let her babysit Lily
Haley: Come onnnnn! I just really need a break from my parents just for one night, and I know you need a babysitter...
Ed: Absolutely not. If you want a break you’re welcome to come to movie evening but you are not looking after Lily. What do you know about babies?
Haley: Like, everything...what do you think I don’t know?
Ed: Well, erm...OK, here’s one. It’s time to give Lily her bath. What temperature should the water be?
Haley: I dunno, like, bath temperature? I guess just what I would find comfortable?
Ed: Uh-huh. And what would you feed her?
Haley: She’s four months, right? And she’s getting teeth? So...crackers? Or cake?
Ed: Yeah, you don’t know anything about babies. You’re not babysitting, and that’s final.

Scene 3: Ed and Anna discuss Haley

Jay: Hi honey, I’m home!
Anna: Jay! Your son is here!
Ed: Hi dad!
Jay: Hi! Well, I have to go up to the office – if you see Peter, tell him I’m upstairs.
Ed: Where’s Martin, Anna?
Anna: That naughty son of mine. He’s upstairs playing with his friend.
Ed: Anyway, I have got to tell you about Haley. She’s trying to babysit Lily for some reason and I asked her some basic questions to prove to her that she doesn’t know the first thing about babies. And guess what? She thinks you
can feed a four-month-old baby crackers!
Anna: That’s hilarious.
Ed: Yeah... the thing is, Kirsty has no idea that she’s so clueless and she’s been suggesting Haley as a sitter; I don’t want to offend Kirsty, you know? ‘Cause Haley is her step-niece and I think Kirsty’s trying to reach out to the family... but I really need to persuade her that Haley’s not competent.
[Peter enters]
Peter: Haley’s not competent? What do you mean?
Anna: Hi, Peter...What are you doing here?
Peter: Jay needed some help fixing his printer. What do you mean, Haley’s not competent?
Ed: Uh... as a babysitter.
Peter: What? That’s outrageous, Haley would make a great sitter. She loves Lily to pieces.
Ed: Yeah, Peter, that’s really not all that’s needed for someone to be good with babies.
Peter: You’ve got to give her a chance at some point.

Scene 4: Peter tells Claire
Peter: And I heard them talking about how stupid Haley is when it comes to babies and how she’d make such a terrible sitter! How awful is that?
Claire: Uh, yeah, honey...Haley really would be the world’s worst babysitter. I heard her say the other day that she saw some video about baby yoga where you swing the baby around by its ankles to get it used to having blood rush to its head.
Peter: Huh. So... you’re saying that we should let Ed talk Kirsty out of letting Haley babysit.
Claire: Yeah, probably.
Peter: But... if Haley found out that you knew what I’d heard she’d be really mad and upset with us.
Claire: Yeah, you’re right, she’d be sad that her mom didn’t stand up for her. So we just won’t let her find out that we know about it!",explicit,control,6,Anna is Haley’s mother’s husband’s sister’s husband’s father’s wife.,Anna is Haley’s father’s wife’s brother’s wife’s father’s sister.,a,-2.529296875,-2.43359375,-70.8125,-68.125,"tensor(-11.0234, dtype=torch.float16);tensor(-4.7500, dtype=torch.float16);tensor(-5.3906, dtype=torch.float16);tensor(-0.0234, dtype=torch.float16);tensor(0., dtype=torch.float16);tensor(-0.7344, dtype=torch.float16);tensor(0., dtype=torch.float16);tensor(-2.9531, dtype=torch.float16);tensor(-5.3984, dtype=torch.float16);tensor(0., dtype=torch.float16);tensor(-8.7578, dtype=torch.float16);tensor(-0.8828, dtype=torch.float16);tensor(0., dtype=torch.float16);tensor(-0.3594, dtype=torch.float16);tensor(-1.8125, dtype=torch.float16);tensor(0., dtype=torch.float16);tensor(-0.1094, dtype=torch.float16);tensor(-1.7344, dtype=torch.float16);tensor(0., dtype=torch.float16);tensor(-4.2891, dtype=torch.float16);tensor(-2.6172, dtype=torch.float16);tensor(0., dtype=torch.float16);tensor(-1.8516, dtype=torch.float16);tensor(-0.7188, dtype=torch.float16);tensor(-8.3438, dtype=torch.float16);tensor(-0.1328, dtype=torch.float16);tensor(-0.0781, dtype=torch.float16);tensor(-8.8672, dtype=torch.float16)","tensor(-11.0234, dtype=torch.float16);tensor(-4.7500, dtype=torch.float16);tensor(-5.3906, dtype=torch.float16);tensor(-0.0234, dtype=torch.float16);tensor(0., dtype=torch.float16);tensor(-0.7344, dtype=torch.float16);tensor(0., dtype=torch.float16);tensor(-6.1328, dtype=torch.float16);tensor(-1.1562, dtype=torch.float16);tensor(0., dtype=torch.float16);tensor(-1.2891, dtype=torch.float16);tensor(-5.9844, dtype=torch.float16);tensor(-0.0156, dtype=torch.float16);tensor(-3.1562, dtype=torch.float16);tensor(-0.1719, dtype=torch.float16);tensor(0., dtype=torch.float16);tensor(-0.1250, dtype=torch.float16);tensor(-1.6562, dtype=torch.float16);tensor(0., dtype=torch.float16);tensor(-5.8281, dtype=torch.float16);tensor(-1.8828, dtype=torch.float16);tensor(0., dtype=torch.float16);tensor(-0.8750, dtype=torch.float16);tensor(-1.4141, dtype=torch.float16);tensor(-7.9219, dtype=torch.float16);tensor(-0.2500, dtype=torch.float16);tensor(-0.0781, dtype=torch.float16);tensor(-8.2734, dtype=torch.float16)",epitome_rm
3,Babysitting,implicit,"Scene 1: Haley plots (on phone)
Haley: Well, I know I’m grounded, but I figured even my parents would let me out to babysit, right? So my new stepdad, Peter, has this sister, Kirsty, who’s just adopted a baby with her husband Ed...and Ed’s really cool and relaxed so I figured I’d try to get him to let me babysit...

Scene 2: Haley tries to persuade Ed to let her babysit Lily
Haley: Come onnnnn! I just really need a break from my parents just for one night, and I know you need a babysitter...
Ed: Absolutely not. If you want a break you’re welcome to come to movie evening but you are not looking after Lily. What do you know about babies?
Haley: Like, everything...what do you think I don’t know?
Ed: Well, erm...OK, here’s one. It’s time to give Lily her bath. What temperature should the water be?
Haley: I dunno, like, bath temperature? I guess just what I would find comfortable?
Ed: Uh-huh. And what would you feed her?
Haley: She’s four months, right? And she’s getting teeth? So...crackers? Or cake?
Ed: Yeah, you don’t know anything about babies. You’re not babysitting, and that’s final.

Scene 3: Ed and Anna discuss Haley

Jay: Hi honey, I’m home!
Anna: Jay! Your son is here!
Ed: Hi dad!
Jay: Hi! Well, I have to go up to the office – if you see Peter, tell him I’m upstairs.
Ed: Where’s Martin, Anna?
Anna: That naughty son of mine. He’s upstairs playing with his friend.
Ed: Anyway, I have got to tell you about Haley. She’s trying to babysit Lily for some reason and I asked her some basic questions to prove to her that she doesn’t know the first thing about babies. And guess what? She thinks you
can feed a four-month-old baby crackers!
Anna: That’s hilarious.
Ed: Yeah... the thing is, Kirsty has no idea that she’s so clueless and she’s been suggesting Haley as a sitter; I don’t want to offend Kirsty, you know? ‘Cause Haley is her step-niece and I think Kirsty’s trying to reach out to the family... but I really need to persuade her that Haley’s not competent.
[Peter enters]
Peter: Haley’s not competent? What do you mean?
Anna: Hi, Peter...What are you doing here?
Peter: Jay needed some help fixing his printer. What do you mean, Haley’s not competent?
Ed: Uh... as a babysitter.
Peter: What? That’s outrageous, Haley would make a great sitter. She loves Lily to pieces.
Ed: Yeah, Peter, that’s really not all that’s needed for someone to be good with babies.
Peter: You’ve got to give her a chance at some point.

Scene 4: Peter tells Claire
Peter: And I heard them talking about how stupid Haley is when it comes to babies and how she’d make such a terrible sitter! How awful is that?
Claire: Uh, yeah, honey...Haley really would be the world’s worst babysitter. I heard her say the other day that she saw some video about baby yoga where you swing the baby around by its ankles to get it used to having blood rush to its head.
Peter: Huh. So... you’re saying that we should let Ed talk Kirsty out of letting Haley babysit.
Claire: Yeah, probably.
Peter: But... if Haley found out that you knew what I’d heard she’d be really mad and upset with us.
Claire: Yeah, you’re right, she’d be sad that her mom didn’t stand up for her. So we just won’t let her find out that we know about it!",explicit,control,7,Martin is Haley’s mother’s husband’s sister’s husband’s father’s wife’s son.,Martin is Haley’s mother’s husband’s brother’s wife’s father’s sister’s son.,a,-2.541015625,-2.4765625,-78.75,-76.8125,"tensor(-15.8125, dtype=torch.float16);tensor(-4.1250, dtype=torch.float16);tensor(-5.2812, dtype=torch.float16);tensor(-0.0781, dtype=torch.float16);tensor(0., dtype=torch.float16);tensor(-0.7969, dtype=torch.float16);tensor(0., dtype=torch.float16);tensor(-8.8203, dtype=torch.float16);tensor(-2.8672, dtype=torch.float16);tensor(0., dtype=torch.float16);tensor(-4.7266, dtype=torch.float16);tensor(-4.2031, dtype=torch.float16);tensor(0., dtype=torch.float16);tensor(-1.1719, dtype=torch.float16);tensor(-0.6094, dtype=torch.float16);tensor(0., dtype=torch.float16);tensor(-0.5625, dtype=torch.float16);tensor(-1.4375, dtype=torch.float16);tensor(0., dtype=torch.float16);tensor(-4.4453, dtype=torch.float16);tensor(-2.4766, dtype=torch.float16);tensor(0., dtype=torch.float16);tensor(-2.9531, dtype=torch.float16);tensor(-0.9609, dtype=torch.float16);tensor(0., dtype=torch.float16);tensor(-1.2891, dtype=torch.float16);tensor(-0.7266, dtype=torch.float16);tensor(-7.8086, dtype=torch.float16);tensor(-0.1641, dtype=torch.float16);tensor(-0.1094, dtype=torch.float16);tensor(-7.3398, dtype=torch.float16)","tensor(-15.8125, dtype=torch.float16);tensor(-4.1250, dtype=torch.float16);tensor(-5.2812, dtype=torch.float16);tensor(-0.0781, dtype=torch.float16);tensor(0., dtype=torch.float16);tensor(-0.7969, dtype=torch.float16);tensor(0., dtype=torch.float16);tensor(-8.8203, dtype=torch.float16);tensor(-2.8672, dtype=torch.float16);tensor(0., dtype=torch.float16);tensor(-4.7266, dtype=torch.float16);tensor(-4.2031, dtype=torch.float16);tensor(0., dtype=torch.float16);tensor(-1.2031, dtype=torch.float16);tensor(-1.0547, dtype=torch.float16);tensor(0., dtype=torch.float16);tensor(-0.7344, dtype=torch.float16);tensor(-0.8203, dtype=torch.float16);tensor(0., dtype=torch.float16);tensor(-5.0312, dtype=torch.float16);tensor(-2.4531, dtype=torch.float16);tensor(0., dtype=torch.float16);tensor(-1.4062, dtype=torch.float16);tensor(-0.3281, dtype=torch.float16);tensor(0., dtype=torch.float16);tensor(-0.9375, dtype=torch.float16);tensor(-0.8594, dtype=torch.float16);tensor(-7.9219, dtype=torch.float16);tensor(-0.2188, dtype=torch.float16);tensor(-0.1094, dtype=torch.float16);tensor(-7., dtype=torch.float16)",epitome_rm
3,Babysitting,implicit,"Scene 1: Haley plots (on phone)
Haley: Well, I know I’m grounded, but I figured even my parents would let me out to babysit, right? So my new stepdad, Peter, has this sister, Kirsty, who’s just adopted a baby with her husband Ed...and Ed’s really cool and relaxed so I figured I’d try to get him to let me babysit...

Scene 2: Haley tries to persuade Ed to let her babysit Lily
Haley: Come onnnnn! I just really need a break from my parents just for one night, and I know you need a babysitter...
Ed: Absolutely not. If you want a break you’re welcome to come to movie evening but you are not looking after Lily. What do you know about babies?
Haley: Like, everything...what do you think I don’t know?
Ed: Well, erm...OK, here’s one. It’s time to give Lily her bath. What temperature should the water be?
Haley: I dunno, like, bath temperature? I guess just what I would find comfortable?
Ed: Uh-huh. And what would you feed her?
Haley: She’s four months, right? And she’s getting teeth? So...crackers? Or cake?
Ed: Yeah, you don’t know anything about babies. You’re not babysitting, and that’s final.

Scene 3: Ed and Anna discuss Haley

Jay: Hi honey, I’m home!
Anna: Jay! Your son is here!
Ed: Hi dad!
Jay: Hi! Well, I have to go up to the office – if you see Peter, tell him I’m upstairs.
Ed: Where’s Martin, Anna?
Anna: That naughty son of mine. He’s upstairs playing with his friend.
Ed: Anyway, I have got to tell you about Haley. She’s trying to babysit Lily for some reason and I asked her some basic questions to prove to her that she doesn’t know the first thing about babies. And guess what? She thinks you
can feed a four-month-old baby crackers!
Anna: That’s hilarious.
Ed: Yeah... the thing is, Kirsty has no idea that she’s so clueless and she’s been suggesting Haley as a sitter; I don’t want to offend Kirsty, you know? ‘Cause Haley is her step-niece and I think Kirsty’s trying to reach out to the family... but I really need to persuade her that Haley’s not competent.
[Peter enters]
Peter: Haley’s not competent? What do you mean?
Anna: Hi, Peter...What are you doing here?
Peter: Jay needed some help fixing his printer. What do you mean, Haley’s not competent?
Ed: Uh... as a babysitter.
Peter: What? That’s outrageous, Haley would make a great sitter. She loves Lily to pieces.
Ed: Yeah, Peter, that’s really not all that’s needed for someone to be good with babies.
Peter: You’ve got to give her a chance at some point.

Scene 4: Peter tells Claire
Peter: And I heard them talking about how stupid Haley is when it comes to babies and how she’d make such a terrible sitter! How awful is that?
Claire: Uh, yeah, honey...Haley really would be the world’s worst babysitter. I heard her say the other day that she saw some video about baby yoga where you swing the baby around by its ankles to get it used to having blood rush to its head.
Peter: Huh. So... you’re saying that we should let Ed talk Kirsty out of letting Haley babysit.
Claire: Yeah, probably.
Peter: But... if Haley found out that you knew what I’d heard she’d be really mad and upset with us.
Claire: Yeah, you’re right, she’d be sad that her mom didn’t stand up for her. So we just won’t let her find out that we know about it!",implicit,mental,1,Haley: How should I know when to change Lily’s nappy?,Haley: It’s important to sterilise the bottle before giving it to her.,a,-2.81640625,-3.138671875,-61.9375,-78.4375,"tensor(-6.9688, dtype=torch.float16);tensor(-4.3672, dtype=torch.float16);tensor(0., dtype=torch.float16);tensor(-2.7500, dtype=torch.float16);tensor(-6.2266, dtype=torch.float16);tensor(-7.9922, dtype=torch.float16);tensor(-0.2656, dtype=torch.float16);tensor(-1.5859, dtype=torch.float16);tensor(-5.5859, dtype=torch.float16);tensor(-1.5547, dtype=torch.float16);tensor(-3.6250, dtype=torch.float16);tensor(-0.2812, dtype=torch.float16);tensor(0., dtype=torch.float16);tensor(-0.1562, dtype=torch.float16);tensor(0., dtype=torch.float16);tensor(-2.6797, dtype=torch.float16);tensor(0., dtype=torch.float16);tensor(-0.0469, dtype=torch.float16);tensor(-8.0781, dtype=torch.float16);tensor(-3.6484, dtype=torch.float16);tensor(-0.1719, dtype=torch.float16);tensor(-5.9609, dtype=torch.float16)","tensor(-6.9688, dtype=torch.float16);tensor(-4.3672, dtype=torch.float16);tensor(0., dtype=torch.float16);tensor(-2.7500, dtype=torch.float16);tensor(-6.2930, dtype=torch.float16);tensor(-0.9688, dtype=torch.float16);tensor(-0.0312, dtype=torch.float16);tensor(-6.7891, dtype=torch.float16);tensor(-0.4688, dtype=torch.float16);tensor(-15.0391, dtype=torch.float16);tensor(0., dtype=torch.float16);tensor(-4.6250, dtype=torch.float16);tensor(-1.2500, dtype=torch.float16);tensor(-1.7734, dtype=torch.float16);tensor(-2.1094, dtype=torch.float16);tensor(-1.3281, dtype=torch.float16);tensor(-1.3047, dtype=torch.float16);tensor(-0.1875, dtype=torch.float16);tensor(0., dtype=torch.float16);tensor(-3.3438, dtype=torch.float16);tensor(-1.0781, dtype=torch.float16);tensor(-8.5000, dtype=torch.float16);tensor(-0.8750, dtype=torch.float16);tensor(-0.0312, dtype=torch.float16);tensor(-8.3672, dtype=torch.float16)",epitome_rm
3,Babysitting,implicit,"Scene 1: Haley plots (on phone)
Haley: Well, I know I’m grounded, but I figured even my parents would let me out to babysit, right? So my new stepdad, Peter, has this sister, Kirsty, who’s just adopted a baby with her husband Ed...and Ed’s really cool and relaxed so I figured I’d try to get him to let me babysit...

Scene 2: Haley tries to persuade Ed to let her babysit Lily
Haley: Come onnnnn! I just really need a break from my parents just for one night, and I know you need a babysitter...
Ed: Absolutely not. If you want a break you’re welcome to come to movie evening but you are not looking after Lily. What do you know about babies?
Haley: Like, everything...what do you think I don’t know?
Ed: Well, erm...OK, here’s one. It’s time to give Lily her bath. What temperature should the water be?
Haley: I dunno, like, bath temperature? I guess just what I would find comfortable?
Ed: Uh-huh. And what would you feed her?
Haley: She’s four months, right? And she’s getting teeth? So...crackers? Or cake?
Ed: Yeah, you don’t know anything about babies. You’re not babysitting, and that’s final.

Scene 3: Ed and Anna discuss Haley

Jay: Hi honey, I’m home!
Anna: Jay! Your son is here!
Ed: Hi dad!
Jay: Hi! Well, I have to go up to the office – if you see Peter, tell him I’m upstairs.
Ed: Where’s Martin, Anna?
Anna: That naughty son of mine. He’s upstairs playing with his friend.
Ed: Anyway, I have got to tell you about Haley. She’s trying to babysit Lily for some reason and I asked her some basic questions to prove to her that she doesn’t know the first thing about babies. And guess what? She thinks you
can feed a four-month-old baby crackers!
Anna: That’s hilarious.
Ed: Yeah... the thing is, Kirsty has no idea that she’s so clueless and she’s been suggesting Haley as a sitter; I don’t want to offend Kirsty, you know? ‘Cause Haley is her step-niece and I think Kirsty’s trying to reach out to the family... but I really need to persuade her that Haley’s not competent.
[Peter enters]
Peter: Haley’s not competent? What do you mean?
Anna: Hi, Peter...What are you doing here?
Peter: Jay needed some help fixing his printer. What do you mean, Haley’s not competent?
Ed: Uh... as a babysitter.
Peter: What? That’s outrageous, Haley would make a great sitter. She loves Lily to pieces.
Ed: Yeah, Peter, that’s really not all that’s needed for someone to be good with babies.
Peter: You’ve got to give her a chance at some point.

Scene 4: Peter tells Claire
Peter: And I heard them talking about how stupid Haley is when it comes to babies and how she’d make such a terrible sitter! How awful is that?
Claire: Uh, yeah, honey...Haley really would be the world’s worst babysitter. I heard her say the other day that she saw some video about baby yoga where you swing the baby around by its ankles to get it used to having blood rush to its head.
Peter: Huh. So... you’re saying that we should let Ed talk Kirsty out of letting Haley babysit.
Claire: Yeah, probably.
Peter: But... if Haley found out that you knew what I’d heard she’d be really mad and upset with us.
Claire: Yeah, you’re right, she’d be sad that her mom didn’t stand up for her. So we just won’t let her find out that we know about it!",implicit,mental,2,Ed: Kirsty thinks it would be a great idea to get Haley to babysit.,"Ed: Nah, Kirsty would never want Haley to babysit - she knows Haley’s clueless about babies.",a,-2.28125,-2.05078125,-61.59375,-80.0,"tensor(-12.7812, dtype=torch.float16);tensor(-2.4844, dtype=torch.float16);tensor(-5.6953, dtype=torch.float16);tensor(-0.0312, dtype=torch.float16);tensor(0., dtype=torch.float16);tensor(-6.1094, dtype=torch.float16);tensor(-2.3984, dtype=torch.float16);tensor(-1.2031, dtype=torch.float16);tensor(-0.0156, dtype=torch.float16);tensor(-1.8750, dtype=torch.float16);tensor(-0.6406, dtype=torch.float16);tensor(-0.6875, dtype=torch.float16);tensor(-1.5000, dtype=torch.float16);tensor(-3.1719, dtype=torch.float16);tensor(-0.0625, dtype=torch.float16);tensor(0., dtype=torch.float16);tensor(0., dtype=torch.float16);tensor(-0.9609, dtype=torch.float16);tensor(-0.0625, dtype=torch.float16);tensor(0., dtype=torch.float16);tensor(0., dtype=torch.float16);tensor(0., dtype=torch.float16);tensor(-2.3203, dtype=torch.float16);tensor(-10.0547, dtype=torch.float16);tensor(-1.3359, dtype=torch.float16);tensor(-0.0391, dtype=torch.float16);tensor(-8.1719, dtype=torch.float16)","tensor(-12.7812, dtype=torch.float16);tensor(-2.4844, dtype=torch.float16);tensor(-8.8125, dtype=torch.float16);tensor(-0.4219, dtype=torch.float16);tensor(-0.1250, dtype=torch.float16);tensor(-4.8906, dtype=torch.float16);tensor(0., dtype=torch.float16);tensor(0., dtype=torch.float16);tensor(-3.3125, dtype=torch.float16);tensor(-0.7656, dtype=torch.float16);tensor(-7.6172, dtype=torch.float16);tensor(-0.3906, dtype=torch.float16);tensor(0., dtype=torch.float16);tensor(0., dtype=torch.float16);tensor(-1.1562, dtype=torch.float16);tensor(-0.1094, dtype=torch.float16);tensor(0., dtype=torch.float16);tensor(0., dtype=torch.float16);tensor(0., dtype=torch.float16);tensor(-6.4219, dtype=torch.float16);tensor(-0.6875, dtype=torch.float16);tensor(-1.9766, dtype=torch.float16);tensor(-2.2422, dtype=torch.float16);tensor(0., dtype=torch.float16);tensor(0., dtype=torch.float16);tensor(-1.2969, dtype=torch.float16);tensor(0., dtype=torch.float16);tensor(-3.6328, dtype=torch.float16);tensor(0., dtype=torch.float16);tensor(0., dtype=torch.float16);tensor(-2.3281, dtype=torch.float16);tensor(-0.1250, dtype=torch.float16);tensor(0., dtype=torch.float16);tensor(0., dtype=torch.float16);tensor(-0.8594, dtype=torch.float16);tensor(-9.4062, dtype=torch.float16);tensor(-0.9062, dtype=torch.float16);tensor(-0.0547, dtype=torch.float16);tensor(-7.1914, dtype=torch.float16)",epitome_rm
3,Babysitting,implicit,"Scene 1: Haley plots (on phone)
Haley: Well, I know I’m grounded, but I figured even my parents would let me out to babysit, right? So my new stepdad, Peter, has this sister, Kirsty, who’s just adopted a baby with her husband Ed...and Ed’s really cool and relaxed so I figured I’d try to get him to let me babysit...

Scene 2: Haley tries to persuade Ed to let her babysit Lily
Haley: Come onnnnn! I just really need a break from my parents just for one night, and I know you need a babysitter...
Ed: Absolutely not. If you want a break you’re welcome to come to movie evening but you are not looking after Lily. What do you know about babies?
Haley: Like, everything...what do you think I don’t know?
Ed: Well, erm...OK, here’s one. It’s time to give Lily her bath. What temperature should the water be?
Haley: I dunno, like, bath temperature? I guess just what I would find comfortable?
Ed: Uh-huh. And what would you feed her?
Haley: She’s four months, right? And she’s getting teeth? So...crackers? Or cake?
Ed: Yeah, you don’t know anything about babies. You’re not babysitting, and that’s final.

Scene 3: Ed and Anna discuss Haley

Jay: Hi honey, I’m home!
Anna: Jay! Your son is here!
Ed: Hi dad!
Jay: Hi! Well, I have to go up to the office – if you see Peter, tell him I’m upstairs.
Ed: Where’s Martin, Anna?
Anna: That naughty son of mine. He’s upstairs playing with his friend.
Ed: Anyway, I have got to tell you about Haley. She’s trying to babysit Lily for some reason and I asked her some basic questions to prove to her that she doesn’t know the first thing about babies. And guess what? She thinks you
can feed a four-month-old baby crackers!
Anna: That’s hilarious.
Ed: Yeah... the thing is, Kirsty has no idea that she’s so clueless and she’s been suggesting Haley as a sitter; I don’t want to offend Kirsty, you know? ‘Cause Haley is her step-niece and I think Kirsty’s trying to reach out to the family... but I really need to persuade her that Haley’s not competent.
[Peter enters]
Peter: Haley’s not competent? What do you mean?
Anna: Hi, Peter...What are you doing here?
Peter: Jay needed some help fixing his printer. What do you mean, Haley’s not competent?
Ed: Uh... as a babysitter.
Peter: What? That’s outrageous, Haley would make a great sitter. She loves Lily to pieces.
Ed: Yeah, Peter, that’s really not all that’s needed for someone to be good with babies.
Peter: You’ve got to give her a chance at some point.

Scene 4: Peter tells Claire
Peter: And I heard them talking about how stupid Haley is when it comes to babies and how she’d make such a terrible sitter! How awful is that?
Claire: Uh, yeah, honey...Haley really would be the world’s worst babysitter. I heard her say the other day that she saw some video about baby yoga where you swing the baby around by its ankles to get it used to having blood rush to its head.
Peter: Huh. So... you’re saying that we should let Ed talk Kirsty out of letting Haley babysit.
Claire: Yeah, probably.
Peter: But... if Haley found out that you knew what I’d heard she’d be really mad and upset with us.
Claire: Yeah, you’re right, she’d be sad that her mom didn’t stand up for her. So we just won’t let her find out that we know about it!",implicit,mental,3,Ed: I really need to persuade Kirsty that Haley doesn’t know nearly enough about babies to look after Lily.,Ed: I can’t let Kirsty find out that Haley’s clueless about babies! Kirsty would be so mad at me for thinking that.,a,-1.8740234375,-2.126953125,-65.625,-91.5,"tensor(-12.7812, dtype=torch.float16);tensor(-2.4844, dtype=torch.float16);tensor(-5.5469, dtype=torch.float16);tensor(-4.3203, dtype=torch.float16);tensor(-3.5938, dtype=torch.float16);tensor(-0.3438, dtype=torch.float16);tensor(-2.1094, dtype=torch.float16);tensor(0., dtype=torch.float16);tensor(-0.1250, dtype=torch.float16);tensor(0., dtype=torch.float16);tensor(0., dtype=torch.float16);tensor(-0.4375, dtype=torch.float16);tensor(-0.0469, dtype=torch.float16);tensor(0., dtype=torch.float16);tensor(0., dtype=torch.float16);tensor(-6.0703, dtype=torch.float16);tensor(-0.0312, dtype=torch.float16);tensor(0., dtype=torch.float16);tensor(-0.2500, dtype=torch.float16);tensor(-7.8828, dtype=torch.float16);tensor(-0.1094, dtype=torch.float16);tensor(-1.3438, dtype=torch.float16);tensor(-0.1250, dtype=torch.float16);tensor(0., dtype=torch.float16);tensor(-0.1562, dtype=torch.float16);tensor(-0.3281, dtype=torch.float16);tensor(-1.3125, dtype=torch.float16);tensor(0., dtype=torch.float16);tensor(-0.0938, dtype=torch.float16);tensor(0., dtype=torch.float16);tensor(-0.3906, dtype=torch.float16);tensor(-9.5000, dtype=torch.float16);tensor(-0.1406, dtype=torch.float16);tensor(-0.0703, dtype=torch.float16);tensor(-6.0078, dtype=torch.float16)","tensor(-12.7812, dtype=torch.float16);tensor(-2.4844, dtype=torch.float16);tensor(-5.5469, dtype=torch.float16);tensor(-1.8359, dtype=torch.float16);tensor(-0.4219, dtype=torch.float16);tensor(0., dtype=torch.float16);tensor(-2.7891, dtype=torch.float16);tensor(-2.7031, dtype=torch.float16);tensor(0., dtype=torch.float16);tensor(0., dtype=torch.float16);tensor(-4.1953, dtype=torch.float16);tensor(-0.0156, dtype=torch.float16);tensor(-0.9219, dtype=torch.float16);tensor(-1.8906, dtype=torch.float16);tensor(0., dtype=torch.float16);tensor(0., dtype=torch.float16);tensor(-0.8125, dtype=torch.float16);tensor(0., dtype=torch.float16);tensor(-7.6797, dtype=torch.float16);tensor(0., dtype=torch.float16);tensor(0., dtype=torch.float16);tensor(-1.4531, dtype=torch.float16);tensor(-0.0156, dtype=torch.float16);tensor(0., dtype=torch.float16);tensor(-0.3438, dtype=torch.float16);tensor(-1.1562, dtype=torch.float16);tensor(-4.7422, dtype=torch.float16);tensor(-0.0156, dtype=torch.float16);tensor(0., dtype=torch.float16);tensor(-2.9297, dtype=torch.float16);tensor(-1.4609, dtype=torch.float16);tensor(-0.5625, dtype=torch.float16);tensor(-1.4375, dtype=torch.float16);tensor(-0.2344, dtype=torch.float16);tensor(-0.0312, dtype=torch.float16);tensor(-2.7422, dtype=torch.float16);tensor(-9.7812, dtype=torch.float16);tensor(-1.2344, dtype=torch.float16);tensor(-3.0938, dtype=torch.float16);tensor(-9.0781, dtype=torch.float16);tensor(-0.5000, dtype=torch.float16);tensor(-0.0547, dtype=torch.float16);tensor(-6.5234, dtype=torch.float16)",epitome_rm
3,Babysitting,implicit,"Scene 1: Haley plots (on phone)
Haley: Well, I know I’m grounded, but I figured even my parents would let me out to babysit, right? So my new stepdad, Peter, has this sister, Kirsty, who’s just adopted a baby with her husband Ed...and Ed’s really cool and relaxed so I figured I’d try to get him to let me babysit...

Scene 2: Haley tries to persuade Ed to let her babysit Lily
Haley: Come onnnnn! I just really need a break from my parents just for one night, and I know you need a babysitter...
Ed: Absolutely not. If you want a break you’re welcome to come to movie evening but you are not looking after Lily. What do you know about babies?
Haley: Like, everything...what do you think I don’t know?
Ed: Well, erm...OK, here’s one. It’s time to give Lily her bath. What temperature should the water be?
Haley: I dunno, like, bath temperature? I guess just what I would find comfortable?
Ed: Uh-huh. And what would you feed her?
Haley: She’s four months, right? And she’s getting teeth? So...crackers? Or cake?
Ed: Yeah, you don’t know anything about babies. You’re not babysitting, and that’s final.

Scene 3: Ed and Anna discuss Haley

Jay: Hi honey, I’m home!
Anna: Jay! Your son is here!
Ed: Hi dad!
Jay: Hi! Well, I have to go up to the office – if you see Peter, tell him I’m upstairs.
Ed: Where’s Martin, Anna?
Anna: That naughty son of mine. He’s upstairs playing with his friend.
Ed: Anyway, I have got to tell you about Haley. She’s trying to babysit Lily for some reason and I asked her some basic questions to prove to her that she doesn’t know the first thing about babies. And guess what? She thinks you
can feed a four-month-old baby crackers!
Anna: That’s hilarious.
Ed: Yeah... the thing is, Kirsty has no idea that she’s so clueless and she’s been suggesting Haley as a sitter; I don’t want to offend Kirsty, you know? ‘Cause Haley is her step-niece and I think Kirsty’s trying to reach out to the family... but I really need to persuade her that Haley’s not competent.
[Peter enters]
Peter: Haley’s not competent? What do you mean?
Anna: Hi, Peter...What are you doing here?
Peter: Jay needed some help fixing his printer. What do you mean, Haley’s not competent?
Ed: Uh... as a babysitter.
Peter: What? That’s outrageous, Haley would make a great sitter. She loves Lily to pieces.
Ed: Yeah, Peter, that’s really not all that’s needed for someone to be good with babies.
Peter: You’ve got to give her a chance at some point.

Scene 4: Peter tells Claire
Peter: And I heard them talking about how stupid Haley is when it comes to babies and how she’d make such a terrible sitter! How awful is that?
Claire: Uh, yeah, honey...Haley really would be the world’s worst babysitter. I heard her say the other day that she saw some video about baby yoga where you swing the baby around by its ankles to get it used to having blood rush to its head.
Peter: Huh. So... you’re saying that we should let Ed talk Kirsty out of letting Haley babysit.
Claire: Yeah, probably.
Peter: But... if Haley found out that you knew what I’d heard she’d be really mad and upset with us.
Claire: Yeah, you’re right, she’d be sad that her mom didn’t stand up for her. So we just won’t let her find out that we know about it!",implicit,mental,4,"Peter: Ed thinks Haley doesn’t know enough to babysit, and he’s going to get Kirsty to think the same thing.","Peter: I heard Ed saying that he thinks Haley doesn’t know enough to babysit, but he isn’t going to tell Kirsty that he thinks that.",a,-2.130859375,-1.966796875,-81.0,-84.5625,"tensor(-7.1172, dtype=torch.float16);tensor(-0.2266, dtype=torch.float16);tensor(-11.6172, dtype=torch.float16);tensor(-4.2109, dtype=torch.float16);tensor(-1.2344, dtype=torch.float16);tensor(0., dtype=torch.float16);tensor(0., dtype=torch.float16);tensor(-3.1016, dtype=torch.float16);tensor(-0.0781, dtype=torch.float16);tensor(0., dtype=torch.float16);tensor(-0.0469, dtype=torch.float16);tensor(-3.2891, dtype=torch.float16);tensor(-1.5312, dtype=torch.float16);tensor(-0.8438, dtype=torch.float16);tensor(0., dtype=torch.float16);tensor(0., dtype=torch.float16);tensor(0., dtype=torch.float16);tensor(-1.6953, dtype=torch.float16);tensor(-0.9453, dtype=torch.float16);tensor(-2.7656, dtype=torch.float16);tensor(-0.2500, dtype=torch.float16);tensor(0., dtype=torch.float16);tensor(-6.9141, dtype=torch.float16);tensor(-0.0312, dtype=torch.float16);tensor(-6.8125, dtype=torch.float16);tensor(-0.8047, dtype=torch.float16);tensor(0., dtype=torch.float16);tensor(0., dtype=torch.float16);tensor(-0.0312, dtype=torch.float16);tensor(-6.4609, dtype=torch.float16);tensor(-2.1406, dtype=torch.float16);tensor(0., dtype=torch.float16);tensor(-1.1250, dtype=torch.float16);tensor(-0.3750, dtype=torch.float16);tensor(-9.3906, dtype=torch.float16);tensor(-0.3672, dtype=torch.float16);tensor(-0.0781, dtype=torch.float16);tensor(-7.5078, dtype=torch.float16)","tensor(-7.1172, dtype=torch.float16);tensor(-0.2266, dtype=torch.float16);tensor(-4.1953, dtype=torch.float16);tensor(-6.7812, dtype=torch.float16);tensor(-5.8125, dtype=torch.float16);tensor(-1.8672, dtype=torch.float16);tensor(-0.7500, dtype=torch.float16);tensor(-1.0781, dtype=torch.float16);tensor(-3.9297, dtype=torch.float16);tensor(-1.4219, dtype=torch.float16);tensor(0., dtype=torch.float16);tensor(0., dtype=torch.float16);tensor(-2.8281, dtype=torch.float16);tensor(-0.0312, dtype=torch.float16);tensor(0., dtype=torch.float16);tensor(-0.1094, dtype=torch.float16);tensor(-3.5312, dtype=torch.float16);tensor(-1.6094, dtype=torch.float16);tensor(-1.2344, dtype=torch.float16);tensor(0., dtype=torch.float16);tensor(0., dtype=torch.float16);tensor(0., dtype=torch.float16);tensor(-1.7422, dtype=torch.float16);tensor(-2.1016, dtype=torch.float16);tensor(-0.9531, dtype=torch.float16);tensor(-8.8906, dtype=torch.float16);tensor(0., dtype=torch.float16);tensor(0., dtype=torch.float16);tensor(-1.9609, dtype=torch.float16);tensor(0., dtype=torch.float16);tensor(-0.4531, dtype=torch.float16);tensor(-0.0156, dtype=torch.float16);tensor(0., dtype=torch.float16);tensor(0., dtype=torch.float16);tensor(-1.7656, dtype=torch.float16);tensor(-4.1172, dtype=torch.float16);tensor(-0.7812, dtype=torch.float16);tensor(-1.1562, dtype=torch.float16);tensor(-0.7031, dtype=torch.float16);tensor(-9.7109, dtype=torch.float16);tensor(-0.2812, dtype=torch.float16);tensor(-0.0781, dtype=torch.float16);tensor(-7.3555, dtype=torch.float16)",epitome_rm
3,Babysitting,implicit,"Scene 1: Haley plots (on phone)
Haley: Well, I know I’m grounded, but I figured even my parents would let me out to babysit, right? So my new stepdad, Peter, has this sister, Kirsty, who’s just adopted a baby with her husband Ed...and Ed’s really cool and relaxed so I figured I’d try to get him to let me babysit...

Scene 2: Haley tries to persuade Ed to let her babysit Lily
Haley: Come onnnnn! I just really need a break from my parents just for one night, and I know you need a babysitter...
Ed: Absolutely not. If you want a break you’re welcome to come to movie evening but you are not looking after Lily. What do you know about babies?
Haley: Like, everything...what do you think I don’t know?
Ed: Well, erm...OK, here’s one. It’s time to give Lily her bath. What temperature should the water be?
Haley: I dunno, like, bath temperature? I guess just what I would find comfortable?
Ed: Uh-huh. And what would you feed her?
Haley: She’s four months, right? And she’s getting teeth? So...crackers? Or cake?
Ed: Yeah, you don’t know anything about babies. You’re not babysitting, and that’s final.

Scene 3: Ed and Anna discuss Haley

Jay: Hi honey, I’m home!
Anna: Jay! Your son is here!
Ed: Hi dad!
Jay: Hi! Well, I have to go up to the office – if you see Peter, tell him I’m upstairs.
Ed: Where’s Martin, Anna?
Anna: That naughty son of mine. He’s upstairs playing with his friend.
Ed: Anyway, I have got to tell you about Haley. She’s trying to babysit Lily for some reason and I asked her some basic questions to prove to her that she doesn’t know the first thing about babies. And guess what? She thinks you
can feed a four-month-old baby crackers!
Anna: That’s hilarious.
Ed: Yeah... the thing is, Kirsty has no idea that she’s so clueless and she’s been suggesting Haley as a sitter; I don’t want to offend Kirsty, you know? ‘Cause Haley is her step-niece and I think Kirsty’s trying to reach out to the family... but I really need to persuade her that Haley’s not competent.
[Peter enters]
Peter: Haley’s not competent? What do you mean?
Anna: Hi, Peter...What are you doing here?
Peter: Jay needed some help fixing his printer. What do you mean, Haley’s not competent?
Ed: Uh... as a babysitter.
Peter: What? That’s outrageous, Haley would make a great sitter. She loves Lily to pieces.
Ed: Yeah, Peter, that’s really not all that’s needed for someone to be good with babies.
Peter: You’ve got to give her a chance at some point.

Scene 4: Peter tells Claire
Peter: And I heard them talking about how stupid Haley is when it comes to babies and how she’d make such a terrible sitter! How awful is that?
Claire: Uh, yeah, honey...Haley really would be the world’s worst babysitter. I heard her say the other day that she saw some video about baby yoga where you swing the baby around by its ankles to get it used to having blood rush to its head.
Peter: Huh. So... you’re saying that we should let Ed talk Kirsty out of letting Haley babysit.
Claire: Yeah, probably.
Peter: But... if Haley found out that you knew what I’d heard she’d be really mad and upset with us.
Claire: Yeah, you’re right, she’d be sad that her mom didn’t stand up for her. So we just won’t let her find out that we know about it!",implicit,mental,5,Claire: Do you know what Peter heard the other night? He heard Ed saying that he needs to persuade Kirsty that Haley doesn’t know enough to babysit for them!,"Claire: Did you know that Ed thinks that Haley doesn’t know enough to babysit for them, and that he wants to persuade Kirsty that she doesn’t know enough? Peter told you - ? I didn’t know Peter knew about this. Just wait until he gets home...",a,-2.265625,-2.44140625,-106.5,-170.875,"tensor(-9.2500, dtype=torch.float16);tensor(-0.0156, dtype=torch.float16);tensor(-1.7266, dtype=torch.float16);tensor(-5.5703, dtype=torch.float16);tensor(-0.0469, dtype=torch.float16);tensor(-2.5938, dtype=torch.float16);tensor(-1.4922, dtype=torch.float16);tensor(-7.0938, dtype=torch.float16);tensor(-10.1406, dtype=torch.float16);tensor(-5.6172, dtype=torch.float16);tensor(-1.0156, dtype=torch.float16);tensor(-2.8359, dtype=torch.float16);tensor(-0.2812, dtype=torch.float16);tensor(-3.8828, dtype=torch.float16);tensor(-0.8281, dtype=torch.float16);tensor(-1.9922, dtype=torch.float16);tensor(-1.5859, dtype=torch.float16);tensor(-0.3906, dtype=torch.float16);tensor(-3.3125, dtype=torch.float16);tensor(-3.0625, dtype=torch.float16);tensor(-0.3594, dtype=torch.float16);tensor(-1.1719, dtype=torch.float16);tensor(0., dtype=torch.float16);tensor(-0.0156, dtype=torch.float16);tensor(0., dtype=torch.float16);tensor(0., dtype=torch.float16);tensor(-0.4688, dtype=torch.float16);tensor(0., dtype=torch.float16);tensor(0., dtype=torch.float16);tensor(0., dtype=torch.float16);tensor(-5.9688, dtype=torch.float16);tensor(-0.0938, dtype=torch.float16);tensor(0., dtype=torch.float16);tensor(-0.0938, dtype=torch.float16);tensor(-3.6406, dtype=torch.float16);tensor(-0.9062, dtype=torch.float16);tensor(-0.2812, dtype=torch.float16);tensor(0., dtype=torch.float16);tensor(0., dtype=torch.float16);tensor(0., dtype=torch.float16);tensor(-6.7188, dtype=torch.float16);tensor(-4.8828, dtype=torch.float16);tensor(-1.9922, dtype=torch.float16);tensor(-8.3125, dtype=torch.float16);tensor(-2.2500, dtype=torch.float16);tensor(-0.1562, dtype=torch.float16);tensor(-6.4453, dtype=torch.float16)","tensor(-9.2500, dtype=torch.float16);tensor(-0.0156, dtype=torch.float16);tensor(-1.7266, dtype=torch.float16);tensor(-7.5625, dtype=torch.float16);tensor(-0.1875, dtype=torch.float16);tensor(-1.7891, dtype=torch.float16);tensor(-0.3594, dtype=torch.float16);tensor(-3.5625, dtype=torch.float16);tensor(-2.9297, dtype=torch.float16);tensor(-2.6719, dtype=torch.float16);tensor(-0.6641, dtype=torch.float16);tensor(0., dtype=torch.float16);tensor(0., dtype=torch.float16);tensor(-2.3438, dtype=torch.float16);tensor(-0.0781, dtype=torch.float16);tensor(0., dtype=torch.float16);tensor(-0.0469, dtype=torch.float16);tensor(-4.1328, dtype=torch.float16);tensor(-2.5781, dtype=torch.float16);tensor(-0.7500, dtype=torch.float16);tensor(0., dtype=torch.float16);tensor(0., dtype=torch.float16);tensor(0., dtype=torch.float16);tensor(-7.8047, dtype=torch.float16);tensor(-4.1250, dtype=torch.float16);tensor(-4.0781, dtype=torch.float16);tensor(-0.7969, dtype=torch.float16);tensor(-2.2734, dtype=torch.float16);tensor(-1.3594, dtype=torch.float16);tensor(-3.5859, dtype=torch.float16);tensor(-0.2656, dtype=torch.float16);tensor(-1.1562, dtype=torch.float16);tensor(0., dtype=torch.float16);tensor(-0.0156, dtype=torch.float16);tensor(0., dtype=torch.float16);tensor(0., dtype=torch.float16);tensor(-1.3438, dtype=torch.float16);tensor(-0.8594, dtype=torch.float16);tensor(-6.5469, dtype=torch.float16);tensor(-0.0156, dtype=torch.float16);tensor(0., dtype=torch.float16);tensor(-1.5625, dtype=torch.float16);tensor(-0.2656, dtype=torch.float16);tensor(-0.8750, dtype=torch.float16);tensor(-4.8516, dtype=torch.float16);tensor(-7.6797, dtype=torch.float16);tensor(-7.1406, dtype=torch.float16);tensor(-7.8281, dtype=torch.float16);tensor(-8.7344, dtype=torch.float16);tensor(-3.9766, dtype=torch.float16);tensor(-2.8281, dtype=torch.float16);tensor(-0.0625, dtype=torch.float16);tensor(0., dtype=torch.float16);tensor(-1.9766, dtype=torch.float16);tensor(-5.6641, dtype=torch.float16);tensor(-0.8750, dtype=torch.float16);tensor(-2.2969, dtype=torch.float16);tensor(-1.7812, dtype=torch.float16);tensor(-1.5078, dtype=torch.float16);tensor(-7.8047, dtype=torch.float16);tensor(-3.8047, dtype=torch.float16);tensor(-0.5625, dtype=torch.float16);tensor(-2.6250, dtype=torch.float16);tensor(-2.7891, dtype=torch.float16);tensor(-0.5000, dtype=torch.float16);tensor(-2.7266, dtype=torch.float16);tensor(-7.4180, dtype=torch.float16);tensor(-3.4141, dtype=torch.float16);tensor(-0.1719, dtype=torch.float16);tensor(-4.3125, dtype=torch.float16)",epitome_rm
3,Babysitting,implicit,"Scene 1: Haley plots (on phone)
Haley: Well, I know I’m grounded, but I figured even my parents would let me out to babysit, right? So my new stepdad, Peter, has this sister, Kirsty, who’s just adopted a baby with her husband Ed...and Ed’s really cool and relaxed so I figured I’d try to get him to let me babysit...

Scene 2: Haley tries to persuade Ed to let her babysit Lily
Haley: Come onnnnn! I just really need a break from my parents just for one night, and I know you need a babysitter...
Ed: Absolutely not. If you want a break you’re welcome to come to movie evening but you are not looking after Lily. What do you know about babies?
Haley: Like, everything...what do you think I don’t know?
Ed: Well, erm...OK, here’s one. It’s time to give Lily her bath. What temperature should the water be?
Haley: I dunno, like, bath temperature? I guess just what I would find comfortable?
Ed: Uh-huh. And what would you feed her?
Haley: She’s four months, right? And she’s getting teeth? So...crackers? Or cake?
Ed: Yeah, you don’t know anything about babies. You’re not babysitting, and that’s final.

Scene 3: Ed and Anna discuss Haley

Jay: Hi honey, I’m home!
Anna: Jay! Your son is here!
Ed: Hi dad!
Jay: Hi! Well, I have to go up to the office – if you see Peter, tell him I’m upstairs.
Ed: Where’s Martin, Anna?
Anna: That naughty son of mine. He’s upstairs playing with his friend.
Ed: Anyway, I have got to tell you about Haley. She’s trying to babysit Lily for some reason and I asked her some basic questions to prove to her that she doesn’t know the first thing about babies. And guess what? She thinks you
can feed a four-month-old baby crackers!
Anna: That’s hilarious.
Ed: Yeah... the thing is, Kirsty has no idea that she’s so clueless and she’s been suggesting Haley as a sitter; I don’t want to offend Kirsty, you know? ‘Cause Haley is her step-niece and I think Kirsty’s trying to reach out to the family... but I really need to persuade her that Haley’s not competent.
[Peter enters]
Peter: Haley’s not competent? What do you mean?
Anna: Hi, Peter...What are you doing here?
Peter: Jay needed some help fixing his printer. What do you mean, Haley’s not competent?
Ed: Uh... as a babysitter.
Peter: What? That’s outrageous, Haley would make a great sitter. She loves Lily to pieces.
Ed: Yeah, Peter, that’s really not all that’s needed for someone to be good with babies.
Peter: You’ve got to give her a chance at some point.

Scene 4: Peter tells Claire
Peter: And I heard them talking about how stupid Haley is when it comes to babies and how she’d make such a terrible sitter! How awful is that?
Claire: Uh, yeah, honey...Haley really would be the world’s worst babysitter. I heard her say the other day that she saw some video about baby yoga where you swing the baby around by its ankles to get it used to having blood rush to its head.
Peter: Huh. So... you’re saying that we should let Ed talk Kirsty out of letting Haley babysit.
Claire: Yeah, probably.
Peter: But... if Haley found out that you knew what I’d heard she’d be really mad and upset with us.
Claire: Yeah, you’re right, she’d be sad that her mom didn’t stand up for her. So we just won’t let her find out that we know about it!",implicit,mental,6,"Claire: Peter, we can’t really stand up for Haley because it’s true, but she’d be devastated if she found out that I knew and hadn’t done anything.Peter: I see, you don’t want to upset her further.Claire: Yeah, she really wouldn’t take it well.","Claire: Hmm, maybe I should tell her all of this so that she knows why she isn’t allowed to babysit.Peter: But won’t she be upset that you’re not defending her?Claire: Nah, she’ll be fine.",a,-2.33984375,-2.18359375,-182.5,-141.875,"tensor(-9.2500, dtype=torch.float16);tensor(-0.0156, dtype=torch.float16);tensor(-1.7266, dtype=torch.float16);tensor(-3.9766, dtype=torch.float16);tensor(-0.4688, dtype=torch.float16);tensor(-3.6875, dtype=torch.float16);tensor(-2.3906, dtype=torch.float16);tensor(-1.1484, dtype=torch.float16);tensor(0., dtype=torch.float16);tensor(-6.7500, dtype=torch.float16);tensor(-4.0781, dtype=torch.float16);tensor(-1.1250, dtype=torch.float16);tensor(-0.0469, dtype=torch.float16);tensor(-0.0781, dtype=torch.float16);tensor(0., dtype=torch.float16);tensor(0., dtype=torch.float16);tensor(-2.9531, dtype=torch.float16);tensor(-2.7266, dtype=torch.float16);tensor(-1.5625, dtype=torch.float16);tensor(-0.3906, dtype=torch.float16);tensor(-4.0938, dtype=torch.float16);tensor(-2.2109, dtype=torch.float16);tensor(-3.2656, dtype=torch.float16);tensor(-5.0703, dtype=torch.float16);tensor(-0.4219, dtype=torch.float16);tensor(-1.4844, dtype=torch.float16);tensor(-1.1250, dtype=torch.float16);tensor(-2.5312, dtype=torch.float16);tensor(0., dtype=torch.float16);tensor(0., dtype=torch.float16);tensor(-0.0469, dtype=torch.float16);tensor(-0.8125, dtype=torch.float16);tensor(-1.2500, dtype=torch.float16);tensor(0., dtype=torch.float16);tensor(-1.1406, dtype=torch.float16);tensor(-8.2031, dtype=torch.float16);tensor(-0.2500, dtype=torch.float16);tensor(-2.1562, dtype=torch.float16);tensor(-6.1719, dtype=torch.float16);tensor(-0.0156, dtype=torch.float16);tensor(0., dtype=torch.float16);tensor(-5.0156, dtype=torch.float16);tensor(-0.0156, dtype=torch.float16);tensor(-18.5469, dtype=torch.float16);tensor(-6.1719, dtype=torch.float16);tensor(-0.0469, dtype=torch.float16);tensor(-3.2031, dtype=torch.float16);tensor(-3.3516, dtype=torch.float16);tensor(-4.9062, dtype=torch.float16);tensor(-4.2031, dtype=torch.float16);tensor(-3.4766, dtype=torch.float16);tensor(-0.0312, dtype=torch.float16);tensor(0., dtype=torch.float16);tensor(-0.1250, dtype=torch.float16);tensor(-0.3125, dtype=torch.float16);tensor(-4.2891, dtype=torch.float16);tensor(0., dtype=torch.float16);tensor(-0.4375, dtype=torch.float16);tensor(-3.9609, dtype=torch.float16);tensor(-7.6328, dtype=torch.float16);tensor(-0.1953, dtype=torch.float16);tensor(0., dtype=torch.float16);tensor(-0.0156, dtype=torch.float16);tensor(-1.6094, dtype=torch.float16);tensor(-0.4922, dtype=torch.float16);tensor(-3.2656, dtype=torch.float16);tensor(-5.6641, dtype=torch.float16);tensor(-6.4922, dtype=torch.float16);tensor(-0.0156, dtype=torch.float16);tensor(0., dtype=torch.float16);tensor(-1.5781, dtype=torch.float16);tensor(-0.0156, dtype=torch.float16);tensor(-0.0156, dtype=torch.float16);tensor(-0.5312, dtype=torch.float16);tensor(-8.1328, dtype=torch.float16);tensor(-0.1094, dtype=torch.float16);tensor(-0.1641, dtype=torch.float16);tensor(-5.8281, dtype=torch.float16)","tensor(-9.2500, dtype=torch.float16);tensor(-0.0156, dtype=torch.float16);tensor(-1.7266, dtype=torch.float16);tensor(-6.4688, dtype=torch.float16);tensor(-1.7344, dtype=torch.float16);tensor(-2.9219, dtype=torch.float16);tensor(-2.8203, dtype=torch.float16);tensor(-1.0938, dtype=torch.float16);tensor(-3., dtype=torch.float16);tensor(-1.7266, dtype=torch.float16);tensor(-6.5391, dtype=torch.float16);tensor(-3.4688, dtype=torch.float16);tensor(-0.5000, dtype=torch.float16);tensor(-1.7266, dtype=torch.float16);tensor(-1.5000, dtype=torch.float16);tensor(-0.1719, dtype=torch.float16);tensor(-2.0547, dtype=torch.float16);tensor(-2., dtype=torch.float16);tensor(-1.4062, dtype=torch.float16);tensor(-3.5625, dtype=torch.float16);tensor(-0.0469, dtype=torch.float16);tensor(0., dtype=torch.float16);tensor(-1.3125, dtype=torch.float16);tensor(-0.0469, dtype=torch.float16);tensor(-0.0312, dtype=torch.float16);tensor(0., dtype=torch.float16);tensor(0., dtype=torch.float16);tensor(0., dtype=torch.float16);tensor(-16.2812, dtype=torch.float16);tensor(-7.1445, dtype=torch.float16);tensor(-0.0547, dtype=torch.float16);tensor(-5.7188, dtype=torch.float16);tensor(-5.6484, dtype=torch.float16);tensor(-0.0625, dtype=torch.float16);tensor(0., dtype=torch.float16);tensor(-0.6406, dtype=torch.float16);tensor(-2.4531, dtype=torch.float16);tensor(-1.5469, dtype=torch.float16);tensor(0., dtype=torch.float16);tensor(-2.3438, dtype=torch.float16);tensor(-1.4062, dtype=torch.float16);tensor(-1.0547, dtype=torch.float16);tensor(-0.0312, dtype=torch.float16);tensor(-1.2812, dtype=torch.float16);tensor(-3.1172, dtype=torch.float16);tensor(0., dtype=torch.float16);tensor(0., dtype=torch.float16);tensor(-0.0312, dtype=torch.float16);tensor(-7.8438, dtype=torch.float16);tensor(-0.0625, dtype=torch.float16);tensor(0., dtype=torch.float16);tensor(0., dtype=torch.float16);tensor(-6.4375, dtype=torch.float16);tensor(0., dtype=torch.float16);tensor(-0.2031, dtype=torch.float16);tensor(-0.4375, dtype=torch.float16);tensor(-0.6719, dtype=torch.float16);tensor(-0.7656, dtype=torch.float16);tensor(-1.5938, dtype=torch.float16);tensor(-3.3203, dtype=torch.float16);tensor(-0.3750, dtype=torch.float16);tensor(-8.5156, dtype=torch.float16);tensor(-1.0781, dtype=torch.float16);tensor(-0.1094, dtype=torch.float16);tensor(-6.5391, dtype=torch.float16)",epitome_rm
3,Babysitting,implicit,"Scene 1: Haley plots (on phone)
Haley: Well, I know I’m grounded, but I figured even my parents would let me out to babysit, right? So my new stepdad, Peter, has this sister, Kirsty, who’s just adopted a baby with her husband Ed...and Ed’s really cool and relaxed so I figured I’d try to get him to let me babysit...

Scene 2: Haley tries to persuade Ed to let her babysit Lily
Haley: Come onnnnn! I just really need a break from my parents just for one night, and I know you need a babysitter...
Ed: Absolutely not. If you want a break you’re welcome to come to movie evening but you are not looking after Lily. What do you know about babies?
Haley: Like, everything...what do you think I don’t know?
Ed: Well, erm...OK, here’s one. It’s time to give Lily her bath. What temperature should the water be?
Haley: I dunno, like, bath temperature? I guess just what I would find comfortable?
Ed: Uh-huh. And what would you feed her?
Haley: She’s four months, right? And she’s getting teeth? So...crackers? Or cake?
Ed: Yeah, you don’t know anything about babies. You’re not babysitting, and that’s final.

Scene 3: Ed and Anna discuss Haley

Jay: Hi honey, I’m home!
Anna: Jay! Your son is here!
Ed: Hi dad!
Jay: Hi! Well, I have to go up to the office – if you see Peter, tell him I’m upstairs.
Ed: Where’s Martin, Anna?
Anna: That naughty son of mine. He’s upstairs playing with his friend.
Ed: Anyway, I have got to tell you about Haley. She’s trying to babysit Lily for some reason and I asked her some basic questions to prove to her that she doesn’t know the first thing about babies. And guess what? She thinks you
can feed a four-month-old baby crackers!
Anna: That’s hilarious.
Ed: Yeah... the thing is, Kirsty has no idea that she’s so clueless and she’s been suggesting Haley as a sitter; I don’t want to offend Kirsty, you know? ‘Cause Haley is her step-niece and I think Kirsty’s trying to reach out to the family... but I really need to persuade her that Haley’s not competent.
[Peter enters]
Peter: Haley’s not competent? What do you mean?
Anna: Hi, Peter...What are you doing here?
Peter: Jay needed some help fixing his printer. What do you mean, Haley’s not competent?
Ed: Uh... as a babysitter.
Peter: What? That’s outrageous, Haley would make a great sitter. She loves Lily to pieces.
Ed: Yeah, Peter, that’s really not all that’s needed for someone to be good with babies.
Peter: You’ve got to give her a chance at some point.

Scene 4: Peter tells Claire
Peter: And I heard them talking about how stupid Haley is when it comes to babies and how she’d make such a terrible sitter! How awful is that?
Claire: Uh, yeah, honey...Haley really would be the world’s worst babysitter. I heard her say the other day that she saw some video about baby yoga where you swing the baby around by its ankles to get it used to having blood rush to its head.
Peter: Huh. So... you’re saying that we should let Ed talk Kirsty out of letting Haley babysit.
Claire: Yeah, probably.
Peter: But... if Haley found out that you knew what I’d heard she’d be really mad and upset with us.
Claire: Yeah, you’re right, she’d be sad that her mom didn’t stand up for her. So we just won’t let her find out that we know about it!",implicit,mental,7,"Claire: What?! No, we can’t tell her! She’d be devastated if she knew that I knew what you’d heard, about Ed being mean enough to plan to convince Kirsty that Haley doesn’t know enough to babysit! We must make sure she doesn’t find out.","Claire: OK, Haley definitely has to know about all of this – you need to go and tell her that you heard Ed planning to tell Kirsty that she’s too clueless to babysit.
Peter: Can I tell her that you agree with them?
Claire: Yeah, I think that’s a good idea.",a,-2.107421875,-2.03125,-162.375,-162.5,"tensor(-9.2500, dtype=torch.float16);tensor(-0.0156, dtype=torch.float16);tensor(-1.7266, dtype=torch.float16);tensor(-4.7109, dtype=torch.float16);tensor(-1.8906, dtype=torch.float16);tensor(-2.0391, dtype=torch.float16);tensor(-3.6406, dtype=torch.float16);tensor(-1.6562, dtype=torch.float16);tensor(-1.8594, dtype=torch.float16);tensor(-0.3125, dtype=torch.float16);tensor(-0.0469, dtype=torch.float16);tensor(0., dtype=torch.float16);tensor(-5.8672, dtype=torch.float16);tensor(-0.6875, dtype=torch.float16);tensor(-1.8359, dtype=torch.float16);tensor(-1.8828, dtype=torch.float16);tensor(-0.2344, dtype=torch.float16);tensor(-0.7031, dtype=torch.float16);tensor(-1.3672, dtype=torch.float16);tensor(-1.4766, dtype=torch.float16);tensor(0., dtype=torch.float16);tensor(0., dtype=torch.float16);tensor(-2.2344, dtype=torch.float16);tensor(-0.1562, dtype=torch.float16);tensor(-0.5000, dtype=torch.float16);tensor(-2., dtype=torch.float16);tensor(-5.0547, dtype=torch.float16);tensor(-0.5625, dtype=torch.float16);tensor(-3.0547, dtype=torch.float16);tensor(-1.3203, dtype=torch.float16);tensor(-2.9844, dtype=torch.float16);tensor(-0.0312, dtype=torch.float16);tensor(-0.0312, dtype=torch.float16);tensor(-3.7344, dtype=torch.float16);tensor(-9.6953, dtype=torch.float16);tensor(-6.0547, dtype=torch.float16);tensor(-5.7969, dtype=torch.float16);tensor(-2.4922, dtype=torch.float16);tensor(-10.9062, dtype=torch.float16);tensor(-0.0156, dtype=torch.float16);tensor(-10.5703, dtype=torch.float16);tensor(-1.3359, dtype=torch.float16);tensor(-5.6797, dtype=torch.float16);tensor(0., dtype=torch.float16);tensor(-0.0781, dtype=torch.float16);tensor(0., dtype=torch.float16);tensor(0., dtype=torch.float16);tensor(-1.1250, dtype=torch.float16);tensor(-0.3594, dtype=torch.float16);tensor(0., dtype=torch.float16);tensor(0., dtype=torch.float16);tensor(-5.5469, dtype=torch.float16);tensor(-0.0625, dtype=torch.float16);tensor(0., dtype=torch.float16);tensor(-0.1875, dtype=torch.float16);tensor(-3.6562, dtype=torch.float16);tensor(-0.4219, dtype=torch.float16);tensor(-0.3125, dtype=torch.float16);tensor(0., dtype=torch.float16);tensor(0., dtype=torch.float16);tensor(0., dtype=torch.float16);tensor(-1.4609, dtype=torch.float16);tensor(-3.8359, dtype=torch.float16);tensor(-4.6953, dtype=torch.float16);tensor(-4.9453, dtype=torch.float16);tensor(-0.2656, dtype=torch.float16);tensor(-0.6562, dtype=torch.float16);tensor(-2., dtype=torch.float16);tensor(-0.0156, dtype=torch.float16);tensor(0., dtype=torch.float16);tensor(-0.2188, dtype=torch.float16);tensor(-0.0156, dtype=torch.float16);tensor(-1.6250, dtype=torch.float16);tensor(-9.3438, dtype=torch.float16);tensor(-1.2500, dtype=torch.float16);tensor(-0.0859, dtype=torch.float16);tensor(-4.7578, dtype=torch.float16)","tensor(-9.2500, dtype=torch.float16);tensor(-0.0156, dtype=torch.float16);tensor(-1.7266, dtype=torch.float16);tensor(-9.4609, dtype=torch.float16);tensor(-0.3906, dtype=torch.float16);tensor(-6.3047, dtype=torch.float16);tensor(-3.4062, dtype=torch.float16);tensor(0., dtype=torch.float16);tensor(-5.9375, dtype=torch.float16);tensor(-3.6250, dtype=torch.float16);tensor(-2.2656, dtype=torch.float16);tensor(-5.2734, dtype=torch.float16);tensor(-2.2109, dtype=torch.float16);tensor(-5.1562, dtype=torch.float16);tensor(-1.1406, dtype=torch.float16);tensor(-0.1094, dtype=torch.float16);tensor(-5.4531, dtype=torch.float16);tensor(-3.6328, dtype=torch.float16);tensor(-3.3750, dtype=torch.float16);tensor(-0.0938, dtype=torch.float16);tensor(-4.2422, dtype=torch.float16);tensor(-2.7266, dtype=torch.float16);tensor(-1.7812, dtype=torch.float16);tensor(-0.0781, dtype=torch.float16);tensor(-0.8047, dtype=torch.float16);tensor(-2.0547, dtype=torch.float16);tensor(-1.5781, dtype=torch.float16);tensor(-1.8359, dtype=torch.float16);tensor(-11.5000, dtype=torch.float16);tensor(-0.4531, dtype=torch.float16);tensor(-2.5859, dtype=torch.float16);tensor(-0.0156, dtype=torch.float16);tensor(0., dtype=torch.float16);tensor(0., dtype=torch.float16);tensor(-0.3281, dtype=torch.float16);tensor(-0.0312, dtype=torch.float16);tensor(-0.4062, dtype=torch.float16);tensor(-0.0156, dtype=torch.float16);tensor(-5.9375, dtype=torch.float16);tensor(-3.5703, dtype=torch.float16);tensor(0., dtype=torch.float16);tensor(0., dtype=torch.float16);tensor(-0.0312, dtype=torch.float16);tensor(-0.3281, dtype=torch.float16);tensor(0., dtype=torch.float16);tensor(0., dtype=torch.float16);tensor(0., dtype=torch.float16);tensor(-0.9219, dtype=torch.float16);tensor(-0.5938, dtype=torch.float16);tensor(-0.5781, dtype=torch.float16);tensor(0., dtype=torch.float16);tensor(-6.6797, dtype=torch.float16);tensor(-0.7188, dtype=torch.float16);tensor(-3.0156, dtype=torch.float16);tensor(-0.0938, dtype=torch.float16);tensor(-0.6094, dtype=torch.float16);tensor(-1.7422, dtype=torch.float16);tensor(-3.9062, dtype=torch.float16);tensor(-0.1406, dtype=torch.float16);tensor(-5.8984, dtype=torch.float16);tensor(-0.2344, dtype=torch.float16);tensor(-0.3750, dtype=torch.float16);tensor(-0.0312, dtype=torch.float16);tensor(0., dtype=torch.float16);tensor(0., dtype=torch.float16);tensor(-2.5625, dtype=torch.float16);tensor(-0.2500, dtype=torch.float16);tensor(-2.8516, dtype=torch.float16);tensor(-1.9844, dtype=torch.float16);tensor(-1.0469, dtype=torch.float16);tensor(-0.8281, dtype=torch.float16);tensor(-0.3281, dtype=torch.float16);tensor(-1.5938, dtype=torch.float16);tensor(-0.2812, dtype=torch.float16);tensor(-0.0312, dtype=torch.float16);tensor(-0.2969, dtype=torch.float16);tensor(-10.3828, dtype=torch.float16);tensor(-0.9844, dtype=torch.float16);tensor(-0.1641, dtype=torch.float16);tensor(-4.2188, dtype=torch.float16)",epitome_rm
3,Babysitting,implicit,"Scene 1: Haley plots (on phone)
Haley: Well, I know I’m grounded, but I figured even my parents would let me out to babysit, right? So my new stepdad, Peter, has this sister, Kirsty, who’s just adopted a baby with her husband Ed...and Ed’s really cool and relaxed so I figured I’d try to get him to let me babysit...

Scene 2: Haley tries to persuade Ed to let her babysit Lily
Haley: Come onnnnn! I just really need a break from my parents just for one night, and I know you need a babysitter...
Ed: Absolutely not. If you want a break you’re welcome to come to movie evening but you are not looking after Lily. What do you know about babies?
Haley: Like, everything...what do you think I don’t know?
Ed: Well, erm...OK, here’s one. It’s time to give Lily her bath. What temperature should the water be?
Haley: I dunno, like, bath temperature? I guess just what I would find comfortable?
Ed: Uh-huh. And what would you feed her?
Haley: She’s four months, right? And she’s getting teeth? So...crackers? Or cake?
Ed: Yeah, you don’t know anything about babies. You’re not babysitting, and that’s final.

Scene 3: Ed and Anna discuss Haley

Jay: Hi honey, I’m home!
Anna: Jay! Your son is here!
Ed: Hi dad!
Jay: Hi! Well, I have to go up to the office – if you see Peter, tell him I’m upstairs.
Ed: Where’s Martin, Anna?
Anna: That naughty son of mine. He’s upstairs playing with his friend.
Ed: Anyway, I have got to tell you about Haley. She’s trying to babysit Lily for some reason and I asked her some basic questions to prove to her that she doesn’t know the first thing about babies. And guess what? She thinks you
can feed a four-month-old baby crackers!
Anna: That’s hilarious.
Ed: Yeah... the thing is, Kirsty has no idea that she’s so clueless and she’s been suggesting Haley as a sitter; I don’t want to offend Kirsty, you know? ‘Cause Haley is her step-niece and I think Kirsty’s trying to reach out to the family... but I really need to persuade her that Haley’s not competent.
[Peter enters]
Peter: Haley’s not competent? What do you mean?
Anna: Hi, Peter...What are you doing here?
Peter: Jay needed some help fixing his printer. What do you mean, Haley’s not competent?
Ed: Uh... as a babysitter.
Peter: What? That’s outrageous, Haley would make a great sitter. She loves Lily to pieces.
Ed: Yeah, Peter, that’s really not all that’s needed for someone to be good with babies.
Peter: You’ve got to give her a chance at some point.

Scene 4: Peter tells Claire
Peter: And I heard them talking about how stupid Haley is when it comes to babies and how she’d make such a terrible sitter! How awful is that?
Claire: Uh, yeah, honey...Haley really would be the world’s worst babysitter. I heard her say the other day that she saw some video about baby yoga where you swing the baby around by its ankles to get it used to having blood rush to its head.
Peter: Huh. So... you’re saying that we should let Ed talk Kirsty out of letting Haley babysit.
Claire: Yeah, probably.
Peter: But... if Haley found out that you knew what I’d heard she’d be really mad and upset with us.
Claire: Yeah, you’re right, she’d be sad that her mom didn’t stand up for her. So we just won’t let her find out that we know about it!",implicit,control,1,Claire: This is Claire; I’m calling about my daughter Haley.,Claire: This is Claire; I’m calling about my niece Haley.,a,-2.810546875,-2.884765625,-64.625,-69.25,"tensor(-9.2500, dtype=torch.float16);tensor(-0.0156, dtype=torch.float16);tensor(-1.7266, dtype=torch.float16);tensor(-4.6719, dtype=torch.float16);tensor(-0.2969, dtype=torch.float16);tensor(-12.2656, dtype=torch.float16);tensor(0., dtype=torch.float16);tensor(-4.9062, dtype=torch.float16);tensor(-1.9844, dtype=torch.float16);tensor(-1.0156, dtype=torch.float16);tensor(-0.1875, dtype=torch.float16);tensor(-3.7422, dtype=torch.float16);tensor(-2.6719, dtype=torch.float16);tensor(-2.3828, dtype=torch.float16);tensor(-0.8828, dtype=torch.float16);tensor(-0.6641, dtype=torch.float16);tensor(0., dtype=torch.float16);tensor(0., dtype=torch.float16);tensor(-0.6641, dtype=torch.float16);tensor(-7.3750, dtype=torch.float16);tensor(-3.1016, dtype=torch.float16);tensor(-0.2109, dtype=torch.float16);tensor(-6.6328, dtype=torch.float16)","tensor(-9.2500, dtype=torch.float16);tensor(-0.0156, dtype=torch.float16);tensor(-1.7266, dtype=torch.float16);tensor(-4.6719, dtype=torch.float16);tensor(-0.2969, dtype=torch.float16);tensor(-12.2656, dtype=torch.float16);tensor(0., dtype=torch.float16);tensor(-4.9062, dtype=torch.float16);tensor(-1.9844, dtype=torch.float16);tensor(-1.0156, dtype=torch.float16);tensor(-0.1875, dtype=torch.float16);tensor(-3.7422, dtype=torch.float16);tensor(-2.6719, dtype=torch.float16);tensor(-2.3828, dtype=torch.float16);tensor(-5.1797, dtype=torch.float16);tensor(0., dtype=torch.float16);tensor(-0.9062, dtype=torch.float16);tensor(0., dtype=torch.float16);tensor(0., dtype=torch.float16);tensor(-0.6250, dtype=torch.float16);tensor(-7.3828, dtype=torch.float16);tensor(-3.2422, dtype=torch.float16);tensor(-0.2188, dtype=torch.float16);tensor(-6.5508, dtype=torch.float16)",epitome_rm
3,Babysitting,implicit,"Scene 1: Haley plots (on phone)
Haley: Well, I know I’m grounded, but I figured even my parents would let me out to babysit, right? So my new stepdad, Peter, has this sister, Kirsty, who’s just adopted a baby with her husband Ed...and Ed’s really cool and relaxed so I figured I’d try to get him to let me babysit...

Scene 2: Haley tries to persuade Ed to let her babysit Lily
Haley: Come onnnnn! I just really need a break from my parents just for one night, and I know you need a babysitter...
Ed: Absolutely not. If you want a break you’re welcome to come to movie evening but you are not looking after Lily. What do you know about babies?
Haley: Like, everything...what do you think I don’t know?
Ed: Well, erm...OK, here’s one. It’s time to give Lily her bath. What temperature should the water be?
Haley: I dunno, like, bath temperature? I guess just what I would find comfortable?
Ed: Uh-huh. And what would you feed her?
Haley: She’s four months, right? And she’s getting teeth? So...crackers? Or cake?
Ed: Yeah, you don’t know anything about babies. You’re not babysitting, and that’s final.

Scene 3: Ed and Anna discuss Haley

Jay: Hi honey, I’m home!
Anna: Jay! Your son is here!
Ed: Hi dad!
Jay: Hi! Well, I have to go up to the office – if you see Peter, tell him I’m upstairs.
Ed: Where’s Martin, Anna?
Anna: That naughty son of mine. He’s upstairs playing with his friend.
Ed: Anyway, I have got to tell you about Haley. She’s trying to babysit Lily for some reason and I asked her some basic questions to prove to her that she doesn’t know the first thing about babies. And guess what? She thinks you
can feed a four-month-old baby crackers!
Anna: That’s hilarious.
Ed: Yeah... the thing is, Kirsty has no idea that she’s so clueless and she’s been suggesting Haley as a sitter; I don’t want to offend Kirsty, you know? ‘Cause Haley is her step-niece and I think Kirsty’s trying to reach out to the family... but I really need to persuade her that Haley’s not competent.
[Peter enters]
Peter: Haley’s not competent? What do you mean?
Anna: Hi, Peter...What are you doing here?
Peter: Jay needed some help fixing his printer. What do you mean, Haley’s not competent?
Ed: Uh... as a babysitter.
Peter: What? That’s outrageous, Haley would make a great sitter. She loves Lily to pieces.
Ed: Yeah, Peter, that’s really not all that’s needed for someone to be good with babies.
Peter: You’ve got to give her a chance at some point.

Scene 4: Peter tells Claire
Peter: And I heard them talking about how stupid Haley is when it comes to babies and how she’d make such a terrible sitter! How awful is that?
Claire: Uh, yeah, honey...Haley really would be the world’s worst babysitter. I heard her say the other day that she saw some video about baby yoga where you swing the baby around by its ankles to get it used to having blood rush to its head.
Peter: Huh. So... you’re saying that we should let Ed talk Kirsty out of letting Haley babysit.
Claire: Yeah, probably.
Peter: But... if Haley found out that you knew what I’d heard she’d be really mad and upset with us.
Claire: Yeah, you’re right, she’d be sad that her mom didn’t stand up for her. So we just won’t let her find out that we know about it!",implicit,control,2,"Haley: Yeah, my mom’s got remarried, to this guy called Peter. He’s actually pretty cool.","Haley: No, I’m talking about my mom’s brother Peter. I really like him.",a,-2.591796875,-2.8515625,-85.5625,-77.0,"tensor(-6.9688, dtype=torch.float16);tensor(-4.3672, dtype=torch.float16);tensor(0., dtype=torch.float16);tensor(-2.7500, dtype=torch.float16);tensor(-4.5859, dtype=torch.float16);tensor(-0.3594, dtype=torch.float16);tensor(-5.6562, dtype=torch.float16);tensor(-1.2188, dtype=torch.float16);tensor(-1.7969, dtype=torch.float16);tensor(0., dtype=torch.float16);tensor(-2.7500, dtype=torch.float16);tensor(-14.2344, dtype=torch.float16);tensor(-0.0312, dtype=torch.float16);tensor(0., dtype=torch.float16);tensor(-2.6875, dtype=torch.float16);tensor(-2.3828, dtype=torch.float16);tensor(-1.9375, dtype=torch.float16);tensor(-0.8984, dtype=torch.float16);tensor(0., dtype=torch.float16);tensor(-6.0312, dtype=torch.float16);tensor(-0.0469, dtype=torch.float16);tensor(-1.5078, dtype=torch.float16);tensor(-1.0859, dtype=torch.float16);tensor(-0.2812, dtype=torch.float16);tensor(0., dtype=torch.float16);tensor(-4.2891, dtype=torch.float16);tensor(-1.3281, dtype=torch.float16);tensor(-0.1406, dtype=torch.float16);tensor(-1.6328, dtype=torch.float16);tensor(-8.6875, dtype=torch.float16);tensor(-0.4219, dtype=torch.float16);tensor(-0.0703, dtype=torch.float16);tensor(-7.3906, dtype=torch.float16)","tensor(-6.9688, dtype=torch.float16);tensor(-4.3672, dtype=torch.float16);tensor(0., dtype=torch.float16);tensor(-2.7500, dtype=torch.float16);tensor(-5.3516, dtype=torch.float16);tensor(-2.6172, dtype=torch.float16);tensor(-1.6719, dtype=torch.float16);tensor(-1.7969, dtype=torch.float16);tensor(-0.1250, dtype=torch.float16);tensor(-5.9531, dtype=torch.float16);tensor(-1.4844, dtype=torch.float16);tensor(-2.4062, dtype=torch.float16);tensor(-1.7500, dtype=torch.float16);tensor(-3.7266, dtype=torch.float16);tensor(0., dtype=torch.float16);tensor(-5.8984, dtype=torch.float16);tensor(-1.9922, dtype=torch.float16);tensor(-1.2656, dtype=torch.float16);tensor(-3.0859, dtype=torch.float16);tensor(-3.6172, dtype=torch.float16);tensor(-2.4062, dtype=torch.float16);tensor(-0.1250, dtype=torch.float16);tensor(-1.1406, dtype=torch.float16);tensor(-8.5859, dtype=torch.float16);tensor(-1.1406, dtype=torch.float16);tensor(-0.0391, dtype=torch.float16);tensor(-6.7070, dtype=torch.float16)",epitome_rm
3,Babysitting,implicit,"Scene 1: Haley plots (on phone)
Haley: Well, I know I’m grounded, but I figured even my parents would let me out to babysit, right? So my new stepdad, Peter, has this sister, Kirsty, who’s just adopted a baby with her husband Ed...and Ed’s really cool and relaxed so I figured I’d try to get him to let me babysit...

Scene 2: Haley tries to persuade Ed to let her babysit Lily
Haley: Come onnnnn! I just really need a break from my parents just for one night, and I know you need a babysitter...
Ed: Absolutely not. If you want a break you’re welcome to come to movie evening but you are not looking after Lily. What do you know about babies?
Haley: Like, everything...what do you think I don’t know?
Ed: Well, erm...OK, here’s one. It’s time to give Lily her bath. What temperature should the water be?
Haley: I dunno, like, bath temperature? I guess just what I would find comfortable?
Ed: Uh-huh. And what would you feed her?
Haley: She’s four months, right? And she’s getting teeth? So...crackers? Or cake?
Ed: Yeah, you don’t know anything about babies. You’re not babysitting, and that’s final.

Scene 3: Ed and Anna discuss Haley

Jay: Hi honey, I’m home!
Anna: Jay! Your son is here!
Ed: Hi dad!
Jay: Hi! Well, I have to go up to the office – if you see Peter, tell him I’m upstairs.
Ed: Where’s Martin, Anna?
Anna: That naughty son of mine. He’s upstairs playing with his friend.
Ed: Anyway, I have got to tell you about Haley. She’s trying to babysit Lily for some reason and I asked her some basic questions to prove to her that she doesn’t know the first thing about babies. And guess what? She thinks you
can feed a four-month-old baby crackers!
Anna: That’s hilarious.
Ed: Yeah... the thing is, Kirsty has no idea that she’s so clueless and she’s been suggesting Haley as a sitter; I don’t want to offend Kirsty, you know? ‘Cause Haley is her step-niece and I think Kirsty’s trying to reach out to the family... but I really need to persuade her that Haley’s not competent.
[Peter enters]
Peter: Haley’s not competent? What do you mean?
Anna: Hi, Peter...What are you doing here?
Peter: Jay needed some help fixing his printer. What do you mean, Haley’s not competent?
Ed: Uh... as a babysitter.
Peter: What? That’s outrageous, Haley would make a great sitter. She loves Lily to pieces.
Ed: Yeah, Peter, that’s really not all that’s needed for someone to be good with babies.
Peter: You’ve got to give her a chance at some point.

Scene 4: Peter tells Claire
Peter: And I heard them talking about how stupid Haley is when it comes to babies and how she’d make such a terrible sitter! How awful is that?
Claire: Uh, yeah, honey...Haley really would be the world’s worst babysitter. I heard her say the other day that she saw some video about baby yoga where you swing the baby around by its ankles to get it used to having blood rush to its head.
Peter: Huh. So... you’re saying that we should let Ed talk Kirsty out of letting Haley babysit.
Claire: Yeah, probably.
Peter: But... if Haley found out that you knew what I’d heard she’d be really mad and upset with us.
Claire: Yeah, you’re right, she’d be sad that her mom didn’t stand up for her. So we just won’t let her find out that we know about it!",implicit,control,3,"Claire: And my daugher Haley has a whole new family – her new stepdad, and his sister Kirsty...","Claire: And my niece Haley has a whole new family – my new husband, and his cousin Kirsty...",a,-3.044921875,-3.29296875,-103.5625,-102.125,"tensor(-9.2500, dtype=torch.float16);tensor(-0.0156, dtype=torch.float16);tensor(-1.7266, dtype=torch.float16);tensor(-3.6094, dtype=torch.float16);tensor(-6.9922, dtype=torch.float16);tensor(-5.5625, dtype=torch.float16);tensor(-7.4375, dtype=torch.float16);tensor(-0.5938, dtype=torch.float16);tensor(-3.5938, dtype=torch.float16);tensor(-0.0938, dtype=torch.float16);tensor(0., dtype=torch.float16);tensor(-3.2500, dtype=torch.float16);tensor(-2.3516, dtype=torch.float16);tensor(-6.8711, dtype=torch.float16);tensor(-1.9688, dtype=torch.float16);tensor(-3.4609, dtype=torch.float16);tensor(-5.2812, dtype=torch.float16);tensor(-3.3359, dtype=torch.float16);tensor(-2.9297, dtype=torch.float16);tensor(-1.1250, dtype=torch.float16);tensor(-0.5000, dtype=torch.float16);tensor(0., dtype=torch.float16);tensor(-2.0938, dtype=torch.float16);tensor(-5.6016, dtype=torch.float16);tensor(-2.8672, dtype=torch.float16);tensor(-0.8359, dtype=torch.float16);tensor(-0.9062, dtype=torch.float16);tensor(0., dtype=torch.float16);tensor(0., dtype=torch.float16);tensor(-4.1250, dtype=torch.float16);tensor(-8.8281, dtype=torch.float16);tensor(-0.9531, dtype=torch.float16);tensor(-0.3906, dtype=torch.float16);tensor(-7.0078, dtype=torch.float16)","tensor(-9.2500, dtype=torch.float16);tensor(-0.0156, dtype=torch.float16);tensor(-1.7266, dtype=torch.float16);tensor(-3.6094, dtype=torch.float16);tensor(-6.9922, dtype=torch.float16);tensor(-9., dtype=torch.float16);tensor(0., dtype=torch.float16);tensor(-1.4062, dtype=torch.float16);tensor(-0.0156, dtype=torch.float16);tensor(0., dtype=torch.float16);tensor(-3.1875, dtype=torch.float16);tensor(-2.2891, dtype=torch.float16);tensor(-6.3828, dtype=torch.float16);tensor(-1.8672, dtype=torch.float16);tensor(-3.4141, dtype=torch.float16);tensor(-5.1328, dtype=torch.float16);tensor(-5., dtype=torch.float16);tensor(-4.2734, dtype=torch.float16);tensor(-0.6406, dtype=torch.float16);tensor(-1.6953, dtype=torch.float16);tensor(-3.4844, dtype=torch.float16);tensor(-1.2266, dtype=torch.float16);tensor(-7.2734, dtype=torch.float16);tensor(-2.1406, dtype=torch.float16);tensor(-0.0312, dtype=torch.float16);tensor(0., dtype=torch.float16);tensor(-4.1172, dtype=torch.float16);tensor(-8.2969, dtype=torch.float16);tensor(-2.3906, dtype=torch.float16);tensor(-0.4766, dtype=torch.float16);tensor(-6.7578, dtype=torch.float16)",epitome_rm
3,Babysitting,implicit,"Scene 1: Haley plots (on phone)
Haley: Well, I know I’m grounded, but I figured even my parents would let me out to babysit, right? So my new stepdad, Peter, has this sister, Kirsty, who’s just adopted a baby with her husband Ed...and Ed’s really cool and relaxed so I figured I’d try to get him to let me babysit...

Scene 2: Haley tries to persuade Ed to let her babysit Lily
Haley: Come onnnnn! I just really need a break from my parents just for one night, and I know you need a babysitter...
Ed: Absolutely not. If you want a break you’re welcome to come to movie evening but you are not looking after Lily. What do you know about babies?
Haley: Like, everything...what do you think I don’t know?
Ed: Well, erm...OK, here’s one. It’s time to give Lily her bath. What temperature should the water be?
Haley: I dunno, like, bath temperature? I guess just what I would find comfortable?
Ed: Uh-huh. And what would you feed her?
Haley: She’s four months, right? And she’s getting teeth? So...crackers? Or cake?
Ed: Yeah, you don’t know anything about babies. You’re not babysitting, and that’s final.

Scene 3: Ed and Anna discuss Haley

Jay: Hi honey, I’m home!
Anna: Jay! Your son is here!
Ed: Hi dad!
Jay: Hi! Well, I have to go up to the office – if you see Peter, tell him I’m upstairs.
Ed: Where’s Martin, Anna?
Anna: That naughty son of mine. He’s upstairs playing with his friend.
Ed: Anyway, I have got to tell you about Haley. She’s trying to babysit Lily for some reason and I asked her some basic questions to prove to her that she doesn’t know the first thing about babies. And guess what? She thinks you
can feed a four-month-old baby crackers!
Anna: That’s hilarious.
Ed: Yeah... the thing is, Kirsty has no idea that she’s so clueless and she’s been suggesting Haley as a sitter; I don’t want to offend Kirsty, you know? ‘Cause Haley is her step-niece and I think Kirsty’s trying to reach out to the family... but I really need to persuade her that Haley’s not competent.
[Peter enters]
Peter: Haley’s not competent? What do you mean?
Anna: Hi, Peter...What are you doing here?
Peter: Jay needed some help fixing his printer. What do you mean, Haley’s not competent?
Ed: Uh... as a babysitter.
Peter: What? That’s outrageous, Haley would make a great sitter. She loves Lily to pieces.
Ed: Yeah, Peter, that’s really not all that’s needed for someone to be good with babies.
Peter: You’ve got to give her a chance at some point.

Scene 4: Peter tells Claire
Peter: And I heard them talking about how stupid Haley is when it comes to babies and how she’d make such a terrible sitter! How awful is that?
Claire: Uh, yeah, honey...Haley really would be the world’s worst babysitter. I heard her say the other day that she saw some video about baby yoga where you swing the baby around by its ankles to get it used to having blood rush to its head.
Peter: Huh. So... you’re saying that we should let Ed talk Kirsty out of letting Haley babysit.
Claire: Yeah, probably.
Peter: But... if Haley found out that you knew what I’d heard she’d be really mad and upset with us.
Claire: Yeah, you’re right, she’d be sad that her mom didn’t stand up for her. So we just won’t let her find out that we know about it!",implicit,control,4,"Haley: My mom’s new husband is actually pretty cool. He has this awesome sister, and her husband Ed is totally laid back","Haley: My mom’s brother is really cool. His wife has a new stepdad, Ed, who is totally laid back.",a,-2.802734375,-3.14453125,-92.5,-106.875,"tensor(-6.9688, dtype=torch.float16);tensor(-4.3672, dtype=torch.float16);tensor(0., dtype=torch.float16);tensor(-2.7500, dtype=torch.float16);tensor(-7.9883, dtype=torch.float16);tensor(-1.2969, dtype=torch.float16);tensor(-2.8828, dtype=torch.float16);tensor(0., dtype=torch.float16);tensor(-6.9062, dtype=torch.float16);tensor(-1.2422, dtype=torch.float16);tensor(-1.4766, dtype=torch.float16);tensor(-5.5312, dtype=torch.float16);tensor(-2.0469, dtype=torch.float16);tensor(-0.1875, dtype=torch.float16);tensor(-1.0391, dtype=torch.float16);tensor(-1.1797, dtype=torch.float16);tensor(-2.6641, dtype=torch.float16);tensor(-1.3750, dtype=torch.float16);tensor(-3.6484, dtype=torch.float16);tensor(-0.5078, dtype=torch.float16);tensor(-1.2656, dtype=torch.float16);tensor(-3.9062, dtype=torch.float16);tensor(-2.7891, dtype=torch.float16);tensor(-0.2344, dtype=torch.float16);tensor(-4.1641, dtype=torch.float16);tensor(-0.4766, dtype=torch.float16);tensor(-7.0625, dtype=torch.float16);tensor(-1.5938, dtype=torch.float16);tensor(-0.1406, dtype=torch.float16);tensor(-9.8750, dtype=torch.float16);tensor(-0.3906, dtype=torch.float16);tensor(-0.3203, dtype=torch.float16);tensor(-6.2148, dtype=torch.float16)","tensor(-6.9688, dtype=torch.float16);tensor(-4.3672, dtype=torch.float16);tensor(0., dtype=torch.float16);tensor(-2.7500, dtype=torch.float16);tensor(-7.9883, dtype=torch.float16);tensor(-1.2969, dtype=torch.float16);tensor(-2.8828, dtype=torch.float16);tensor(0., dtype=torch.float16);tensor(-11.9062, dtype=torch.float16);tensor(-1.8203, dtype=torch.float16);tensor(-2.8203, dtype=torch.float16);tensor(-0.8984, dtype=torch.float16);tensor(-1.5312, dtype=torch.float16);tensor(-4.0312, dtype=torch.float16);tensor(-1.4844, dtype=torch.float16);tensor(-4.7891, dtype=torch.float16);tensor(-1.1094, dtype=torch.float16);tensor(-1.7578, dtype=torch.float16);tensor(-9.8047, dtype=torch.float16);tensor(-0.7812, dtype=torch.float16);tensor(-2.6406, dtype=torch.float16);tensor(-1.7500, dtype=torch.float16);tensor(-2.7422, dtype=torch.float16);tensor(-0.5469, dtype=torch.float16);tensor(-1.2656, dtype=torch.float16);tensor(-1.3906, dtype=torch.float16);tensor(-5.6953, dtype=torch.float16);tensor(-3.3203, dtype=torch.float16);tensor(-0.1250, dtype=torch.float16);tensor(-1.0312, dtype=torch.float16);tensor(-9.7812, dtype=torch.float16);tensor(-0.4531, dtype=torch.float16);tensor(-0.3359, dtype=torch.float16);tensor(-6.8398, dtype=torch.float16)",epitome_rm
3,Babysitting,implicit,"Scene 1: Haley plots (on phone)
Haley: Well, I know I’m grounded, but I figured even my parents would let me out to babysit, right? So my new stepdad, Peter, has this sister, Kirsty, who’s just adopted a baby with her husband Ed...and Ed’s really cool and relaxed so I figured I’d try to get him to let me babysit...

Scene 2: Haley tries to persuade Ed to let her babysit Lily
Haley: Come onnnnn! I just really need a break from my parents just for one night, and I know you need a babysitter...
Ed: Absolutely not. If you want a break you’re welcome to come to movie evening but you are not looking after Lily. What do you know about babies?
Haley: Like, everything...what do you think I don’t know?
Ed: Well, erm...OK, here’s one. It’s time to give Lily her bath. What temperature should the water be?
Haley: I dunno, like, bath temperature? I guess just what I would find comfortable?
Ed: Uh-huh. And what would you feed her?
Haley: She’s four months, right? And she’s getting teeth? So...crackers? Or cake?
Ed: Yeah, you don’t know anything about babies. You’re not babysitting, and that’s final.

Scene 3: Ed and Anna discuss Haley

Jay: Hi honey, I’m home!
Anna: Jay! Your son is here!
Ed: Hi dad!
Jay: Hi! Well, I have to go up to the office – if you see Peter, tell him I’m upstairs.
Ed: Where’s Martin, Anna?
Anna: That naughty son of mine. He’s upstairs playing with his friend.
Ed: Anyway, I have got to tell you about Haley. She’s trying to babysit Lily for some reason and I asked her some basic questions to prove to her that she doesn’t know the first thing about babies. And guess what? She thinks you
can feed a four-month-old baby crackers!
Anna: That’s hilarious.
Ed: Yeah... the thing is, Kirsty has no idea that she’s so clueless and she’s been suggesting Haley as a sitter; I don’t want to offend Kirsty, you know? ‘Cause Haley is her step-niece and I think Kirsty’s trying to reach out to the family... but I really need to persuade her that Haley’s not competent.
[Peter enters]
Peter: Haley’s not competent? What do you mean?
Anna: Hi, Peter...What are you doing here?
Peter: Jay needed some help fixing his printer. What do you mean, Haley’s not competent?
Ed: Uh... as a babysitter.
Peter: What? That’s outrageous, Haley would make a great sitter. She loves Lily to pieces.
Ed: Yeah, Peter, that’s really not all that’s needed for someone to be good with babies.
Peter: You’ve got to give her a chance at some point.

Scene 4: Peter tells Claire
Peter: And I heard them talking about how stupid Haley is when it comes to babies and how she’d make such a terrible sitter! How awful is that?
Claire: Uh, yeah, honey...Haley really would be the world’s worst babysitter. I heard her say the other day that she saw some video about baby yoga where you swing the baby around by its ankles to get it used to having blood rush to its head.
Peter: Huh. So... you’re saying that we should let Ed talk Kirsty out of letting Haley babysit.
Claire: Yeah, probably.
Peter: But... if Haley found out that you knew what I’d heard she’d be really mad and upset with us.
Claire: Yeah, you’re right, she’d be sad that her mom didn’t stand up for her. So we just won’t let her find out that we know about it!",implicit,control,5,"Ed: Yeah, I know, it’s so confusing with all the remarriages. So Haley’s mom is married to my wife’s brother. And Jay is my dad.","Ed: Yeah, I know, it’s so confusing with all the remarriages. So Haley’s mom is married to my brother, and Jay is my wife’s father.",a,-2.5078125,-2.67578125,-117.8125,-123.0625,"tensor(-12.7812, dtype=torch.float16);tensor(-2.4844, dtype=torch.float16);tensor(-3.7422, dtype=torch.float16);tensor(-0.4062, dtype=torch.float16);tensor(-2.3125, dtype=torch.float16);tensor(-2.2422, dtype=torch.float16);tensor(-1.9609, dtype=torch.float16);tensor(-2.2266, dtype=torch.float16);tensor(-0.3281, dtype=torch.float16);tensor(0., dtype=torch.float16);tensor(-3.7734, dtype=torch.float16);tensor(-4.7344, dtype=torch.float16);tensor(-6.2656, dtype=torch.float16);tensor(-0.4375, dtype=torch.float16);tensor(-2.6094, dtype=torch.float16);tensor(-11.8281, dtype=torch.float16);tensor(-1.8125, dtype=torch.float16);tensor(-0.6562, dtype=torch.float16);tensor(0., dtype=torch.float16);tensor(-2.0156, dtype=torch.float16);tensor(-5.3672, dtype=torch.float16);tensor(-3.4062, dtype=torch.float16);tensor(0., dtype=torch.float16);tensor(0., dtype=torch.float16);tensor(-0.7344, dtype=torch.float16);tensor(0., dtype=torch.float16);tensor(-2.0234, dtype=torch.float16);tensor(-1.6953, dtype=torch.float16);tensor(-1.6406, dtype=torch.float16);tensor(-0.0938, dtype=torch.float16);tensor(-1.1719, dtype=torch.float16);tensor(-6.2344, dtype=torch.float16);tensor(-0.0312, dtype=torch.float16);tensor(0., dtype=torch.float16);tensor(-0.1094, dtype=torch.float16);tensor(-2.4609, dtype=torch.float16);tensor(-1.5078, dtype=torch.float16);tensor(-7.8125, dtype=torch.float16);tensor(-0.7578, dtype=torch.float16);tensor(-1.0547, dtype=torch.float16);tensor(-1.0938, dtype=torch.float16);tensor(0., dtype=torch.float16);tensor(-0.5781, dtype=torch.float16);tensor(-8.4688, dtype=torch.float16);tensor(-2.6484, dtype=torch.float16);tensor(-0.1172, dtype=torch.float16);tensor(-6.2031, dtype=torch.float16)","tensor(-12.7812, dtype=torch.float16);tensor(-2.4844, dtype=torch.float16);tensor(-3.7422, dtype=torch.float16);tensor(-0.4062, dtype=torch.float16);tensor(-2.3125, dtype=torch.float16);tensor(-2.2422, dtype=torch.float16);tensor(-1.9609, dtype=torch.float16);tensor(-2.2266, dtype=torch.float16);tensor(-0.3281, dtype=torch.float16);tensor(0., dtype=torch.float16);tensor(-3.7734, dtype=torch.float16);tensor(-4.7344, dtype=torch.float16);tensor(-6.2656, dtype=torch.float16);tensor(-0.4375, dtype=torch.float16);tensor(-2.6094, dtype=torch.float16);tensor(-11.8281, dtype=torch.float16);tensor(-1.8125, dtype=torch.float16);tensor(-0.6562, dtype=torch.float16);tensor(0., dtype=torch.float16);tensor(-2.0156, dtype=torch.float16);tensor(-5.3672, dtype=torch.float16);tensor(-3.4062, dtype=torch.float16);tensor(0., dtype=torch.float16);tensor(0., dtype=torch.float16);tensor(-0.7344, dtype=torch.float16);tensor(0., dtype=torch.float16);tensor(-2.0234, dtype=torch.float16);tensor(-1.6953, dtype=torch.float16);tensor(-1.6406, dtype=torch.float16);tensor(-0.0938, dtype=torch.float16);tensor(-1.1719, dtype=torch.float16);tensor(-0.7188, dtype=torch.float16);tensor(-1.8906, dtype=torch.float16);tensor(-1.1875, dtype=torch.float16);tensor(-9.5156, dtype=torch.float16);tensor(-0.7031, dtype=torch.float16);tensor(-1.0938, dtype=torch.float16);tensor(-8.1562, dtype=torch.float16);tensor(-0.0312, dtype=torch.float16);tensor(0., dtype=torch.float16);tensor(-2.5938, dtype=torch.float16);tensor(-1.2500, dtype=torch.float16);tensor(-8.3906, dtype=torch.float16);tensor(-1.7656, dtype=torch.float16);tensor(-0.1016, dtype=torch.float16);tensor(-6.9141, dtype=torch.float16)",epitome_rm
3,Babysitting,implicit,"Scene 1: Haley plots (on phone)
Haley: Well, I know I’m grounded, but I figured even my parents would let me out to babysit, right? So my new stepdad, Peter, has this sister, Kirsty, who’s just adopted a baby with her husband Ed...and Ed’s really cool and relaxed so I figured I’d try to get him to let me babysit...

Scene 2: Haley tries to persuade Ed to let her babysit Lily
Haley: Come onnnnn! I just really need a break from my parents just for one night, and I know you need a babysitter...
Ed: Absolutely not. If you want a break you’re welcome to come to movie evening but you are not looking after Lily. What do you know about babies?
Haley: Like, everything...what do you think I don’t know?
Ed: Well, erm...OK, here’s one. It’s time to give Lily her bath. What temperature should the water be?
Haley: I dunno, like, bath temperature? I guess just what I would find comfortable?
Ed: Uh-huh. And what would you feed her?
Haley: She’s four months, right? And she’s getting teeth? So...crackers? Or cake?
Ed: Yeah, you don’t know anything about babies. You’re not babysitting, and that’s final.

Scene 3: Ed and Anna discuss Haley

Jay: Hi honey, I’m home!
Anna: Jay! Your son is here!
Ed: Hi dad!
Jay: Hi! Well, I have to go up to the office – if you see Peter, tell him I’m upstairs.
Ed: Where’s Martin, Anna?
Anna: That naughty son of mine. He’s upstairs playing with his friend.
Ed: Anyway, I have got to tell you about Haley. She’s trying to babysit Lily for some reason and I asked her some basic questions to prove to her that she doesn’t know the first thing about babies. And guess what? She thinks you
can feed a four-month-old baby crackers!
Anna: That’s hilarious.
Ed: Yeah... the thing is, Kirsty has no idea that she’s so clueless and she’s been suggesting Haley as a sitter; I don’t want to offend Kirsty, you know? ‘Cause Haley is her step-niece and I think Kirsty’s trying to reach out to the family... but I really need to persuade her that Haley’s not competent.
[Peter enters]
Peter: Haley’s not competent? What do you mean?
Anna: Hi, Peter...What are you doing here?
Peter: Jay needed some help fixing his printer. What do you mean, Haley’s not competent?
Ed: Uh... as a babysitter.
Peter: What? That’s outrageous, Haley would make a great sitter. She loves Lily to pieces.
Ed: Yeah, Peter, that’s really not all that’s needed for someone to be good with babies.
Peter: You’ve got to give her a chance at some point.

Scene 4: Peter tells Claire
Peter: And I heard them talking about how stupid Haley is when it comes to babies and how she’d make such a terrible sitter! How awful is that?
Claire: Uh, yeah, honey...Haley really would be the world’s worst babysitter. I heard her say the other day that she saw some video about baby yoga where you swing the baby around by its ankles to get it used to having blood rush to its head.
Peter: Huh. So... you’re saying that we should let Ed talk Kirsty out of letting Haley babysit.
Claire: Yeah, probably.
Peter: But... if Haley found out that you knew what I’d heard she’d be really mad and upset with us.
Claire: Yeah, you’re right, she’d be sad that her mom didn’t stand up for her. So we just won’t let her find out that we know about it!",implicit,control,6,"Anna: ...and Haley wants to babysit! Who’s Haley? Gosh. Well, you know my husband’s son? His wife has a brother who’s just married a woman called Claire, and Haley is Claire’s daughter.","Anna: ...and Haley wants to babysit! Who’s Haley? Gosh. Well, you know my brother Jay’s daughter? Her husband has a sister, who just married a man called Peter, and Haley is Peter’s daughter.",a,-2.650390625,-2.869140625,-172.25,-180.75,"tensor(-11.0234, dtype=torch.float16);tensor(-1.0625, dtype=torch.float16);tensor(-7.3750, dtype=torch.float16);tensor(-2.9531, dtype=torch.float16);tensor(-4.5078, dtype=torch.float16);tensor(-0.0156, dtype=torch.float16);tensor(0., dtype=torch.float16);tensor(-5.0469, dtype=torch.float16);tensor(-0.1719, dtype=torch.float16);tensor(-0.4844, dtype=torch.float16);tensor(0., dtype=torch.float16);tensor(0., dtype=torch.float16);tensor(0., dtype=torch.float16);tensor(-3.4609, dtype=torch.float16);tensor(-8.1562, dtype=torch.float16);tensor(-1.9219, dtype=torch.float16);tensor(-0.1250, dtype=torch.float16);tensor(-6.7188, dtype=torch.float16);tensor(0., dtype=torch.float16);tensor(0., dtype=torch.float16);tensor(-0.2656, dtype=torch.float16);tensor(-11.2344, dtype=torch.float16);tensor(-2.0234, dtype=torch.float16);tensor(-4.2891, dtype=torch.float16);tensor(-4.5234, dtype=torch.float16);tensor(-0.2188, dtype=torch.float16);tensor(-3.0391, dtype=torch.float16);tensor(-0.5781, dtype=torch.float16);tensor(-4.6875, dtype=torch.float16);tensor(-3.3672, dtype=torch.float16);tensor(-1.3047, dtype=torch.float16);tensor(0., dtype=torch.float16);tensor(-6.4297, dtype=torch.float16);tensor(-1.8594, dtype=torch.float16);tensor(-5.9141, dtype=torch.float16);tensor(-1.9062, dtype=torch.float16);tensor(-2.6641, dtype=torch.float16);tensor(-1.0625, dtype=torch.float16);tensor(-5.7344, dtype=torch.float16);tensor(-1.7109, dtype=torch.float16);tensor(-0.8750, dtype=torch.float16);tensor(0., dtype=torch.float16);tensor(-2.2969, dtype=torch.float16);tensor(-9.9219, dtype=torch.float16);tensor(-3.1406, dtype=torch.float16);tensor(-0.7969, dtype=torch.float16);tensor(-2.7734, dtype=torch.float16);tensor(-6.6484, dtype=torch.float16);tensor(0., dtype=torch.float16);tensor(-2.3047, dtype=torch.float16);tensor(-0.1562, dtype=torch.float16);tensor(-3.8984, dtype=torch.float16);tensor(0., dtype=torch.float16);tensor(0., dtype=torch.float16);tensor(-0.5469, dtype=torch.float16);tensor(-4.8203, dtype=torch.float16);tensor(0., dtype=torch.float16);tensor(-0.1094, dtype=torch.float16);tensor(0., dtype=torch.float16);tensor(-0.1719, dtype=torch.float16);tensor(-0.4688, dtype=torch.float16);tensor(-8.1953, dtype=torch.float16);tensor(-3.4844, dtype=torch.float16);tensor(-0.0547, dtype=torch.float16);tensor(-5.7734, dtype=torch.float16)","tensor(-11.0234, dtype=torch.float16);tensor(-1.0625, dtype=torch.float16);tensor(-7.3750, dtype=torch.float16);tensor(-2.9531, dtype=torch.float16);tensor(-4.5078, dtype=torch.float16);tensor(-0.0156, dtype=torch.float16);tensor(0., dtype=torch.float16);tensor(-5.0469, dtype=torch.float16);tensor(-0.1719, dtype=torch.float16);tensor(-0.4844, dtype=torch.float16);tensor(0., dtype=torch.float16);tensor(0., dtype=torch.float16);tensor(0., dtype=torch.float16);tensor(-3.4609, dtype=torch.float16);tensor(-8.1562, dtype=torch.float16);tensor(-1.9219, dtype=torch.float16);tensor(-0.1250, dtype=torch.float16);tensor(-6.7188, dtype=torch.float16);tensor(0., dtype=torch.float16);tensor(0., dtype=torch.float16);tensor(-0.2656, dtype=torch.float16);tensor(-11.2344, dtype=torch.float16);tensor(-2.0234, dtype=torch.float16);tensor(-4.2891, dtype=torch.float16);tensor(-4.5234, dtype=torch.float16);tensor(-0.2188, dtype=torch.float16);tensor(-3.0391, dtype=torch.float16);tensor(-0.5781, dtype=torch.float16);tensor(-4.6875, dtype=torch.float16);tensor(-2.3516, dtype=torch.float16);tensor(-9.7031, dtype=torch.float16);tensor(-1.4531, dtype=torch.float16);tensor(0., dtype=torch.float16);tensor(-2.1484, dtype=torch.float16);tensor(-0.7031, dtype=torch.float16);tensor(-6.1875, dtype=torch.float16);tensor(-4.8750, dtype=torch.float16);tensor(-4.2266, dtype=torch.float16);tensor(-1.3359, dtype=torch.float16);tensor(-0.9062, dtype=torch.float16);tensor(-2.1953, dtype=torch.float16);tensor(-5.5078, dtype=torch.float16);tensor(-1.1719, dtype=torch.float16);tensor(-10.2344, dtype=torch.float16);tensor(-1.3672, dtype=torch.float16);tensor(-2.4453, dtype=torch.float16);tensor(-2.5781, dtype=torch.float16);tensor(-4.1250, dtype=torch.float16);tensor(-2.6953, dtype=torch.float16);tensor(-0.2500, dtype=torch.float16);tensor(-3.8984, dtype=torch.float16);tensor(0., dtype=torch.float16);tensor(0., dtype=torch.float16);tensor(-1.4453, dtype=torch.float16);tensor(-3.7500, dtype=torch.float16);tensor(-0.0156, dtype=torch.float16);tensor(0., dtype=torch.float16);tensor(-2.7266, dtype=torch.float16);tensor(-0.7656, dtype=torch.float16);tensor(-8.6641, dtype=torch.float16);tensor(-3.8984, dtype=torch.float16);tensor(-0.0469, dtype=torch.float16);tensor(-5.2500, dtype=torch.float16)",epitome_rm
3,Babysitting,implicit,"Scene 1: Haley plots (on phone)
Haley: Well, I know I’m grounded, but I figured even my parents would let me out to babysit, right? So my new stepdad, Peter, has this sister, Kirsty, who’s just adopted a baby with her husband Ed...and Ed’s really cool and relaxed so I figured I’d try to get him to let me babysit...

Scene 2: Haley tries to persuade Ed to let her babysit Lily
Haley: Come onnnnn! I just really need a break from my parents just for one night, and I know you need a babysitter...
Ed: Absolutely not. If you want a break you’re welcome to come to movie evening but you are not looking after Lily. What do you know about babies?
Haley: Like, everything...what do you think I don’t know?
Ed: Well, erm...OK, here’s one. It’s time to give Lily her bath. What temperature should the water be?
Haley: I dunno, like, bath temperature? I guess just what I would find comfortable?
Ed: Uh-huh. And what would you feed her?
Haley: She’s four months, right? And she’s getting teeth? So...crackers? Or cake?
Ed: Yeah, you don’t know anything about babies. You’re not babysitting, and that’s final.

Scene 3: Ed and Anna discuss Haley

Jay: Hi honey, I’m home!
Anna: Jay! Your son is here!
Ed: Hi dad!
Jay: Hi! Well, I have to go up to the office – if you see Peter, tell him I’m upstairs.
Ed: Where’s Martin, Anna?
Anna: That naughty son of mine. He’s upstairs playing with his friend.
Ed: Anyway, I have got to tell you about Haley. She’s trying to babysit Lily for some reason and I asked her some basic questions to prove to her that she doesn’t know the first thing about babies. And guess what? She thinks you
can feed a four-month-old baby crackers!
Anna: That’s hilarious.
Ed: Yeah... the thing is, Kirsty has no idea that she’s so clueless and she’s been suggesting Haley as a sitter; I don’t want to offend Kirsty, you know? ‘Cause Haley is her step-niece and I think Kirsty’s trying to reach out to the family... but I really need to persuade her that Haley’s not competent.
[Peter enters]
Peter: Haley’s not competent? What do you mean?
Anna: Hi, Peter...What are you doing here?
Peter: Jay needed some help fixing his printer. What do you mean, Haley’s not competent?
Ed: Uh... as a babysitter.
Peter: What? That’s outrageous, Haley would make a great sitter. She loves Lily to pieces.
Ed: Yeah, Peter, that’s really not all that’s needed for someone to be good with babies.
Peter: You’ve got to give her a chance at some point.

Scene 4: Peter tells Claire
Peter: And I heard them talking about how stupid Haley is when it comes to babies and how she’d make such a terrible sitter! How awful is that?
Claire: Uh, yeah, honey...Haley really would be the world’s worst babysitter. I heard her say the other day that she saw some video about baby yoga where you swing the baby around by its ankles to get it used to having blood rush to its head.
Peter: Huh. So... you’re saying that we should let Ed talk Kirsty out of letting Haley babysit.
Claire: Yeah, probably.
Peter: But... if Haley found out that you knew what I’d heard she’d be really mad and upset with us.
Claire: Yeah, you’re right, she’d be sad that her mom didn’t stand up for her. So we just won’t let her find out that we know about it!",implicit,control,7,"Haley: Argh, no, get it straight, what kind of boyfriend are you? Martin’s my step-uncle-in-law’s stepbrother. OK, I’ll go slower. I have a step-aunt, because
her brother is my step-dad. Right? So my step-aunt’s husband is my step- uncle-in-law. Now his father just re-married, and his new wife has this son Martin, so Martin is my step-uncle-in-law’s stepbrother. Get it?","Haley: Argh, no, get it straight, what kind of boyfriend are you? Martin’s my step- aunt-in-law’s cousin. OK, I’ll go slower. I have a step-uncle, because his brother is my stepfather. Right? So his wife is my step-aunt-in-law. Now her father has a sister who lives with him, and her son is called Martin. So Martin is my step-aunt-in-law’s cousin. Get it?",a,-2.296875,-2.564453125,-298.5,-302.75,"tensor(-6.9688, dtype=torch.float16);tensor(-4.3672, dtype=torch.float16);tensor(0., dtype=torch.float16);tensor(-2.7500, dtype=torch.float16);tensor(-10.2891, dtype=torch.float16);tensor(-0.0781, dtype=torch.float16);tensor(-1.3281, dtype=torch.float16);tensor(-4.3125, dtype=torch.float16);tensor(-3.6328, dtype=torch.float16);tensor(-5.3047, dtype=torch.float16);tensor(-6.2109, dtype=torch.float16);tensor(-10.2812, dtype=torch.float16);tensor(-1.9375, dtype=torch.float16);tensor(-7.3047, dtype=torch.float16);tensor(-4.7734, dtype=torch.float16);tensor(0., dtype=torch.float16);tensor(-8.9922, dtype=torch.float16);tensor(-0.2031, dtype=torch.float16);tensor(-1.4531, dtype=torch.float16);tensor(0., dtype=torch.float16);tensor(-0.2656, dtype=torch.float16);tensor(-6.3438, dtype=torch.float16);tensor(-3.1797, dtype=torch.float16);tensor(0., dtype=torch.float16);tensor(-4.9062, dtype=torch.float16);tensor(-3.8438, dtype=torch.float16);tensor(-1.6719, dtype=torch.float16);tensor(-5.9531, dtype=torch.float16);tensor(0., dtype=torch.float16);tensor(-6.2344, dtype=torch.float16);tensor(-0.3125, dtype=torch.float16);tensor(-0.0156, dtype=torch.float16);tensor(0., dtype=torch.float16);tensor(-5.2344, dtype=torch.float16);tensor(0., dtype=torch.float16);tensor(-4.2344, dtype=torch.float16);tensor(-2.7188, dtype=torch.float16);tensor(0., dtype=torch.float16);tensor(-1.6641, dtype=torch.float16);tensor(-7.6172, dtype=torch.float16);tensor(-0.3203, dtype=torch.float16);tensor(-2.4688, dtype=torch.float16);tensor(-0.8203, dtype=torch.float16);tensor(-0.9688, dtype=torch.float16);tensor(-2.2344, dtype=torch.float16);tensor(-11.5391, dtype=torch.float16);tensor(-0.3125, dtype=torch.float16);tensor(-3.8047, dtype=torch.float16);tensor(-3.4375, dtype=torch.float16);tensor(-0.4688, dtype=torch.float16);tensor(-1.4062, dtype=torch.float16);tensor(-0.3438, dtype=torch.float16);tensor(-2.6719, dtype=torch.float16);tensor(0., dtype=torch.float16);tensor(-1.7500, dtype=torch.float16);tensor(-7.2500, dtype=torch.float16);tensor(-10.4844, dtype=torch.float16);tensor(-6.7188, dtype=torch.float16);tensor(-3.3281, dtype=torch.float16);tensor(-0.9922, dtype=torch.float16);tensor(-1.3281, dtype=torch.float16);tensor(-2.3750, dtype=torch.float16);tensor(-1.5000, dtype=torch.float16);tensor(-0.1094, dtype=torch.float16);tensor(0., dtype=torch.float16);tensor(-0.9844, dtype=torch.float16);tensor(-5.8438, dtype=torch.float16);tensor(-0.0938, dtype=torch.float16);tensor(-2.9219, dtype=torch.float16);tensor(-3.0625, dtype=torch.float16);tensor(-0.4375, dtype=torch.float16);tensor(-0.0469, dtype=torch.float16);tensor(-0.2500, dtype=torch.float16);tensor(0., dtype=torch.float16);tensor(-1.1094, dtype=torch.float16);tensor(0., dtype=torch.float16);tensor(-0.7031, dtype=torch.float16);tensor(-0.2656, dtype=torch.float16);tensor(-0.1406, dtype=torch.float16);tensor(-0.2188, dtype=torch.float16);tensor(0., dtype=torch.float16);tensor(-6.6641, dtype=torch.float16);tensor(-0.2344, dtype=torch.float16);tensor(0., dtype=torch.float16);tensor(-0.0312, dtype=torch.float16);tensor(0., dtype=torch.float16);tensor(-0.7500, dtype=torch.float16);tensor(-4.0234, dtype=torch.float16);tensor(-2.6641, dtype=torch.float16);tensor(-10.4375, dtype=torch.float16);tensor(-7.0391, dtype=torch.float16);tensor(-6.7891, dtype=torch.float16);tensor(0., dtype=torch.float16);tensor(0., dtype=torch.float16);tensor(0., dtype=torch.float16);tensor(-1.9766, dtype=torch.float16);tensor(-1.2109, dtype=torch.float16);tensor(-1.1719, dtype=torch.float16);tensor(-0.2031, dtype=torch.float16);tensor(0., dtype=torch.float16);tensor(-2.5391, dtype=torch.float16);tensor(-3.7266, dtype=torch.float16);tensor(-4.1797, dtype=torch.float16);tensor(-2.4141, dtype=torch.float16);tensor(-1.2891, dtype=torch.float16);tensor(-1.0156, dtype=torch.float16);tensor(-1.1562, dtype=torch.float16);tensor(-0.3281, dtype=torch.float16);tensor(-0.1250, dtype=torch.float16);tensor(-0.0938, dtype=torch.float16);tensor(0., dtype=torch.float16);tensor(-0.7188, dtype=torch.float16);tensor(0., dtype=torch.float16);tensor(-0.0156, dtype=torch.float16);tensor(0., dtype=torch.float16);tensor(-0.0156, dtype=torch.float16);tensor(0., dtype=torch.float16);tensor(-0.0469, dtype=torch.float16);tensor(0., dtype=torch.float16);tensor(-0.4062, dtype=torch.float16);tensor(-0.2188, dtype=torch.float16);tensor(0., dtype=torch.float16);tensor(-0.4219, dtype=torch.float16);tensor(-3.4297, dtype=torch.float16);tensor(-0.0156, dtype=torch.float16);tensor(-0.1094, dtype=torch.float16);tensor(-8.9375, dtype=torch.float16);tensor(-2.8125, dtype=torch.float16);tensor(-0.3125, dtype=torch.float16);tensor(-3.9922, dtype=torch.float16)","tensor(-6.9688, dtype=torch.float16);tensor(-4.3672, dtype=torch.float16);tensor(0., dtype=torch.float16);tensor(-2.7500, dtype=torch.float16);tensor(-10.2891, dtype=torch.float16);tensor(-0.0781, dtype=torch.float16);tensor(-1.3281, dtype=torch.float16);tensor(-4.3125, dtype=torch.float16);tensor(-3.6328, dtype=torch.float16);tensor(-5.3047, dtype=torch.float16);tensor(-6.2109, dtype=torch.float16);tensor(-10.2812, dtype=torch.float16);tensor(-1.9375, dtype=torch.float16);tensor(-7.3047, dtype=torch.float16);tensor(-4.7734, dtype=torch.float16);tensor(0., dtype=torch.float16);tensor(-8.9922, dtype=torch.float16);tensor(-0.2031, dtype=torch.float16);tensor(-1.4531, dtype=torch.float16);tensor(0., dtype=torch.float16);tensor(-0.2656, dtype=torch.float16);tensor(-6.3438, dtype=torch.float16);tensor(-3.1797, dtype=torch.float16);tensor(0., dtype=torch.float16);tensor(-4.9062, dtype=torch.float16);tensor(-3.8438, dtype=torch.float16);tensor(-1.6719, dtype=torch.float16);tensor(-18.5000, dtype=torch.float16);tensor(-0.7578, dtype=torch.float16);tensor(-6.0078, dtype=torch.float16);tensor(-1.9922, dtype=torch.float16);tensor(-0.0156, dtype=torch.float16);tensor(-0.0156, dtype=torch.float16);tensor(-2.1094, dtype=torch.float16);tensor(0., dtype=torch.float16);tensor(-5.7031, dtype=torch.float16);tensor(-1.9141, dtype=torch.float16);tensor(-7.2500, dtype=torch.float16);tensor(-0.3438, dtype=torch.float16);tensor(-2.5469, dtype=torch.float16);tensor(-0.8906, dtype=torch.float16);tensor(-0.9219, dtype=torch.float16);tensor(-2.4531, dtype=torch.float16);tensor(-11.4531, dtype=torch.float16);tensor(-0.3125, dtype=torch.float16);tensor(-3.4141, dtype=torch.float16);tensor(-3.1016, dtype=torch.float16);tensor(-0.8516, dtype=torch.float16);tensor(-1.7500, dtype=torch.float16);tensor(-0.2500, dtype=torch.float16);tensor(-2.1562, dtype=torch.float16);tensor(0., dtype=torch.float16);tensor(-1.6719, dtype=torch.float16);tensor(-5.7422, dtype=torch.float16);tensor(-5.8438, dtype=torch.float16);tensor(-4.1016, dtype=torch.float16);tensor(-1.1719, dtype=torch.float16);tensor(-1.1250, dtype=torch.float16);tensor(-2.8906, dtype=torch.float16);tensor(-2.3281, dtype=torch.float16);tensor(-0.9062, dtype=torch.float16);tensor(-6.0625, dtype=torch.float16);tensor(-0.1406, dtype=torch.float16);tensor(-2.9922, dtype=torch.float16);tensor(-2.7578, dtype=torch.float16);tensor(-4.3594, dtype=torch.float16);tensor(-0.3281, dtype=torch.float16);tensor(-0.0312, dtype=torch.float16);tensor(-0.8750, dtype=torch.float16);tensor(-0.0781, dtype=torch.float16);tensor(-0.0156, dtype=torch.float16);tensor(0., dtype=torch.float16);tensor(-4.7031, dtype=torch.float16);tensor(-0.1875, dtype=torch.float16);tensor(0., dtype=torch.float16);tensor(0., dtype=torch.float16);tensor(-0.9531, dtype=torch.float16);tensor(-3.8047, dtype=torch.float16);tensor(-2.5234, dtype=torch.float16);tensor(-9.8438, dtype=torch.float16);tensor(-3.4219, dtype=torch.float16);tensor(-1.4375, dtype=torch.float16);tensor(-3.0625, dtype=torch.float16);tensor(-1.1250, dtype=torch.float16);tensor(-6.1797, dtype=torch.float16);tensor(-4.5469, dtype=torch.float16);tensor(-2.6250, dtype=torch.float16);tensor(-1.2188, dtype=torch.float16);tensor(-0.7500, dtype=torch.float16);tensor(-2.7656, dtype=torch.float16);tensor(-1.4531, dtype=torch.float16);tensor(-0.2188, dtype=torch.float16);tensor(-8.4141, dtype=torch.float16);tensor(-0.0625, dtype=torch.float16);tensor(-0.3125, dtype=torch.float16);tensor(-1.6094, dtype=torch.float16);tensor(-0.7969, dtype=torch.float16);tensor(-0.2656, dtype=torch.float16);tensor(-0.0469, dtype=torch.float16);tensor(-0.2344, dtype=torch.float16);tensor(-0.0156, dtype=torch.float16);tensor(-2.5625, dtype=torch.float16);tensor(0., dtype=torch.float16);tensor(-0.0156, dtype=torch.float16);tensor(0., dtype=torch.float16);tensor(-0.0156, dtype=torch.float16);tensor(0., dtype=torch.float16);tensor(-0.0469, dtype=torch.float16);tensor(0., dtype=torch.float16);tensor(-0.2031, dtype=torch.float16);tensor(-0.3750, dtype=torch.float16);tensor(-2.9609, dtype=torch.float16);tensor(-0.0156, dtype=torch.float16);tensor(-0.2188, dtype=torch.float16);tensor(-8.9141, dtype=torch.float16);tensor(-2.4688, dtype=torch.float16);tensor(-0.1797, dtype=torch.float16);tensor(-3.5781, dtype=torch.float16)",epitome_rm
4,Sheila's Problem,explicit,"John and Sheila work in an office together. Sheila works in Finance and has a great working relationship with her supervisor, Mike. Mike’s boss Courtney has recently hired a new PA called John, who has developed a crush on Sheila. One day, after an extremely awkward encounter with John, Sheila tells her friend and colleague Amy about John’s crush. She and Sheila agree that it would be best to just let John believe that Sheila hasn’t noticed anything odd.
Later, at the pub, John tells his best friend Tim about his crush on Sheila. He is worried that things could be very uncomfortable at the office if Sheila knew that he has a crush on her, but he is fairly confident that she hasn’t yet realized. Tim’s girlfriend is Amy, the same colleague that Sheila has told about John’s crush. Tim tells Amy about John’s crush on Sheila, and Amy tells Tim that Sheila told her about it earlier that day. Tim is worried about John – he knows that John would be mortified if he realized that Sheila knew about his feelings for her. Amy reassures Tim that Sheila intends to keep John in the dark by acting normally, so that he never realizes that she’s figured it out.
Amy realizes that there is another person who needs to know about this whole situation: Victor. Victor is her brother Shaun’s best friend, and he is married to Sheila. Even if there is nothing going on between Sheila and John, Amy thinks that Victor deserves to know about the situation. She tells him about John’s crush and Sheila’s plan to keep the office environment comfortable. It turns out that Victor knew about the whole plan.",explicit,mental,1,John likes Sheila.,John likes Amy.,a,-3.765625,-4.93359375,-37.65625,-44.40625,"tensor(-9.2969, dtype=torch.float16);tensor(-5.3047, dtype=torch.float16);tensor(0., dtype=torch.float16);tensor(-0.9688, dtype=torch.float16);tensor(0., dtype=torch.float16);tensor(-3.0312, dtype=torch.float16);tensor(-9.7812, dtype=torch.float16);tensor(-0.0469, dtype=torch.float16);tensor(-0.0859, dtype=torch.float16);tensor(-9.1484, dtype=torch.float16)","tensor(-9.2969, dtype=torch.float16);tensor(-5.3047, dtype=torch.float16);tensor(0., dtype=torch.float16);tensor(-6.7734, dtype=torch.float16);tensor(-3.5391, dtype=torch.float16);tensor(-10.2969, dtype=torch.float16);tensor(-0.2344, dtype=torch.float16);tensor(-0.0547, dtype=torch.float16);tensor(-8.9062, dtype=torch.float16)",epitome_rm
4,Sheila's Problem,explicit,"John and Sheila work in an office together. Sheila works in Finance and has a great working relationship with her supervisor, Mike. Mike’s boss Courtney has recently hired a new PA called John, who has developed a crush on Sheila. One day, after an extremely awkward encounter with John, Sheila tells her friend and colleague Amy about John’s crush. She and Sheila agree that it would be best to just let John believe that Sheila hasn’t noticed anything odd.
Later, at the pub, John tells his best friend Tim about his crush on Sheila. He is worried that things could be very uncomfortable at the office if Sheila knew that he has a crush on her, but he is fairly confident that she hasn’t yet realized. Tim’s girlfriend is Amy, the same colleague that Sheila has told about John’s crush. Tim tells Amy about John’s crush on Sheila, and Amy tells Tim that Sheila told her about it earlier that day. Tim is worried about John – he knows that John would be mortified if he realized that Sheila knew about his feelings for her. Amy reassures Tim that Sheila intends to keep John in the dark by acting normally, so that he never realizes that she’s figured it out.
Amy realizes that there is another person who needs to know about this whole situation: Victor. Victor is her brother Shaun’s best friend, and he is married to Sheila. Even if there is nothing going on between Sheila and John, Amy thinks that Victor deserves to know about the situation. She tells him about John’s crush and Sheila’s plan to keep the office environment comfortable. It turns out that Victor knew about the whole plan.",explicit,mental,2,Sheila knows that John likes her.,Sheila doesn’t know that John likes her.,a,-3.166015625,-3.060546875,-41.15625,-48.96875,"tensor(-5.1016, dtype=torch.float16);tensor(0., dtype=torch.float16);tensor(-8.4375, dtype=torch.float16);tensor(-0.2188, dtype=torch.float16);tensor(-2.6250, dtype=torch.float16);tensor(-2.5391, dtype=torch.float16);tensor(0., dtype=torch.float16);tensor(0., dtype=torch.float16);tensor(-3.3281, dtype=torch.float16);tensor(-9.8438, dtype=torch.float16);tensor(-0.1719, dtype=torch.float16);tensor(-0.0703, dtype=torch.float16);tensor(-8.8281, dtype=torch.float16)","tensor(-5.1016, dtype=torch.float16);tensor(0., dtype=torch.float16);tensor(-8.7188, dtype=torch.float16);tensor(0., dtype=torch.float16);tensor(0., dtype=torch.float16);tensor(-3., dtype=torch.float16);tensor(-0.1250, dtype=torch.float16);tensor(-6.1953, dtype=torch.float16);tensor(-5.7031, dtype=torch.float16);tensor(0., dtype=torch.float16);tensor(0., dtype=torch.float16);tensor(-1.6562, dtype=torch.float16);tensor(-10.1562, dtype=torch.float16);tensor(-0.0156, dtype=torch.float16);tensor(-0.0469, dtype=torch.float16);tensor(-8.2578, dtype=torch.float16)",epitome_rm
4,Sheila's Problem,explicit,"John and Sheila work in an office together. Sheila works in Finance and has a great working relationship with her supervisor, Mike. Mike’s boss Courtney has recently hired a new PA called John, who has developed a crush on Sheila. One day, after an extremely awkward encounter with John, Sheila tells her friend and colleague Amy about John’s crush. She and Sheila agree that it would be best to just let John believe that Sheila hasn’t noticed anything odd.
Later, at the pub, John tells his best friend Tim about his crush on Sheila. He is worried that things could be very uncomfortable at the office if Sheila knew that he has a crush on her, but he is fairly confident that she hasn’t yet realized. Tim’s girlfriend is Amy, the same colleague that Sheila has told about John’s crush. Tim tells Amy about John’s crush on Sheila, and Amy tells Tim that Sheila told her about it earlier that day. Tim is worried about John – he knows that John would be mortified if he realized that Sheila knew about his feelings for her. Amy reassures Tim that Sheila intends to keep John in the dark by acting normally, so that he never realizes that she’s figured it out.
Amy realizes that there is another person who needs to know about this whole situation: Victor. Victor is her brother Shaun’s best friend, and he is married to Sheila. Even if there is nothing going on between Sheila and John, Amy thinks that Victor deserves to know about the situation. She tells him about John’s crush and Sheila’s plan to keep the office environment comfortable. It turns out that Victor knew about the whole plan.",explicit,mental,3,John thinks that Sheila hasn’t realised that he likes her.,John thinks that Sheila has realised that he likes her.,a,-2.697265625,-3.19921875,-53.9375,-57.59375,"tensor(-9.2969, dtype=torch.float16);tensor(-5.1797, dtype=torch.float16);tensor(-0.3125, dtype=torch.float16);tensor(-2.3281, dtype=torch.float16);tensor(0., dtype=torch.float16);tensor(-3.0156, dtype=torch.float16);tensor(-0.0156, dtype=torch.float16);tensor(0., dtype=torch.float16);tensor(-8.6641, dtype=torch.float16);tensor(-0.2188, dtype=torch.float16);tensor(-1.6875, dtype=torch.float16);tensor(-0.0156, dtype=torch.float16);tensor(-2.6094, dtype=torch.float16);tensor(0., dtype=torch.float16);tensor(0., dtype=torch.float16);tensor(-1.3906, dtype=torch.float16);tensor(-10.6406, dtype=torch.float16);tensor(0., dtype=torch.float16);tensor(-0.0703, dtype=torch.float16);tensor(-8.5000, dtype=torch.float16)","tensor(-9.2969, dtype=torch.float16);tensor(-5.1797, dtype=torch.float16);tensor(-0.3125, dtype=torch.float16);tensor(-2.3281, dtype=torch.float16);tensor(0., dtype=torch.float16);tensor(-1.8750, dtype=torch.float16);tensor(-10.7656, dtype=torch.float16);tensor(-2.1953, dtype=torch.float16);tensor(-1.1562, dtype=torch.float16);tensor(-0.0156, dtype=torch.float16);tensor(-2.4531, dtype=torch.float16);tensor(0., dtype=torch.float16);tensor(0., dtype=torch.float16);tensor(-2.1875, dtype=torch.float16);tensor(-10.6562, dtype=torch.float16);tensor(0., dtype=torch.float16);tensor(-0.1094, dtype=torch.float16);tensor(-9.0625, dtype=torch.float16)",epitome_rm
4,Sheila's Problem,explicit,"John and Sheila work in an office together. Sheila works in Finance and has a great working relationship with her supervisor, Mike. Mike’s boss Courtney has recently hired a new PA called John, who has developed a crush on Sheila. One day, after an extremely awkward encounter with John, Sheila tells her friend and colleague Amy about John’s crush. She and Sheila agree that it would be best to just let John believe that Sheila hasn’t noticed anything odd.
Later, at the pub, John tells his best friend Tim about his crush on Sheila. He is worried that things could be very uncomfortable at the office if Sheila knew that he has a crush on her, but he is fairly confident that she hasn’t yet realized. Tim’s girlfriend is Amy, the same colleague that Sheila has told about John’s crush. Tim tells Amy about John’s crush on Sheila, and Amy tells Tim that Sheila told her about it earlier that day. Tim is worried about John – he knows that John would be mortified if he realized that Sheila knew about his feelings for her. Amy reassures Tim that Sheila intends to keep John in the dark by acting normally, so that he never realizes that she’s figured it out.
Amy realizes that there is another person who needs to know about this whole situation: Victor. Victor is her brother Shaun’s best friend, and he is married to Sheila. Even if there is nothing going on between Sheila and John, Amy thinks that Victor deserves to know about the situation. She tells him about John’s crush and Sheila’s plan to keep the office environment comfortable. It turns out that Victor knew about the whole plan.",explicit,mental,4,Sheila wants John to think that she hasn’t realised that he likes her.,Sheila doesn’t want John to think that she hasn’t realised that he likes her.,a,-2.28515625,-2.388671875,-52.5625,-62.125,"tensor(-5.1016, dtype=torch.float16);tensor(0., dtype=torch.float16);tensor(-8.4531, dtype=torch.float16);tensor(-4.3125, dtype=torch.float16);tensor(-0.0156, dtype=torch.float16);tensor(-1.1875, dtype=torch.float16);tensor(-0.0625, dtype=torch.float16);tensor(-0.3750, dtype=torch.float16);tensor(-0.5312, dtype=torch.float16);tensor(0., dtype=torch.float16);tensor(0., dtype=torch.float16);tensor(-8.5859, dtype=torch.float16);tensor(-0.1875, dtype=torch.float16);tensor(-2.3125, dtype=torch.float16);tensor(-0.0156, dtype=torch.float16);tensor(-2.5156, dtype=torch.float16);tensor(0., dtype=torch.float16);tensor(0., dtype=torch.float16);tensor(-1.5156, dtype=torch.float16);tensor(-10.2109, dtype=torch.float16);tensor(-0.0156, dtype=torch.float16);tensor(-0.0469, dtype=torch.float16);tensor(-7.1133, dtype=torch.float16)","tensor(-5.1016, dtype=torch.float16);tensor(0., dtype=torch.float16);tensor(-8.7188, dtype=torch.float16);tensor(0., dtype=torch.float16);tensor(0., dtype=torch.float16);tensor(-0.3750, dtype=torch.float16);tensor(-2.5625, dtype=torch.float16);tensor(-0.0469, dtype=torch.float16);tensor(-3.2344, dtype=torch.float16);tensor(-0.1094, dtype=torch.float16);tensor(-0.0781, dtype=torch.float16);tensor(-6.4062, dtype=torch.float16);tensor(0., dtype=torch.float16);tensor(0., dtype=torch.float16);tensor(-12.1406, dtype=torch.float16);tensor(-0.2422, dtype=torch.float16);tensor(-2.3750, dtype=torch.float16);tensor(-0.0156, dtype=torch.float16);tensor(-2.0312, dtype=torch.float16);tensor(0., dtype=torch.float16);tensor(0., dtype=torch.float16);tensor(-1.9062, dtype=torch.float16);tensor(-10.3906, dtype=torch.float16);tensor(-0.0156, dtype=torch.float16);tensor(-0.0391, dtype=torch.float16);tensor(-6.3359, dtype=torch.float16)",epitome_rm
4,Sheila's Problem,explicit,"John and Sheila work in an office together. Sheila works in Finance and has a great working relationship with her supervisor, Mike. Mike’s boss Courtney has recently hired a new PA called John, who has developed a crush on Sheila. One day, after an extremely awkward encounter with John, Sheila tells her friend and colleague Amy about John’s crush. She and Sheila agree that it would be best to just let John believe that Sheila hasn’t noticed anything odd.
Later, at the pub, John tells his best friend Tim about his crush on Sheila. He is worried that things could be very uncomfortable at the office if Sheila knew that he has a crush on her, but he is fairly confident that she hasn’t yet realized. Tim’s girlfriend is Amy, the same colleague that Sheila has told about John’s crush. Tim tells Amy about John’s crush on Sheila, and Amy tells Tim that Sheila told her about it earlier that day. Tim is worried about John – he knows that John would be mortified if he realized that Sheila knew about his feelings for her. Amy reassures Tim that Sheila intends to keep John in the dark by acting normally, so that he never realizes that she’s figured it out.
Amy realizes that there is another person who needs to know about this whole situation: Victor. Victor is her brother Shaun’s best friend, and he is married to Sheila. Even if there is nothing going on between Sheila and John, Amy thinks that Victor deserves to know about the situation. She tells him about John’s crush and Sheila’s plan to keep the office environment comfortable. It turns out that Victor knew about the whole plan.",explicit,mental,5,Amy knows that Sheila wants John to think that she hasn’t realised that he likes her.,Amy doesn’t know that Sheila wants John to think that she hasn’t realised that he likes her.,a,-2.392578125,-2.275390625,-62.1875,-66.0,"tensor(-8.7031, dtype=torch.float16);tensor(-5.7656, dtype=torch.float16);tensor(-0.0938, dtype=torch.float16);tensor(-3.8672, dtype=torch.float16);tensor(0., dtype=torch.float16);tensor(-4.3438, dtype=torch.float16);tensor(-4.2500, dtype=torch.float16);tensor(-0.0156, dtype=torch.float16);tensor(-1.2969, dtype=torch.float16);tensor(-0.0469, dtype=torch.float16);tensor(-0.2656, dtype=torch.float16);tensor(-0.5469, dtype=torch.float16);tensor(0., dtype=torch.float16);tensor(0., dtype=torch.float16);tensor(-8.0547, dtype=torch.float16);tensor(-0.1875, dtype=torch.float16);tensor(-2.7188, dtype=torch.float16);tensor(-0.0156, dtype=torch.float16);tensor(-2.5625, dtype=torch.float16);tensor(0., dtype=torch.float16);tensor(0., dtype=torch.float16);tensor(-1.4062, dtype=torch.float16);tensor(-10.7969, dtype=torch.float16);tensor(-0.1094, dtype=torch.float16);tensor(-0.0391, dtype=torch.float16);tensor(-7.0977, dtype=torch.float16)","tensor(-8.7031, dtype=torch.float16);tensor(-5.0625, dtype=torch.float16);tensor(-0.0156, dtype=torch.float16);tensor(0., dtype=torch.float16);tensor(-0.5625, dtype=torch.float16);tensor(-1.1562, dtype=torch.float16);tensor(-5.9297, dtype=torch.float16);tensor(0., dtype=torch.float16);tensor(-7.2422, dtype=torch.float16);tensor(-3.0234, dtype=torch.float16);tensor(-0.0625, dtype=torch.float16);tensor(-1.5859, dtype=torch.float16);tensor(-0.2031, dtype=torch.float16);tensor(-0.1875, dtype=torch.float16);tensor(-1.0938, dtype=torch.float16);tensor(0., dtype=torch.float16);tensor(0., dtype=torch.float16);tensor(-8.2500, dtype=torch.float16);tensor(-0.1094, dtype=torch.float16);tensor(-2.2500, dtype=torch.float16);tensor(-0.0312, dtype=torch.float16);tensor(-2.4531, dtype=torch.float16);tensor(0., dtype=torch.float16);tensor(0., dtype=torch.float16);tensor(-0.6562, dtype=torch.float16);tensor(-10.8281, dtype=torch.float16);tensor(-0.0312, dtype=torch.float16);tensor(-0.0312, dtype=torch.float16);tensor(-6.5273, dtype=torch.float16)",epitome_rm
4,Sheila's Problem,explicit,"John and Sheila work in an office together. Sheila works in Finance and has a great working relationship with her supervisor, Mike. Mike’s boss Courtney has recently hired a new PA called John, who has developed a crush on Sheila. One day, after an extremely awkward encounter with John, Sheila tells her friend and colleague Amy about John’s crush. She and Sheila agree that it would be best to just let John believe that Sheila hasn’t noticed anything odd.
Later, at the pub, John tells his best friend Tim about his crush on Sheila. He is worried that things could be very uncomfortable at the office if Sheila knew that he has a crush on her, but he is fairly confident that she hasn’t yet realized. Tim’s girlfriend is Amy, the same colleague that Sheila has told about John’s crush. Tim tells Amy about John’s crush on Sheila, and Amy tells Tim that Sheila told her about it earlier that day. Tim is worried about John – he knows that John would be mortified if he realized that Sheila knew about his feelings for her. Amy reassures Tim that Sheila intends to keep John in the dark by acting normally, so that he never realizes that she’s figured it out.
Amy realizes that there is another person who needs to know about this whole situation: Victor. Victor is her brother Shaun’s best friend, and he is married to Sheila. Even if there is nothing going on between Sheila and John, Amy thinks that Victor deserves to know about the situation. She tells him about John’s crush and Sheila’s plan to keep the office environment comfortable. It turns out that Victor knew about the whole plan.",explicit,mental,6,Victor knows that Amy knows that Sheila wants John to think that she hasn’t realised that he likes her.,Victor doesn’t know that Amy knows that Sheila wants John to think that she hasn’t realised that he likes her.,a,-2.396484375,-2.19921875,-69.5,-70.375,"tensor(-2.5703, dtype=torch.float16);tensor(-4.3828, dtype=torch.float16);tensor(-0.3750, dtype=torch.float16);tensor(-10.6406, dtype=torch.float16);tensor(-4.3125, dtype=torch.float16);tensor(-2.1406, dtype=torch.float16);tensor(-1.1875, dtype=torch.float16);tensor(0., dtype=torch.float16);tensor(-6.8594, dtype=torch.float16);tensor(-3.1562, dtype=torch.float16);tensor(-0.0156, dtype=torch.float16);tensor(-0.9688, dtype=torch.float16);tensor(-0.1875, dtype=torch.float16);tensor(-0.2812, dtype=torch.float16);tensor(-0.6875, dtype=torch.float16);tensor(-0.0156, dtype=torch.float16);tensor(0., dtype=torch.float16);tensor(-8.0156, dtype=torch.float16);tensor(-0.1719, dtype=torch.float16);tensor(-1.8125, dtype=torch.float16);tensor(-0.0312, dtype=torch.float16);tensor(-2.8594, dtype=torch.float16);tensor(0., dtype=torch.float16);tensor(0., dtype=torch.float16);tensor(-0.5000, dtype=torch.float16);tensor(-10.2969, dtype=torch.float16);tensor(-1.5391, dtype=torch.float16);tensor(-0.0391, dtype=torch.float16);tensor(-6.4375, dtype=torch.float16)","tensor(-2.5703, dtype=torch.float16);tensor(-6.3984, dtype=torch.float16);tensor(-0.0469, dtype=torch.float16);tensor(0., dtype=torch.float16);tensor(-3.4844, dtype=torch.float16);tensor(-5.7500, dtype=torch.float16);tensor(-2.3359, dtype=torch.float16);tensor(-1.5156, dtype=torch.float16);tensor(-3.8516, dtype=torch.float16);tensor(-1.4531, dtype=torch.float16);tensor(0., dtype=torch.float16);tensor(-7.5234, dtype=torch.float16);tensor(-2.9844, dtype=torch.float16);tensor(-0.0156, dtype=torch.float16);tensor(-1.0938, dtype=torch.float16);tensor(-0.3125, dtype=torch.float16);tensor(-0.1875, dtype=torch.float16);tensor(-0.6094, dtype=torch.float16);tensor(0., dtype=torch.float16);tensor(0., dtype=torch.float16);tensor(-7.9609, dtype=torch.float16);tensor(-0.1875, dtype=torch.float16);tensor(-2.2656, dtype=torch.float16);tensor(-0.0312, dtype=torch.float16);tensor(-2.6406, dtype=torch.float16);tensor(0., dtype=torch.float16);tensor(0., dtype=torch.float16);tensor(-0.3281, dtype=torch.float16);tensor(-10.3047, dtype=torch.float16);tensor(-0.1328, dtype=torch.float16);tensor(-0.0312, dtype=torch.float16);tensor(-6.3711, dtype=torch.float16)",epitome_rm
4,Sheila's Problem,explicit,"John and Sheila work in an office together. Sheila works in Finance and has a great working relationship with her supervisor, Mike. Mike’s boss Courtney has recently hired a new PA called John, who has developed a crush on Sheila. One day, after an extremely awkward encounter with John, Sheila tells her friend and colleague Amy about John’s crush. She and Sheila agree that it would be best to just let John believe that Sheila hasn’t noticed anything odd.
Later, at the pub, John tells his best friend Tim about his crush on Sheila. He is worried that things could be very uncomfortable at the office if Sheila knew that he has a crush on her, but he is fairly confident that she hasn’t yet realized. Tim’s girlfriend is Amy, the same colleague that Sheila has told about John’s crush. Tim tells Amy about John’s crush on Sheila, and Amy tells Tim that Sheila told her about it earlier that day. Tim is worried about John – he knows that John would be mortified if he realized that Sheila knew about his feelings for her. Amy reassures Tim that Sheila intends to keep John in the dark by acting normally, so that he never realizes that she’s figured it out.
Amy realizes that there is another person who needs to know about this whole situation: Victor. Victor is her brother Shaun’s best friend, and he is married to Sheila. Even if there is nothing going on between Sheila and John, Amy thinks that Victor deserves to know about the situation. She tells him about John’s crush and Sheila’s plan to keep the office environment comfortable. It turns out that Victor knew about the whole plan.",explicit,mental,7,Amy wants Victor to know that she knows that Sheila wants John to think that she hasn’t realised that he likes her.,Amy doesn't want Victor knows that she knows that Sheila wants John to think that she hasn’t realised that he likes her.,a,-2.267578125,-2.69921875,-72.5625,-91.75,"tensor(-8.7031, dtype=torch.float16);tensor(-5.8594, dtype=torch.float16);tensor(-3.9141, dtype=torch.float16);tensor(-0.0469, dtype=torch.float16);tensor(-3.0312, dtype=torch.float16);tensor(-1.1562, dtype=torch.float16);tensor(-0.8594, dtype=torch.float16);tensor(-2.8906, dtype=torch.float16);tensor(-3.5078, dtype=torch.float16);tensor(-1.3281, dtype=torch.float16);tensor(0., dtype=torch.float16);tensor(-5.2500, dtype=torch.float16);tensor(-3.0703, dtype=torch.float16);tensor(-0.0156, dtype=torch.float16);tensor(-1.2344, dtype=torch.float16);tensor(-0.0938, dtype=torch.float16);tensor(-0.3906, dtype=torch.float16);tensor(-0.6094, dtype=torch.float16);tensor(0., dtype=torch.float16);tensor(0., dtype=torch.float16);tensor(-7.8516, dtype=torch.float16);tensor(-0.1875, dtype=torch.float16);tensor(-2.0938, dtype=torch.float16);tensor(-0.0312, dtype=torch.float16);tensor(-2.4219, dtype=torch.float16);tensor(0., dtype=torch.float16);tensor(0., dtype=torch.float16);tensor(-0.5312, dtype=torch.float16);tensor(-10.7344, dtype=torch.float16);tensor(-0.3203, dtype=torch.float16);tensor(-0.0391, dtype=torch.float16);tensor(-6.3906, dtype=torch.float16)","tensor(-8.7031, dtype=torch.float16);tensor(-5.0625, dtype=torch.float16);tensor(-4.3516, dtype=torch.float16);tensor(0., dtype=torch.float16);tensor(-4.7891, dtype=torch.float16);tensor(-1.4062, dtype=torch.float16);tensor(-9.2031, dtype=torch.float16);tensor(-2.5391, dtype=torch.float16);tensor(-0.7656, dtype=torch.float16);tensor(-1.6953, dtype=torch.float16);tensor(-3.6562, dtype=torch.float16);tensor(-1.4375, dtype=torch.float16);tensor(0., dtype=torch.float16);tensor(-6.7578, dtype=torch.float16);tensor(-3.3828, dtype=torch.float16);tensor(-0.0938, dtype=torch.float16);tensor(-1.2812, dtype=torch.float16);tensor(-0.4375, dtype=torch.float16);tensor(-0.1875, dtype=torch.float16);tensor(-0.9062, dtype=torch.float16);tensor(-2.3594, dtype=torch.float16);tensor(0., dtype=torch.float16);tensor(-6.7188, dtype=torch.float16);tensor(-0.1094, dtype=torch.float16);tensor(-2.1875, dtype=torch.float16);tensor(-0.0625, dtype=torch.float16);tensor(-2.2812, dtype=torch.float16);tensor(0., dtype=torch.float16);tensor(0., dtype=torch.float16);tensor(-0.2344, dtype=torch.float16);tensor(-11.0078, dtype=torch.float16);tensor(-3.1016, dtype=torch.float16);tensor(-0.0625, dtype=torch.float16);tensor(-7., dtype=torch.float16)",epitome_rm
4,Sheila's Problem,explicit,"John and Sheila work in an office together. Sheila works in Finance and has a great working relationship with her supervisor, Mike. Mike’s boss Courtney has recently hired a new PA called John, who has developed a crush on Sheila. One day, after an extremely awkward encounter with John, Sheila tells her friend and colleague Amy about John’s crush. She and Sheila agree that it would be best to just let John believe that Sheila hasn’t noticed anything odd.
Later, at the pub, John tells his best friend Tim about his crush on Sheila. He is worried that things could be very uncomfortable at the office if Sheila knew that he has a crush on her, but he is fairly confident that she hasn’t yet realized. Tim’s girlfriend is Amy, the same colleague that Sheila has told about John’s crush. Tim tells Amy about John’s crush on Sheila, and Amy tells Tim that Sheila told her about it earlier that day. Tim is worried about John – he knows that John would be mortified if he realized that Sheila knew about his feelings for her. Amy reassures Tim that Sheila intends to keep John in the dark by acting normally, so that he never realizes that she’s figured it out.
Amy realizes that there is another person who needs to know about this whole situation: Victor. Victor is her brother Shaun’s best friend, and he is married to Sheila. Even if there is nothing going on between Sheila and John, Amy thinks that Victor deserves to know about the situation. She tells him about John’s crush and Sheila’s plan to keep the office environment comfortable. It turns out that Victor knew about the whole plan.",explicit,control,1,Mike is Sheila’s supervisor.,Mike is Sheila’s PA.,a,-3.0703125,-4.19921875,-39.9375,-50.375,"tensor(-8.3438, dtype=torch.float16);tensor(-4.1016, dtype=torch.float16);tensor(-6.2188, dtype=torch.float16);tensor(0., dtype=torch.float16);tensor(-0.0156, dtype=torch.float16);tensor(0., dtype=torch.float16);tensor(-0.5469, dtype=torch.float16);tensor(0., dtype=torch.float16);tensor(-3.0938, dtype=torch.float16);tensor(-10.1094, dtype=torch.float16);tensor(-0.0781, dtype=torch.float16);tensor(-0.0469, dtype=torch.float16);tensor(-7.3672, dtype=torch.float16)","tensor(-8.3438, dtype=torch.float16);tensor(-4.1016, dtype=torch.float16);tensor(-6.2188, dtype=torch.float16);tensor(0., dtype=torch.float16);tensor(-0.0156, dtype=torch.float16);tensor(0., dtype=torch.float16);tensor(-12.0859, dtype=torch.float16);tensor(-2.2188, dtype=torch.float16);tensor(-9.5859, dtype=torch.float16);tensor(-0.0469, dtype=torch.float16);tensor(-0.0625, dtype=torch.float16);tensor(-7.6992, dtype=torch.float16)",epitome_rm
4,Sheila's Problem,explicit,"John and Sheila work in an office together. Sheila works in Finance and has a great working relationship with her supervisor, Mike. Mike’s boss Courtney has recently hired a new PA called John, who has developed a crush on Sheila. One day, after an extremely awkward encounter with John, Sheila tells her friend and colleague Amy about John’s crush. She and Sheila agree that it would be best to just let John believe that Sheila hasn’t noticed anything odd.
Later, at the pub, John tells his best friend Tim about his crush on Sheila. He is worried that things could be very uncomfortable at the office if Sheila knew that he has a crush on her, but he is fairly confident that she hasn’t yet realized. Tim’s girlfriend is Amy, the same colleague that Sheila has told about John’s crush. Tim tells Amy about John’s crush on Sheila, and Amy tells Tim that Sheila told her about it earlier that day. Tim is worried about John – he knows that John would be mortified if he realized that Sheila knew about his feelings for her. Amy reassures Tim that Sheila intends to keep John in the dark by acting normally, so that he never realizes that she’s figured it out.
Amy realizes that there is another person who needs to know about this whole situation: Victor. Victor is her brother Shaun’s best friend, and he is married to Sheila. Even if there is nothing going on between Sheila and John, Amy thinks that Victor deserves to know about the situation. She tells him about John’s crush and Sheila’s plan to keep the office environment comfortable. It turns out that Victor knew about the whole plan.",explicit,control,2,Courtney is Sheila’s supervisor Mike’s boss.,Courtney’s is Sheila’s PA Mike’s supervisor.,a,-2.267578125,-3.400390625,-43.09375,-68.0,"tensor(-7.3438, dtype=torch.float16);tensor(0., dtype=torch.float16);tensor(-4.5625, dtype=torch.float16);tensor(-6.3984, dtype=torch.float16);tensor(0., dtype=torch.float16);tensor(-0.0312, dtype=torch.float16);tensor(0., dtype=torch.float16);tensor(-2.6875, dtype=torch.float16);tensor(0., dtype=torch.float16);tensor(-2.0938, dtype=torch.float16);tensor(-0.0312, dtype=torch.float16);tensor(0., dtype=torch.float16);tensor(-0.0469, dtype=torch.float16);tensor(0., dtype=torch.float16);tensor(-1.1875, dtype=torch.float16);tensor(-10.6406, dtype=torch.float16);tensor(-0.0391, dtype=torch.float16);tensor(-0.0469, dtype=torch.float16);tensor(-7.9805, dtype=torch.float16)","tensor(-7.3438, dtype=torch.float16);tensor(0., dtype=torch.float16);tensor(-4.4844, dtype=torch.float16);tensor(0., dtype=torch.float16);tensor(-8.4922, dtype=torch.float16);tensor(-7.8320, dtype=torch.float16);tensor(0., dtype=torch.float16);tensor(-0.0312, dtype=torch.float16);tensor(0., dtype=torch.float16);tensor(-9.2500, dtype=torch.float16);tensor(-6.5234, dtype=torch.float16);tensor(-1.0156, dtype=torch.float16);tensor(0., dtype=torch.float16);tensor(-4.1953, dtype=torch.float16);tensor(0., dtype=torch.float16);tensor(-0.8594, dtype=torch.float16);tensor(-10.6641, dtype=torch.float16);tensor(-0.0391, dtype=torch.float16);tensor(-0.0469, dtype=torch.float16);tensor(-7.2461, dtype=torch.float16)",epitome_rm
4,Sheila's Problem,explicit,"John and Sheila work in an office together. Sheila works in Finance and has a great working relationship with her supervisor, Mike. Mike’s boss Courtney has recently hired a new PA called John, who has developed a crush on Sheila. One day, after an extremely awkward encounter with John, Sheila tells her friend and colleague Amy about John’s crush. She and Sheila agree that it would be best to just let John believe that Sheila hasn’t noticed anything odd.
Later, at the pub, John tells his best friend Tim about his crush on Sheila. He is worried that things could be very uncomfortable at the office if Sheila knew that he has a crush on her, but he is fairly confident that she hasn’t yet realized. Tim’s girlfriend is Amy, the same colleague that Sheila has told about John’s crush. Tim tells Amy about John’s crush on Sheila, and Amy tells Tim that Sheila told her about it earlier that day. Tim is worried about John – he knows that John would be mortified if he realized that Sheila knew about his feelings for her. Amy reassures Tim that Sheila intends to keep John in the dark by acting normally, so that he never realizes that she’s figured it out.
Amy realizes that there is another person who needs to know about this whole situation: Victor. Victor is her brother Shaun’s best friend, and he is married to Sheila. Even if there is nothing going on between Sheila and John, Amy thinks that Victor deserves to know about the situation. She tells him about John’s crush and Sheila’s plan to keep the office environment comfortable. It turns out that Victor knew about the whole plan.",explicit,control,3,John is Sheila’s supervisor Mike’s boss’s PA.,John is Sheila’s PA Mike’s boss’s supervisor.,a,-2.388671875,-3.22265625,-50.1875,-67.6875,"tensor(-9.2812, dtype=torch.float16);tensor(-2.1953, dtype=torch.float16);tensor(-5.8516, dtype=torch.float16);tensor(0., dtype=torch.float16);tensor(-0.0469, dtype=torch.float16);tensor(0., dtype=torch.float16);tensor(-4.7500, dtype=torch.float16);tensor(0., dtype=torch.float16);tensor(-2.4062, dtype=torch.float16);tensor(-0.0156, dtype=torch.float16);tensor(0., dtype=torch.float16);tensor(-4.8828, dtype=torch.float16);tensor(0., dtype=torch.float16);tensor(-1.1250, dtype=torch.float16);tensor(-0.0156, dtype=torch.float16);tensor(-0.7188, dtype=torch.float16);tensor(-0.7656, dtype=torch.float16);tensor(-9.6875, dtype=torch.float16);tensor(-0.0703, dtype=torch.float16);tensor(-0.0625, dtype=torch.float16);tensor(-8.2969, dtype=torch.float16)","tensor(-9.2812, dtype=torch.float16);tensor(-2.1953, dtype=torch.float16);tensor(-5.8516, dtype=torch.float16);tensor(0., dtype=torch.float16);tensor(-0.0469, dtype=torch.float16);tensor(0., dtype=torch.float16);tensor(-8.4766, dtype=torch.float16);tensor(-11.6875, dtype=torch.float16);tensor(-0.1562, dtype=torch.float16);tensor(0., dtype=torch.float16);tensor(-0.6250, dtype=torch.float16);tensor(0., dtype=torch.float16);tensor(-1.3516, dtype=torch.float16);tensor(-0.0156, dtype=torch.float16);tensor(-9.5625, dtype=torch.float16);tensor(0., dtype=torch.float16);tensor(-0.8750, dtype=torch.float16);tensor(-9.7188, dtype=torch.float16);tensor(-0.1875, dtype=torch.float16);tensor(-0.0547, dtype=torch.float16);tensor(-7.6016, dtype=torch.float16)",epitome_rm
4,Sheila's Problem,explicit,"John and Sheila work in an office together. Sheila works in Finance and has a great working relationship with her supervisor, Mike. Mike’s boss Courtney has recently hired a new PA called John, who has developed a crush on Sheila. One day, after an extremely awkward encounter with John, Sheila tells her friend and colleague Amy about John’s crush. She and Sheila agree that it would be best to just let John believe that Sheila hasn’t noticed anything odd.
Later, at the pub, John tells his best friend Tim about his crush on Sheila. He is worried that things could be very uncomfortable at the office if Sheila knew that he has a crush on her, but he is fairly confident that she hasn’t yet realized. Tim’s girlfriend is Amy, the same colleague that Sheila has told about John’s crush. Tim tells Amy about John’s crush on Sheila, and Amy tells Tim that Sheila told her about it earlier that day. Tim is worried about John – he knows that John would be mortified if he realized that Sheila knew about his feelings for her. Amy reassures Tim that Sheila intends to keep John in the dark by acting normally, so that he never realizes that she’s figured it out.
Amy realizes that there is another person who needs to know about this whole situation: Victor. Victor is her brother Shaun’s best friend, and he is married to Sheila. Even if there is nothing going on between Sheila and John, Amy thinks that Victor deserves to know about the situation. She tells him about John’s crush and Sheila’s plan to keep the office environment comfortable. It turns out that Victor knew about the whole plan.",explicit,control,4,Tim is Sheila’s supervisor Mike’s boss’s PA John’s best friend.,Tim is Sheila’s best friend Mike’s boss’s PA John’s supervisor.,a,-2.345703125,-2.66015625,-61.0,-69.1875,"tensor(-8.7812, dtype=torch.float16);tensor(-1.3828, dtype=torch.float16);tensor(-13.1641, dtype=torch.float16);tensor(0., dtype=torch.float16);tensor(-0.0938, dtype=torch.float16);tensor(0., dtype=torch.float16);tensor(-2.1562, dtype=torch.float16);tensor(0., dtype=torch.float16);tensor(-1.5000, dtype=torch.float16);tensor(-0.1719, dtype=torch.float16);tensor(0., dtype=torch.float16);tensor(-3.4609, dtype=torch.float16);tensor(0., dtype=torch.float16);tensor(-1.9922, dtype=torch.float16);tensor(-0.0312, dtype=torch.float16);tensor(-0.7031, dtype=torch.float16);tensor(-4.3047, dtype=torch.float16);tensor(-0.5391, dtype=torch.float16);tensor(0., dtype=torch.float16);tensor(-1.8750, dtype=torch.float16);tensor(0., dtype=torch.float16);tensor(-0.7812, dtype=torch.float16);tensor(-9.8281, dtype=torch.float16);tensor(-0.0469, dtype=torch.float16);tensor(-0.1641, dtype=torch.float16);tensor(-10.0312, dtype=torch.float16)","tensor(-8.7812, dtype=torch.float16);tensor(-1.3828, dtype=torch.float16);tensor(-13.1641, dtype=torch.float16);tensor(0., dtype=torch.float16);tensor(-0.0938, dtype=torch.float16);tensor(0., dtype=torch.float16);tensor(-2.0391, dtype=torch.float16);tensor(-0.0469, dtype=torch.float16);tensor(-6.2266, dtype=torch.float16);tensor(-0.3438, dtype=torch.float16);tensor(0., dtype=torch.float16);tensor(-3.8594, dtype=torch.float16);tensor(0., dtype=torch.float16);tensor(-2.5625, dtype=torch.float16);tensor(-0.0469, dtype=torch.float16);tensor(-0.8672, dtype=torch.float16);tensor(-4.1406, dtype=torch.float16);tensor(-0.7969, dtype=torch.float16);tensor(0., dtype=torch.float16);tensor(-5.3281, dtype=torch.float16);tensor(0., dtype=torch.float16);tensor(-0.8594, dtype=torch.float16);tensor(-9.5938, dtype=torch.float16);tensor(-0.0469, dtype=torch.float16);tensor(-0.1641, dtype=torch.float16);tensor(-8.8203, dtype=torch.float16)",epitome_rm
4,Sheila's Problem,explicit,"John and Sheila work in an office together. Sheila works in Finance and has a great working relationship with her supervisor, Mike. Mike’s boss Courtney has recently hired a new PA called John, who has developed a crush on Sheila. One day, after an extremely awkward encounter with John, Sheila tells her friend and colleague Amy about John’s crush. She and Sheila agree that it would be best to just let John believe that Sheila hasn’t noticed anything odd.
Later, at the pub, John tells his best friend Tim about his crush on Sheila. He is worried that things could be very uncomfortable at the office if Sheila knew that he has a crush on her, but he is fairly confident that she hasn’t yet realized. Tim’s girlfriend is Amy, the same colleague that Sheila has told about John’s crush. Tim tells Amy about John’s crush on Sheila, and Amy tells Tim that Sheila told her about it earlier that day. Tim is worried about John – he knows that John would be mortified if he realized that Sheila knew about his feelings for her. Amy reassures Tim that Sheila intends to keep John in the dark by acting normally, so that he never realizes that she’s figured it out.
Amy realizes that there is another person who needs to know about this whole situation: Victor. Victor is her brother Shaun’s best friend, and he is married to Sheila. Even if there is nothing going on between Sheila and John, Amy thinks that Victor deserves to know about the situation. She tells him about John’s crush and Sheila’s plan to keep the office environment comfortable. It turns out that Victor knew about the whole plan.",explicit,control,5,Amy is Sheila’s supervisor Mike’s boss’s PA John’s best friend’s girlfriend.,Amy is Sheila’s PA Mike’s supervisor’s boss John’s best friend’s girlfriend.,a,-2.619140625,-3.078125,-78.5625,-92.375,"tensor(-8.7031, dtype=torch.float16);tensor(-1.4844, dtype=torch.float16);tensor(-11.5312, dtype=torch.float16);tensor(0., dtype=torch.float16);tensor(-0.0781, dtype=torch.float16);tensor(0., dtype=torch.float16);tensor(-7.7969, dtype=torch.float16);tensor(0., dtype=torch.float16);tensor(-2.3203, dtype=torch.float16);tensor(-0.0938, dtype=torch.float16);tensor(0., dtype=torch.float16);tensor(-4.4297, dtype=torch.float16);tensor(0., dtype=torch.float16);tensor(-1.3281, dtype=torch.float16);tensor(-0.0156, dtype=torch.float16);tensor(-0.9766, dtype=torch.float16);tensor(-7.0625, dtype=torch.float16);tensor(-0.1562, dtype=torch.float16);tensor(0., dtype=torch.float16);tensor(-3.7734, dtype=torch.float16);tensor(-0.0156, dtype=torch.float16);tensor(-1.9297, dtype=torch.float16);tensor(0., dtype=torch.float16);tensor(-5.1562, dtype=torch.float16);tensor(0., dtype=torch.float16);tensor(-0.3750, dtype=torch.float16);tensor(-9.0938, dtype=torch.float16);tensor(-3.1484, dtype=torch.float16);tensor(-0.0625, dtype=torch.float16);tensor(-9.0547, dtype=torch.float16)","tensor(-8.7031, dtype=torch.float16);tensor(-1.4844, dtype=torch.float16);tensor(-11.5312, dtype=torch.float16);tensor(0., dtype=torch.float16);tensor(-0.0781, dtype=torch.float16);tensor(0., dtype=torch.float16);tensor(-8.7109, dtype=torch.float16);tensor(-10.3594, dtype=torch.float16);tensor(-0.4141, dtype=torch.float16);tensor(0., dtype=torch.float16);tensor(-4.5312, dtype=torch.float16);tensor(0., dtype=torch.float16);tensor(-2.6406, dtype=torch.float16);tensor(0., dtype=torch.float16);tensor(-2.9688, dtype=torch.float16);tensor(0., dtype=torch.float16);tensor(-7.9531, dtype=torch.float16);tensor(-0.1094, dtype=torch.float16);tensor(0., dtype=torch.float16);tensor(-3.5938, dtype=torch.float16);tensor(-0.0156, dtype=torch.float16);tensor(-0.8438, dtype=torch.float16);tensor(0., dtype=torch.float16);tensor(-6.3750, dtype=torch.float16);tensor(0., dtype=torch.float16);tensor(-0.4062, dtype=torch.float16);tensor(-8.8594, dtype=torch.float16);tensor(-3.4766, dtype=torch.float16);tensor(-0.0469, dtype=torch.float16);tensor(-9.2500, dtype=torch.float16)",epitome_rm
4,Sheila's Problem,explicit,"John and Sheila work in an office together. Sheila works in Finance and has a great working relationship with her supervisor, Mike. Mike’s boss Courtney has recently hired a new PA called John, who has developed a crush on Sheila. One day, after an extremely awkward encounter with John, Sheila tells her friend and colleague Amy about John’s crush. She and Sheila agree that it would be best to just let John believe that Sheila hasn’t noticed anything odd.
Later, at the pub, John tells his best friend Tim about his crush on Sheila. He is worried that things could be very uncomfortable at the office if Sheila knew that he has a crush on her, but he is fairly confident that she hasn’t yet realized. Tim’s girlfriend is Amy, the same colleague that Sheila has told about John’s crush. Tim tells Amy about John’s crush on Sheila, and Amy tells Tim that Sheila told her about it earlier that day. Tim is worried about John – he knows that John would be mortified if he realized that Sheila knew about his feelings for her. Amy reassures Tim that Sheila intends to keep John in the dark by acting normally, so that he never realizes that she’s figured it out.
Amy realizes that there is another person who needs to know about this whole situation: Victor. Victor is her brother Shaun’s best friend, and he is married to Sheila. Even if there is nothing going on between Sheila and John, Amy thinks that Victor deserves to know about the situation. She tells him about John’s crush and Sheila’s plan to keep the office environment comfortable. It turns out that Victor knew about the whole plan.",explicit,control,6,Shaun is Sheila’s supervisor Mike’s boss’s PA John’s best friend’s girlfriend Amy’s brother.,Shaun is Sheila’s best friend Mike’s supervisor’s boss John’s PA’s girlfriend Amy’s brother.,a,-2.30078125,-2.390625,-82.875,-86.0,"tensor(-7.8672, dtype=torch.float16);tensor(0., dtype=torch.float16);tensor(0., dtype=torch.float16);tensor(-4.5234, dtype=torch.float16);tensor(-2.7344, dtype=torch.float16);tensor(0., dtype=torch.float16);tensor(-0.0312, dtype=torch.float16);tensor(0., dtype=torch.float16);tensor(-9.0859, dtype=torch.float16);tensor(0., dtype=torch.float16);tensor(-5.1250, dtype=torch.float16);tensor(-0.0938, dtype=torch.float16);tensor(0., dtype=torch.float16);tensor(-2.7109, dtype=torch.float16);tensor(0., dtype=torch.float16);tensor(-2.2422, dtype=torch.float16);tensor(-0.0156, dtype=torch.float16);tensor(-2.2266, dtype=torch.float16);tensor(-6.7188, dtype=torch.float16);tensor(-0.1406, dtype=torch.float16);tensor(0., dtype=torch.float16);tensor(-1.9766, dtype=torch.float16);tensor(-0.0156, dtype=torch.float16);tensor(-4.8672, dtype=torch.float16);tensor(0., dtype=torch.float16);tensor(-5.8594, dtype=torch.float16);tensor(0., dtype=torch.float16);tensor(-5.2031, dtype=torch.float16);tensor(-0.0938, dtype=torch.float16);tensor(0., dtype=torch.float16);tensor(-0.0312, dtype=torch.float16);tensor(-0.7969, dtype=torch.float16);tensor(-9.3047, dtype=torch.float16);tensor(-2.4766, dtype=torch.float16);tensor(-0.1094, dtype=torch.float16);tensor(-8.6094, dtype=torch.float16)","tensor(-7.8672, dtype=torch.float16);tensor(0., dtype=torch.float16);tensor(0., dtype=torch.float16);tensor(-4.5234, dtype=torch.float16);tensor(-2.7344, dtype=torch.float16);tensor(0., dtype=torch.float16);tensor(-0.0312, dtype=torch.float16);tensor(0., dtype=torch.float16);tensor(-5.0391, dtype=torch.float16);tensor(-0.0156, dtype=torch.float16);tensor(-8.6953, dtype=torch.float16);tensor(-0.0938, dtype=torch.float16);tensor(0., dtype=torch.float16);tensor(-4.6797, dtype=torch.float16);tensor(0., dtype=torch.float16);tensor(-5.1328, dtype=torch.float16);tensor(0., dtype=torch.float16);tensor(-2.8984, dtype=torch.float16);tensor(0., dtype=torch.float16);tensor(-8.8594, dtype=torch.float16);tensor(-0.7734, dtype=torch.float16);tensor(0., dtype=torch.float16);tensor(-1.7656, dtype=torch.float16);tensor(-3.4688, dtype=torch.float16);tensor(0., dtype=torch.float16);tensor(-2.7812, dtype=torch.float16);tensor(0., dtype=torch.float16);tensor(-5.9766, dtype=torch.float16);tensor(-0.0938, dtype=torch.float16);tensor(0., dtype=torch.float16);tensor(-0.0625, dtype=torch.float16);tensor(-0.7812, dtype=torch.float16);tensor(-9.1016, dtype=torch.float16);tensor(-2.7031, dtype=torch.float16);tensor(-0.1406, dtype=torch.float16);tensor(-7.8086, dtype=torch.float16)",epitome_rm
4,Sheila's Problem,explicit,"John and Sheila work in an office together. Sheila works in Finance and has a great working relationship with her supervisor, Mike. Mike’s boss Courtney has recently hired a new PA called John, who has developed a crush on Sheila. One day, after an extremely awkward encounter with John, Sheila tells her friend and colleague Amy about John’s crush. She and Sheila agree that it would be best to just let John believe that Sheila hasn’t noticed anything odd.
Later, at the pub, John tells his best friend Tim about his crush on Sheila. He is worried that things could be very uncomfortable at the office if Sheila knew that he has a crush on her, but he is fairly confident that she hasn’t yet realized. Tim’s girlfriend is Amy, the same colleague that Sheila has told about John’s crush. Tim tells Amy about John’s crush on Sheila, and Amy tells Tim that Sheila told her about it earlier that day. Tim is worried about John – he knows that John would be mortified if he realized that Sheila knew about his feelings for her. Amy reassures Tim that Sheila intends to keep John in the dark by acting normally, so that he never realizes that she’s figured it out.
Amy realizes that there is another person who needs to know about this whole situation: Victor. Victor is her brother Shaun’s best friend, and he is married to Sheila. Even if there is nothing going on between Sheila and John, Amy thinks that Victor deserves to know about the situation. She tells him about John’s crush and Sheila’s plan to keep the office environment comfortable. It turns out that Victor knew about the whole plan.",explicit,control,7,Victor is Sheila’s supervisor Mike’s boss’s PA John’s best friend’s girlfriend Amy’s brother’s friend.,Victor is Sheila’s best friend Mike’s brother’s boss John’s supervisor’s PA Amy’s girlfriend’s friend.,a,-1.9716796875,-2.435546875,-73.0,-90.125,"tensor(-2.5625, dtype=torch.float16);tensor(-2.2031, dtype=torch.float16);tensor(-2.6562, dtype=torch.float16);tensor(0., dtype=torch.float16);tensor(-0.0312, dtype=torch.float16);tensor(0., dtype=torch.float16);tensor(-4.9219, dtype=torch.float16);tensor(0., dtype=torch.float16);tensor(-3.2578, dtype=torch.float16);tensor(-0.0156, dtype=torch.float16);tensor(0., dtype=torch.float16);tensor(-2.3438, dtype=torch.float16);tensor(0., dtype=torch.float16);tensor(-1.6094, dtype=torch.float16);tensor(-0.0156, dtype=torch.float16);tensor(-2.6875, dtype=torch.float16);tensor(-7.2812, dtype=torch.float16);tensor(-0.0312, dtype=torch.float16);tensor(0., dtype=torch.float16);tensor(-2.3203, dtype=torch.float16);tensor(-0.0469, dtype=torch.float16);tensor(-3.1406, dtype=torch.float16);tensor(0., dtype=torch.float16);tensor(-2.2500, dtype=torch.float16);tensor(0., dtype=torch.float16);tensor(-5.1797, dtype=torch.float16);tensor(-0.0156, dtype=torch.float16);tensor(0., dtype=torch.float16);tensor(-0.0156, dtype=torch.float16);tensor(-6.2188, dtype=torch.float16);tensor(0., dtype=torch.float16);tensor(-2.8906, dtype=torch.float16);tensor(-0.5156, dtype=torch.float16);tensor(-8.8516, dtype=torch.float16);tensor(-2.9688, dtype=torch.float16);tensor(-0.0938, dtype=torch.float16);tensor(-8.8438, dtype=torch.float16)","tensor(-2.5625, dtype=torch.float16);tensor(-2.2031, dtype=torch.float16);tensor(-2.6562, dtype=torch.float16);tensor(0., dtype=torch.float16);tensor(-0.0312, dtype=torch.float16);tensor(0., dtype=torch.float16);tensor(-2.0312, dtype=torch.float16);tensor(-0.1406, dtype=torch.float16);tensor(-5.3672, dtype=torch.float16);tensor(0., dtype=torch.float16);tensor(0., dtype=torch.float16);tensor(-1.3828, dtype=torch.float16);tensor(-6.3906, dtype=torch.float16);tensor(0., dtype=torch.float16);tensor(-7.2891, dtype=torch.float16);tensor(0., dtype=torch.float16);tensor(-9.2578, dtype=torch.float16);tensor(-0.2500, dtype=torch.float16);tensor(0., dtype=torch.float16);tensor(-4.8984, dtype=torch.float16);tensor(0., dtype=torch.float16);tensor(-2.4062, dtype=torch.float16);tensor(0., dtype=torch.float16);tensor(-2.6406, dtype=torch.float16);tensor(-8.8125, dtype=torch.float16);tensor(-0.0312, dtype=torch.float16);tensor(0., dtype=torch.float16);tensor(-6.6562, dtype=torch.float16);tensor(0., dtype=torch.float16);tensor(-1.1250, dtype=torch.float16);tensor(0., dtype=torch.float16);tensor(-4.5781, dtype=torch.float16);tensor(-0.3125, dtype=torch.float16);tensor(-8.7578, dtype=torch.float16);tensor(-2.4219, dtype=torch.float16);tensor(-0.1094, dtype=torch.float16);tensor(-7.7812, dtype=torch.float16)",epitome_rm
4,Sheila's Problem,explicit,"John and Sheila work in an office together. Sheila works in Finance and has a great working relationship with her supervisor, Mike. Mike’s boss Courtney has recently hired a new PA called John, who has developed a crush on Sheila. One day, after an extremely awkward encounter with John, Sheila tells her friend and colleague Amy about John’s crush. She and Sheila agree that it would be best to just let John believe that Sheila hasn’t noticed anything odd.
Later, at the pub, John tells his best friend Tim about his crush on Sheila. He is worried that things could be very uncomfortable at the office if Sheila knew that he has a crush on her, but he is fairly confident that she hasn’t yet realized. Tim’s girlfriend is Amy, the same colleague that Sheila has told about John’s crush. Tim tells Amy about John’s crush on Sheila, and Amy tells Tim that Sheila told her about it earlier that day. Tim is worried about John – he knows that John would be mortified if he realized that Sheila knew about his feelings for her. Amy reassures Tim that Sheila intends to keep John in the dark by acting normally, so that he never realizes that she’s figured it out.
Amy realizes that there is another person who needs to know about this whole situation: Victor. Victor is her brother Shaun’s best friend, and he is married to Sheila. Even if there is nothing going on between Sheila and John, Amy thinks that Victor deserves to know about the situation. She tells him about John’s crush and Sheila’s plan to keep the office environment comfortable. It turns out that Victor knew about the whole plan.",implicit,mental,1,John: I have a schoolboy crush on Sheila,John: I have a schoolboy crush on Amy,a,-3.595703125,-4.35546875,-57.53125,-65.3125,"tensor(-9.2969, dtype=torch.float16);tensor(-6.8750, dtype=torch.float16);tensor(-3.0938, dtype=torch.float16);tensor(-1.4062, dtype=torch.float16);tensor(-0.4688, dtype=torch.float16);tensor(-12.7500, dtype=torch.float16);tensor(-1.5703, dtype=torch.float16);tensor(-0.0156, dtype=torch.float16);tensor(0., dtype=torch.float16);tensor(0., dtype=torch.float16);tensor(-0.1094, dtype=torch.float16);tensor(0., dtype=torch.float16);tensor(-9.4844, dtype=torch.float16);tensor(-4.8867, dtype=torch.float16);tensor(-0.7344, dtype=torch.float16);tensor(-6.8516, dtype=torch.float16)","tensor(-9.2969, dtype=torch.float16);tensor(-6.8750, dtype=torch.float16);tensor(-3.0938, dtype=torch.float16);tensor(-1.4062, dtype=torch.float16);tensor(-0.4688, dtype=torch.float16);tensor(-12.7500, dtype=torch.float16);tensor(-1.5703, dtype=torch.float16);tensor(-0.0156, dtype=torch.float16);tensor(0., dtype=torch.float16);tensor(0., dtype=torch.float16);tensor(-10.1641, dtype=torch.float16);tensor(-8.2500, dtype=torch.float16);tensor(-5.4336, dtype=torch.float16);tensor(-1.3359, dtype=torch.float16);tensor(-4.6797, dtype=torch.float16)",epitome_rm
4,Sheila's Problem,explicit,"John and Sheila work in an office together. Sheila works in Finance and has a great working relationship with her supervisor, Mike. Mike’s boss Courtney has recently hired a new PA called John, who has developed a crush on Sheila. One day, after an extremely awkward encounter with John, Sheila tells her friend and colleague Amy about John’s crush. She and Sheila agree that it would be best to just let John believe that Sheila hasn’t noticed anything odd.
Later, at the pub, John tells his best friend Tim about his crush on Sheila. He is worried that things could be very uncomfortable at the office if Sheila knew that he has a crush on her, but he is fairly confident that she hasn’t yet realized. Tim’s girlfriend is Amy, the same colleague that Sheila has told about John’s crush. Tim tells Amy about John’s crush on Sheila, and Amy tells Tim that Sheila told her about it earlier that day. Tim is worried about John – he knows that John would be mortified if he realized that Sheila knew about his feelings for her. Amy reassures Tim that Sheila intends to keep John in the dark by acting normally, so that he never realizes that she’s figured it out.
Amy realizes that there is another person who needs to know about this whole situation: Victor. Victor is her brother Shaun’s best friend, and he is married to Sheila. Even if there is nothing going on between Sheila and John, Amy thinks that Victor deserves to know about the situation. She tells him about John’s crush and Sheila’s plan to keep the office environment comfortable. It turns out that Victor knew about the whole plan.",implicit,mental,2,"Sheila: Yeah, it’s a bit awkward, John has a crush on me.","Amy: You know that John has a crush on you, right?Sheila: What?! I had no idea!",a,-2.38671875,-2.70703125,-59.6875,-83.875,"tensor(-5.1016, dtype=torch.float16);tensor(0., dtype=torch.float16);tensor(-11.8203, dtype=torch.float16);tensor(-6.6406, dtype=torch.float16);tensor(-0.1094, dtype=torch.float16);tensor(-4.2344, dtype=torch.float16);tensor(-0.9531, dtype=torch.float16);tensor(0., dtype=torch.float16);tensor(-1.9453, dtype=torch.float16);tensor(-0.5000, dtype=torch.float16);tensor(-0.3125, dtype=torch.float16);tensor(0., dtype=torch.float16);tensor(-0.7344, dtype=torch.float16);tensor(-6.1406, dtype=torch.float16);tensor(-1.9922, dtype=torch.float16);tensor(-0.1250, dtype=torch.float16);tensor(-0.0625, dtype=torch.float16);tensor(0., dtype=torch.float16);tensor(0., dtype=torch.float16);tensor(0., dtype=torch.float16);tensor(-0.8594, dtype=torch.float16);tensor(-8.2188, dtype=torch.float16);tensor(-1.8594, dtype=torch.float16);tensor(-0.1641, dtype=torch.float16);tensor(-7.9062, dtype=torch.float16)","tensor(-8.7031, dtype=torch.float16);tensor(-6.6094, dtype=torch.float16);tensor(-4.5391, dtype=torch.float16);tensor(-0.5625, dtype=torch.float16);tensor(-2.9062, dtype=torch.float16);tensor(-2.4844, dtype=torch.float16);tensor(-0.0938, dtype=torch.float16);tensor(-0.0312, dtype=torch.float16);tensor(-0.0156, dtype=torch.float16);tensor(0., dtype=torch.float16);tensor(0., dtype=torch.float16);tensor(-4.9922, dtype=torch.float16);tensor(-0.3125, dtype=torch.float16);tensor(-0.0781, dtype=torch.float16);tensor(-0.1094, dtype=torch.float16);tensor(-17.9844, dtype=torch.float16);tensor(-3.7109, dtype=torch.float16);tensor(0., dtype=torch.float16);tensor(-0.0312, dtype=torch.float16);tensor(-4.2188, dtype=torch.float16);tensor(-0.1094, dtype=torch.float16);tensor(-2.5000, dtype=torch.float16);tensor(-4.3594, dtype=torch.float16);tensor(-0.6719, dtype=torch.float16);tensor(0., dtype=torch.float16);tensor(0., dtype=torch.float16);tensor(-0.2500, dtype=torch.float16);tensor(-8.3125, dtype=torch.float16);tensor(-1.6797, dtype=torch.float16);tensor(-0.0312, dtype=torch.float16);tensor(-8.6094, dtype=torch.float16)",epitome_rm
4,Sheila's Problem,explicit,"John and Sheila work in an office together. Sheila works in Finance and has a great working relationship with her supervisor, Mike. Mike’s boss Courtney has recently hired a new PA called John, who has developed a crush on Sheila. One day, after an extremely awkward encounter with John, Sheila tells her friend and colleague Amy about John’s crush. She and Sheila agree that it would be best to just let John believe that Sheila hasn’t noticed anything odd.
Later, at the pub, John tells his best friend Tim about his crush on Sheila. He is worried that things could be very uncomfortable at the office if Sheila knew that he has a crush on her, but he is fairly confident that she hasn’t yet realized. Tim’s girlfriend is Amy, the same colleague that Sheila has told about John’s crush. Tim tells Amy about John’s crush on Sheila, and Amy tells Tim that Sheila told her about it earlier that day. Tim is worried about John – he knows that John would be mortified if he realized that Sheila knew about his feelings for her. Amy reassures Tim that Sheila intends to keep John in the dark by acting normally, so that he never realizes that she’s figured it out.
Amy realizes that there is another person who needs to know about this whole situation: Victor. Victor is her brother Shaun’s best friend, and he is married to Sheila. Even if there is nothing going on between Sheila and John, Amy thinks that Victor deserves to know about the situation. She tells him about John’s crush and Sheila’s plan to keep the office environment comfortable. It turns out that Victor knew about the whole plan.",implicit,mental,3,"John: It’s all right, Sheila hasn’t realised that I like her.","John: Urgh, it’s so awkward, I just know she’s realised that I like her.",a,-2.896484375,-3.11328125,-69.5,-90.25,"tensor(-9.2969, dtype=torch.float16);tensor(-6.8750, dtype=torch.float16);tensor(-5.8086, dtype=torch.float16);tensor(-1.3906, dtype=torch.float16);tensor(0., dtype=torch.float16);tensor(-3.0703, dtype=torch.float16);tensor(-4.0469, dtype=torch.float16);tensor(-0.2188, dtype=torch.float16);tensor(-2.1406, dtype=torch.float16);tensor(0., dtype=torch.float16);tensor(-5.7891, dtype=torch.float16);tensor(0., dtype=torch.float16);tensor(0., dtype=torch.float16);tensor(-8.8828, dtype=torch.float16);tensor(-0.2188, dtype=torch.float16);tensor(-1.9844, dtype=torch.float16);tensor(-0.0156, dtype=torch.float16);tensor(-2.5625, dtype=torch.float16);tensor(0., dtype=torch.float16);tensor(-0.4219, dtype=torch.float16);tensor(-7.5312, dtype=torch.float16);tensor(-2.6953, dtype=torch.float16);tensor(-0.0547, dtype=torch.float16);tensor(-6.5078, dtype=torch.float16)","tensor(-9.2969, dtype=torch.float16);tensor(-6.8750, dtype=torch.float16);tensor(-13.1328, dtype=torch.float16);tensor(-0.1484, dtype=torch.float16);tensor(-0.6250, dtype=torch.float16);tensor(-4.2891, dtype=torch.float16);tensor(-1.1875, dtype=torch.float16);tensor(0., dtype=torch.float16);tensor(-1.1719, dtype=torch.float16);tensor(-0.6562, dtype=torch.float16);tensor(0., dtype=torch.float16);tensor(-4.3125, dtype=torch.float16);tensor(-0.6484, dtype=torch.float16);tensor(-3.6641, dtype=torch.float16);tensor(-4.3594, dtype=torch.float16);tensor(-0.7656, dtype=torch.float16);tensor(-1.1562, dtype=torch.float16);tensor(-0.0781, dtype=torch.float16);tensor(-9.6328, dtype=torch.float16);tensor(-1.5938, dtype=torch.float16);tensor(-3.7812, dtype=torch.float16);tensor(-0.0156, dtype=torch.float16);tensor(-2.6406, dtype=torch.float16);tensor(0., dtype=torch.float16);tensor(-1.2422, dtype=torch.float16);tensor(-8., dtype=torch.float16);tensor(-2.0469, dtype=torch.float16);tensor(-0.0781, dtype=torch.float16);tensor(-8.8750, dtype=torch.float16)",epitome_rm
4,Sheila's Problem,explicit,"John and Sheila work in an office together. Sheila works in Finance and has a great working relationship with her supervisor, Mike. Mike’s boss Courtney has recently hired a new PA called John, who has developed a crush on Sheila. One day, after an extremely awkward encounter with John, Sheila tells her friend and colleague Amy about John’s crush. She and Sheila agree that it would be best to just let John believe that Sheila hasn’t noticed anything odd.
Later, at the pub, John tells his best friend Tim about his crush on Sheila. He is worried that things could be very uncomfortable at the office if Sheila knew that he has a crush on her, but he is fairly confident that she hasn’t yet realized. Tim’s girlfriend is Amy, the same colleague that Sheila has told about John’s crush. Tim tells Amy about John’s crush on Sheila, and Amy tells Tim that Sheila told her about it earlier that day. Tim is worried about John – he knows that John would be mortified if he realized that Sheila knew about his feelings for her. Amy reassures Tim that Sheila intends to keep John in the dark by acting normally, so that he never realizes that she’s figured it out.
Amy realizes that there is another person who needs to know about this whole situation: Victor. Victor is her brother Shaun’s best friend, and he is married to Sheila. Even if there is nothing going on between Sheila and John, Amy thinks that Victor deserves to know about the situation. She tells him about John’s crush and Sheila’s plan to keep the office environment comfortable. It turns out that Victor knew about the whole plan.",implicit,mental,4,"Sheila: He doesn’t know that I’ve figured out that he likes me, and I’m just going to keep it like that.",Sheila: I think I need to confront John and tell him that I know he’s into me.,a,-2.060546875,-3.267578125,-74.125,-85.0,"tensor(-5.1016, dtype=torch.float16);tensor(0., dtype=torch.float16);tensor(-11.8203, dtype=torch.float16);tensor(-6.6992, dtype=torch.float16);tensor(-5.9844, dtype=torch.float16);tensor(-0.0781, dtype=torch.float16);tensor(0., dtype=torch.float16);tensor(-1.3125, dtype=torch.float16);tensor(-1.3281, dtype=torch.float16);tensor(-0.9844, dtype=torch.float16);tensor(-2.0156, dtype=torch.float16);tensor(-0.3750, dtype=torch.float16);tensor(-0.8281, dtype=torch.float16);tensor(-0.7656, dtype=torch.float16);tensor(-1.2812, dtype=torch.float16);tensor(-0.3281, dtype=torch.float16);tensor(-3.2422, dtype=torch.float16);tensor(0., dtype=torch.float16);tensor(-0.0938, dtype=torch.float16);tensor(-1.5625, dtype=torch.float16);tensor(-1.9766, dtype=torch.float16);tensor(-0.9062, dtype=torch.float16);tensor(-1.0938, dtype=torch.float16);tensor(-0.3906, dtype=torch.float16);tensor(-2.0469, dtype=torch.float16);tensor(-0.5000, dtype=torch.float16);tensor(-0.0469, dtype=torch.float16);tensor(-0.7344, dtype=torch.float16);tensor(-2.6094, dtype=torch.float16);tensor(-4.6641, dtype=torch.float16);tensor(0., dtype=torch.float16);tensor(-0.4844, dtype=torch.float16);tensor(-8.4219, dtype=torch.float16);tensor(-0.3359, dtype=torch.float16);tensor(-0.1016, dtype=torch.float16);tensor(-6.0352, dtype=torch.float16)","tensor(-5.1016, dtype=torch.float16);tensor(0., dtype=torch.float16);tensor(-11.8203, dtype=torch.float16);tensor(-3.7812, dtype=torch.float16);tensor(-3.7422, dtype=torch.float16);tensor(-2.2500, dtype=torch.float16);tensor(-2.2344, dtype=torch.float16);tensor(-0.2031, dtype=torch.float16);tensor(-7.8203, dtype=torch.float16);tensor(-0.3594, dtype=torch.float16);tensor(-2.4609, dtype=torch.float16);tensor(-0.7969, dtype=torch.float16);tensor(0., dtype=torch.float16);tensor(-1.4688, dtype=torch.float16);tensor(-0.0312, dtype=torch.float16);tensor(-0.0625, dtype=torch.float16);tensor(-3.8594, dtype=torch.float16);tensor(-4.4219, dtype=torch.float16);tensor(0., dtype=torch.float16);tensor(-8.7734, dtype=torch.float16);tensor(0., dtype=torch.float16);tensor(-0.3906, dtype=torch.float16);tensor(-9.6094, dtype=torch.float16);tensor(-1.0234, dtype=torch.float16);tensor(-0.0469, dtype=torch.float16);tensor(-14.7188, dtype=torch.float16)",epitome_rm
4,Sheila's Problem,explicit,"John and Sheila work in an office together. Sheila works in Finance and has a great working relationship with her supervisor, Mike. Mike’s boss Courtney has recently hired a new PA called John, who has developed a crush on Sheila. One day, after an extremely awkward encounter with John, Sheila tells her friend and colleague Amy about John’s crush. She and Sheila agree that it would be best to just let John believe that Sheila hasn’t noticed anything odd.
Later, at the pub, John tells his best friend Tim about his crush on Sheila. He is worried that things could be very uncomfortable at the office if Sheila knew that he has a crush on her, but he is fairly confident that she hasn’t yet realized. Tim’s girlfriend is Amy, the same colleague that Sheila has told about John’s crush. Tim tells Amy about John’s crush on Sheila, and Amy tells Tim that Sheila told her about it earlier that day. Tim is worried about John – he knows that John would be mortified if he realized that Sheila knew about his feelings for her. Amy reassures Tim that Sheila intends to keep John in the dark by acting normally, so that he never realizes that she’s figured it out.
Amy realizes that there is another person who needs to know about this whole situation: Victor. Victor is her brother Shaun’s best friend, and he is married to Sheila. Even if there is nothing going on between Sheila and John, Amy thinks that Victor deserves to know about the situation. She tells him about John’s crush and Sheila’s plan to keep the office environment comfortable. It turns out that Victor knew about the whole plan.",implicit,mental,5,"Amy: It’s all right, Sheila’s just going to keep acting normally so that John thinks she hasn’t realised about his feelings for her.","Amy: Sheila’s just going to keep John thinking she hasn’t realised about his feelings for her? That’s weird, why didn’t she tell me?",a,-2.46484375,-2.908203125,-93.625,-119.25,"tensor(-8.7031, dtype=torch.float16);tensor(-6.6094, dtype=torch.float16);tensor(-6.3281, dtype=torch.float16);tensor(-1.6562, dtype=torch.float16);tensor(0., dtype=torch.float16);tensor(-2.6797, dtype=torch.float16);tensor(-5.0078, dtype=torch.float16);tensor(-0.1875, dtype=torch.float16);tensor(-3.5703, dtype=torch.float16);tensor(0., dtype=torch.float16);tensor(-2.9062, dtype=torch.float16);tensor(0., dtype=torch.float16);tensor(-2.6797, dtype=torch.float16);tensor(-0.9375, dtype=torch.float16);tensor(-0.0156, dtype=torch.float16);tensor(-2., dtype=torch.float16);tensor(-1.6719, dtype=torch.float16);tensor(-1.8594, dtype=torch.float16);tensor(-3.8672, dtype=torch.float16);tensor(-0.3906, dtype=torch.float16);tensor(-0.2031, dtype=torch.float16);tensor(-5.8359, dtype=torch.float16);tensor(-0.5938, dtype=torch.float16);tensor(-0.3438, dtype=torch.float16);tensor(-0.0156, dtype=torch.float16);tensor(0., dtype=torch.float16);tensor(-7.3203, dtype=torch.float16);tensor(-0.2656, dtype=torch.float16);tensor(-8.9531, dtype=torch.float16);tensor(-0.1094, dtype=torch.float16);tensor(-1.6250, dtype=torch.float16);tensor(-0.8750, dtype=torch.float16);tensor(0., dtype=torch.float16);tensor(-0.1094, dtype=torch.float16);tensor(-8.9062, dtype=torch.float16);tensor(-1.1172, dtype=torch.float16);tensor(-0.0547, dtype=torch.float16);tensor(-6.2344, dtype=torch.float16)","tensor(-8.7031, dtype=torch.float16);tensor(-6.6094, dtype=torch.float16);tensor(-6.0391, dtype=torch.float16);tensor(-0.0312, dtype=torch.float16);tensor(-3.0938, dtype=torch.float16);tensor(0., dtype=torch.float16);tensor(-6.1484, dtype=torch.float16);tensor(-2.1484, dtype=torch.float16);tensor(-0.0312, dtype=torch.float16);tensor(-1.5312, dtype=torch.float16);tensor(-4.1953, dtype=torch.float16);tensor(-6.9531, dtype=torch.float16);tensor(-1.5156, dtype=torch.float16);tensor(-1.0625, dtype=torch.float16);tensor(0., dtype=torch.float16);tensor(0., dtype=torch.float16);tensor(-8.6172, dtype=torch.float16);tensor(-0.1406, dtype=torch.float16);tensor(-8.5781, dtype=torch.float16);tensor(-0.0938, dtype=torch.float16);tensor(-2.7266, dtype=torch.float16);tensor(-1.0469, dtype=torch.float16);tensor(0., dtype=torch.float16);tensor(-4.5469, dtype=torch.float16);tensor(-5.0391, dtype=torch.float16);tensor(-0.1875, dtype=torch.float16);tensor(0., dtype=torch.float16);tensor(-7.1016, dtype=torch.float16);tensor(-1.8281, dtype=torch.float16);tensor(-3.7656, dtype=torch.float16);tensor(-6.1328, dtype=torch.float16);tensor(0., dtype=torch.float16);tensor(0., dtype=torch.float16);tensor(-0.1719, dtype=torch.float16);tensor(-2.2031, dtype=torch.float16);tensor(-3.4219, dtype=torch.float16);tensor(-0.7344, dtype=torch.float16);tensor(-9.1953, dtype=torch.float16);tensor(-1.7344, dtype=torch.float16);tensor(-0.0156, dtype=torch.float16);tensor(-3.9219, dtype=torch.float16)",epitome_rm
4,Sheila's Problem,explicit,"John and Sheila work in an office together. Sheila works in Finance and has a great working relationship with her supervisor, Mike. Mike’s boss Courtney has recently hired a new PA called John, who has developed a crush on Sheila. One day, after an extremely awkward encounter with John, Sheila tells her friend and colleague Amy about John’s crush. She and Sheila agree that it would be best to just let John believe that Sheila hasn’t noticed anything odd.
Later, at the pub, John tells his best friend Tim about his crush on Sheila. He is worried that things could be very uncomfortable at the office if Sheila knew that he has a crush on her, but he is fairly confident that she hasn’t yet realized. Tim’s girlfriend is Amy, the same colleague that Sheila has told about John’s crush. Tim tells Amy about John’s crush on Sheila, and Amy tells Tim that Sheila told her about it earlier that day. Tim is worried about John – he knows that John would be mortified if he realized that Sheila knew about his feelings for her. Amy reassures Tim that Sheila intends to keep John in the dark by acting normally, so that he never realizes that she’s figured it out.
Amy realizes that there is another person who needs to know about this whole situation: Victor. Victor is her brother Shaun’s best friend, and he is married to Sheila. Even if there is nothing going on between Sheila and John, Amy thinks that Victor deserves to know about the situation. She tells him about John’s crush and Sheila’s plan to keep the office environment comfortable. It turns out that Victor knew about the whole plan.",implicit,mental,6,"Sheila: Anyway, so I chatted to Amy about it at the office and she reckons it’s a
good plan to just keep letting John think I haven’t figured it out.
Victor: Yeah, Amy came by and told me about it all.","Sheila: Anyway, so I chatted to Amy about it at the office and she reckons it’s a good plan to just keep letting John think I haven’t figured it out.Victor: That’s weird, I spoke to Amy today. I had no idea that she knew about this situation.",a,-2.529296875,-2.728515625,-156.875,-191.0,"tensor(-5.1016, dtype=torch.float16);tensor(0., dtype=torch.float16);tensor(-11.8203, dtype=torch.float16);tensor(-11.8438, dtype=torch.float16);tensor(-0.0312, dtype=torch.float16);tensor(-3.1641, dtype=torch.float16);tensor(-1.1250, dtype=torch.float16);tensor(-10.7344, dtype=torch.float16);tensor(0., dtype=torch.float16);tensor(-1.2812, dtype=torch.float16);tensor(-0.0312, dtype=torch.float16);tensor(-0.7344, dtype=torch.float16);tensor(-0.6250, dtype=torch.float16);tensor(-2.5000, dtype=torch.float16);tensor(-0.1562, dtype=torch.float16);tensor(-7.7969, dtype=torch.float16);tensor(-1.0078, dtype=torch.float16);tensor(-0.4844, dtype=torch.float16);tensor(-7.1562, dtype=torch.float16);tensor(-0.0156, dtype=torch.float16);tensor(-2.3281, dtype=torch.float16);tensor(-0.4844, dtype=torch.float16);tensor(-0.0312, dtype=torch.float16);tensor(-2.4922, dtype=torch.float16);tensor(-9.5000, dtype=torch.float16);tensor(-0.4219, dtype=torch.float16);tensor(-3.5469, dtype=torch.float16);tensor(-0.5469, dtype=torch.float16);tensor(-0.1406, dtype=torch.float16);tensor(-2.3750, dtype=torch.float16);tensor(-6.6016, dtype=torch.float16);tensor(-1.4531, dtype=torch.float16);tensor(-0.5156, dtype=torch.float16);tensor(-2.6094, dtype=torch.float16);tensor(-0.1406, dtype=torch.float16);tensor(0., dtype=torch.float16);tensor(0., dtype=torch.float16);tensor(-7.3203, dtype=torch.float16);tensor(-0.0625, dtype=torch.float16);tensor(0., dtype=torch.float16);tensor(-0.3125, dtype=torch.float16);tensor(-1.2344, dtype=torch.float16);tensor(-0.5469, dtype=torch.float16);tensor(0., dtype=torch.float16);tensor(0., dtype=torch.float16);tensor(-0.0156, dtype=torch.float16);tensor(-0.8594, dtype=torch.float16);tensor(-0.0156, dtype=torch.float16);tensor(-4.3516, dtype=torch.float16);tensor(-5.8125, dtype=torch.float16);tensor(-6.9609, dtype=torch.float16);tensor(-4.4531, dtype=torch.float16);tensor(-0.2031, dtype=torch.float16);tensor(0., dtype=torch.float16);tensor(-0.0938, dtype=torch.float16);tensor(-0.2031, dtype=torch.float16);tensor(-6.2578, dtype=torch.float16);tensor(-0.5781, dtype=torch.float16);tensor(-8.3438, dtype=torch.float16);tensor(-5.4219, dtype=torch.float16);tensor(-0.0469, dtype=torch.float16);tensor(-4.9531, dtype=torch.float16)","tensor(-5.1016, dtype=torch.float16);tensor(0., dtype=torch.float16);tensor(-11.8203, dtype=torch.float16);tensor(-11.8438, dtype=torch.float16);tensor(-0.0312, dtype=torch.float16);tensor(-3.1641, dtype=torch.float16);tensor(-1.1250, dtype=torch.float16);tensor(-10.7344, dtype=torch.float16);tensor(0., dtype=torch.float16);tensor(-1.2812, dtype=torch.float16);tensor(-0.0312, dtype=torch.float16);tensor(-0.7344, dtype=torch.float16);tensor(-0.6250, dtype=torch.float16);tensor(-2.5000, dtype=torch.float16);tensor(-0.1562, dtype=torch.float16);tensor(-7.7969, dtype=torch.float16);tensor(-1.0078, dtype=torch.float16);tensor(-0.4844, dtype=torch.float16);tensor(-7.1562, dtype=torch.float16);tensor(-0.0156, dtype=torch.float16);tensor(-2.3281, dtype=torch.float16);tensor(-0.4844, dtype=torch.float16);tensor(-0.0312, dtype=torch.float16);tensor(-2.4922, dtype=torch.float16);tensor(-0.4219, dtype=torch.float16);tensor(-3.4375, dtype=torch.float16);tensor(-0.9375, dtype=torch.float16);tensor(-0.1406, dtype=torch.float16);tensor(-2.4766, dtype=torch.float16);tensor(-6.6250, dtype=torch.float16);tensor(-1.4844, dtype=torch.float16);tensor(-0.5156, dtype=torch.float16);tensor(-2.5625, dtype=torch.float16);tensor(-0.1562, dtype=torch.float16);tensor(0., dtype=torch.float16);tensor(0., dtype=torch.float16);tensor(-7.3281, dtype=torch.float16);tensor(-0.0625, dtype=torch.float16);tensor(0., dtype=torch.float16);tensor(-17.8438, dtype=torch.float16);tensor(-5.3906, dtype=torch.float16);tensor(0., dtype=torch.float16);tensor(0., dtype=torch.float16);tensor(-0.0312, dtype=torch.float16);tensor(-4.4609, dtype=torch.float16);tensor(-0.4531, dtype=torch.float16);tensor(0., dtype=torch.float16);tensor(-6.5625, dtype=torch.float16);tensor(-0.8750, dtype=torch.float16);tensor(-1.3203, dtype=torch.float16);tensor(-5.9062, dtype=torch.float16);tensor(0., dtype=torch.float16);tensor(-0.2031, dtype=torch.float16);tensor(-5.4297, dtype=torch.float16);tensor(-6.5547, dtype=torch.float16);tensor(-4.2578, dtype=torch.float16);tensor(-4.7422, dtype=torch.float16);tensor(-0.1562, dtype=torch.float16);tensor(0., dtype=torch.float16);tensor(-3.7734, dtype=torch.float16);tensor(-0.2656, dtype=torch.float16);tensor(-0.6094, dtype=torch.float16);tensor(-0.0781, dtype=torch.float16);tensor(-3.8125, dtype=torch.float16);tensor(-2.7891, dtype=torch.float16);tensor(-0.4219, dtype=torch.float16);tensor(-9.7109, dtype=torch.float16);tensor(-1.6484, dtype=torch.float16);tensor(-0.0312, dtype=torch.float16);tensor(-6.5352, dtype=torch.float16)",epitome_rm
4,Sheila's Problem,explicit,"John and Sheila work in an office together. Sheila works in Finance and has a great working relationship with her supervisor, Mike. Mike’s boss Courtney has recently hired a new PA called John, who has developed a crush on Sheila. One day, after an extremely awkward encounter with John, Sheila tells her friend and colleague Amy about John’s crush. She and Sheila agree that it would be best to just let John believe that Sheila hasn’t noticed anything odd.
Later, at the pub, John tells his best friend Tim about his crush on Sheila. He is worried that things could be very uncomfortable at the office if Sheila knew that he has a crush on her, but he is fairly confident that she hasn’t yet realized. Tim’s girlfriend is Amy, the same colleague that Sheila has told about John’s crush. Tim tells Amy about John’s crush on Sheila, and Amy tells Tim that Sheila told her about it earlier that day. Tim is worried about John – he knows that John would be mortified if he realized that Sheila knew about his feelings for her. Amy reassures Tim that Sheila intends to keep John in the dark by acting normally, so that he never realizes that she’s figured it out.
Amy realizes that there is another person who needs to know about this whole situation: Victor. Victor is her brother Shaun’s best friend, and he is married to Sheila. Even if there is nothing going on between Sheila and John, Amy thinks that Victor deserves to know about the situation. She tells him about John’s crush and Sheila’s plan to keep the office environment comfortable. It turns out that Victor knew about the whole plan.",implicit,mental,7,"Amy: You know, Victor really needs to know about this. Even if there’s nothing going on between Sheila and John, he needs to know that his wife knows someone has a crush on her, and what she’s planning to do about it. He’d be really upset if he knew I knew about all of this and didn’t tell him. I’d better talk to him.","Amy: Hmm, I don’t think Victor should know about this. Even if there’s nothing going on between John and Sheila, Victor’s really jealous and he’d be furious to find out that his wife actually knew someone had a crush on her. He’d also be really angry if he found out that I know. I’d better not tell him.",a,-1.587890625,-2.0390625,-141.375,-173.25,"tensor(-8.7031, dtype=torch.float16);tensor(-6.6094, dtype=torch.float16);tensor(-4.5234, dtype=torch.float16);tensor(-0.5625, dtype=torch.float16);tensor(-0.6562, dtype=torch.float16);tensor(-0.3281, dtype=torch.float16);tensor(-7.4609, dtype=torch.float16);tensor(-1.2344, dtype=torch.float16);tensor(0., dtype=torch.float16);tensor(-0.4375, dtype=torch.float16);tensor(-0.0312, dtype=torch.float16);tensor(-0.0469, dtype=torch.float16);tensor(-0.6719, dtype=torch.float16);tensor(-6.3359, dtype=torch.float16);tensor(-0.0469, dtype=torch.float16);tensor(-0.5938, dtype=torch.float16);tensor(-0.6094, dtype=torch.float16);tensor(0., dtype=torch.float16);tensor(-0.0625, dtype=torch.float16);tensor(-0.0625, dtype=torch.float16);tensor(0., dtype=torch.float16);tensor(-0.2344, dtype=torch.float16);tensor(-0.1250, dtype=torch.float16);tensor(0., dtype=torch.float16);tensor(0., dtype=torch.float16);tensor(0., dtype=torch.float16);tensor(-0.0312, dtype=torch.float16);tensor(-1.4844, dtype=torch.float16);tensor(-2.1328, dtype=torch.float16);tensor(0., dtype=torch.float16);tensor(-0.2500, dtype=torch.float16);tensor(-0.6406, dtype=torch.float16);tensor(-0.6250, dtype=torch.float16);tensor(-0.1719, dtype=torch.float16);tensor(-3.7578, dtype=torch.float16);tensor(-8.0781, dtype=torch.float16);tensor(-0.1094, dtype=torch.float16);tensor(0., dtype=torch.float16);tensor(0., dtype=torch.float16);tensor(0., dtype=torch.float16);tensor(0., dtype=torch.float16);tensor(0., dtype=torch.float16);tensor(-2.8672, dtype=torch.float16);tensor(-0.7812, dtype=torch.float16);tensor(-3.1016, dtype=torch.float16);tensor(-1.2656, dtype=torch.float16);tensor(-1.0469, dtype=torch.float16);tensor(0., dtype=torch.float16);tensor(-0.9219, dtype=torch.float16);tensor(-0.0156, dtype=torch.float16);tensor(0., dtype=torch.float16);tensor(-0.1562, dtype=torch.float16);tensor(0., dtype=torch.float16);tensor(-0.0156, dtype=torch.float16);tensor(-6.3438, dtype=torch.float16);tensor(-1.2344, dtype=torch.float16);tensor(-4.2344, dtype=torch.float16);tensor(-0.7188, dtype=torch.float16);tensor(-2.7891, dtype=torch.float16);tensor(-0.5938, dtype=torch.float16);tensor(0., dtype=torch.float16);tensor(-0.0156, dtype=torch.float16);tensor(-0.0625, dtype=torch.float16);tensor(-5.7734, dtype=torch.float16);tensor(-7.2578, dtype=torch.float16);tensor(-0.2188, dtype=torch.float16);tensor(-1.7188, dtype=torch.float16);tensor(-7.0859, dtype=torch.float16);tensor(-0.9688, dtype=torch.float16);tensor(0., dtype=torch.float16);tensor(-0.1250, dtype=torch.float16);tensor(-0.3906, dtype=torch.float16);tensor(-0.0156, dtype=torch.float16);tensor(0., dtype=torch.float16);tensor(-0.0469, dtype=torch.float16);tensor(0., dtype=torch.float16);tensor(-0.1562, dtype=torch.float16);tensor(-5.4453, dtype=torch.float16);tensor(-1.2656, dtype=torch.float16);tensor(-2.8125, dtype=torch.float16);tensor(-1.5469, dtype=torch.float16);tensor(-7.2734, dtype=torch.float16);tensor(0., dtype=torch.float16);tensor(-0.0156, dtype=torch.float16);tensor(-0.7031, dtype=torch.float16);tensor(-9.2109, dtype=torch.float16);tensor(-0.9219, dtype=torch.float16);tensor(-0.0156, dtype=torch.float16);tensor(-5.5938, dtype=torch.float16)","tensor(-8.7031, dtype=torch.float16);tensor(-6.6094, dtype=torch.float16);tensor(-9.8281, dtype=torch.float16);tensor(-0.2344, dtype=torch.float16);tensor(-1.4297, dtype=torch.float16);tensor(-4.0156, dtype=torch.float16);tensor(-0.1719, dtype=torch.float16);tensor(0., dtype=torch.float16);tensor(-1.1094, dtype=torch.float16);tensor(-2.3125, dtype=torch.float16);tensor(-2.9531, dtype=torch.float16);tensor(-1.0469, dtype=torch.float16);tensor(-0.0938, dtype=torch.float16);tensor(-0.1719, dtype=torch.float16);tensor(-0.2656, dtype=torch.float16);tensor(-7.1641, dtype=torch.float16);tensor(-0.2344, dtype=torch.float16);tensor(-1.2969, dtype=torch.float16);tensor(-0.8125, dtype=torch.float16);tensor(0., dtype=torch.float16);tensor(-0.1406, dtype=torch.float16);tensor(-0.0469, dtype=torch.float16);tensor(0., dtype=torch.float16);tensor(-0.2344, dtype=torch.float16);tensor(-2.6719, dtype=torch.float16);tensor(0., dtype=torch.float16);tensor(0., dtype=torch.float16);tensor(0., dtype=torch.float16);tensor(-0.0156, dtype=torch.float16);tensor(-0.6094, dtype=torch.float16);tensor(-3.3906, dtype=torch.float16);tensor(0., dtype=torch.float16);tensor(-8.5469, dtype=torch.float16);tensor(-6.4609, dtype=torch.float16);tensor(0., dtype=torch.float16);tensor(-1.7344, dtype=torch.float16);tensor(-1.0781, dtype=torch.float16);tensor(-1.6875, dtype=torch.float16);tensor(-2.0625, dtype=torch.float16);tensor(-2.0234, dtype=torch.float16);tensor(-1.8594, dtype=torch.float16);tensor(0., dtype=torch.float16);tensor(-4.1719, dtype=torch.float16);tensor(-1.8125, dtype=torch.float16);tensor(0., dtype=torch.float16);tensor(-0.3125, dtype=torch.float16);tensor(-1.9844, dtype=torch.float16);tensor(-0.0156, dtype=torch.float16);tensor(-10.1562, dtype=torch.float16);tensor(-2.5391, dtype=torch.float16);tensor(-7., dtype=torch.float16);tensor(-0.3438, dtype=torch.float16);tensor(0., dtype=torch.float16);tensor(0., dtype=torch.float16);tensor(0., dtype=torch.float16);tensor(0., dtype=torch.float16);tensor(0., dtype=torch.float16);tensor(-0.5938, dtype=torch.float16);tensor(-4.3984, dtype=torch.float16);tensor(-0.8594, dtype=torch.float16);tensor(-0.1250, dtype=torch.float16);tensor(-5.3906, dtype=torch.float16);tensor(-1.1172, dtype=torch.float16);tensor(-2.5312, dtype=torch.float16);tensor(-1.9609, dtype=torch.float16);tensor(-2.8438, dtype=torch.float16);tensor(-0.1562, dtype=torch.float16);tensor(-0.8438, dtype=torch.float16);tensor(-0.0156, dtype=torch.float16);tensor(-0.0938, dtype=torch.float16);tensor(-3.9297, dtype=torch.float16);tensor(-6.1406, dtype=torch.float16);tensor(-2.7656, dtype=torch.float16);tensor(-3.8984, dtype=torch.float16);tensor(-2.6719, dtype=torch.float16);tensor(-1.8438, dtype=torch.float16);tensor(-1.7500, dtype=torch.float16);tensor(-2.2188, dtype=torch.float16);tensor(-0.9375, dtype=torch.float16);tensor(-0.0469, dtype=torch.float16);tensor(-0.6562, dtype=torch.float16);tensor(-9.2578, dtype=torch.float16);tensor(-0.2188, dtype=torch.float16);tensor(-0.0312, dtype=torch.float16);tensor(-6.6094, dtype=torch.float16)",epitome_rm
4,Sheila's Problem,explicit,"John and Sheila work in an office together. Sheila works in Finance and has a great working relationship with her supervisor, Mike. Mike’s boss Courtney has recently hired a new PA called John, who has developed a crush on Sheila. One day, after an extremely awkward encounter with John, Sheila tells her friend and colleague Amy about John’s crush. She and Sheila agree that it would be best to just let John believe that Sheila hasn’t noticed anything odd.
Later, at the pub, John tells his best friend Tim about his crush on Sheila. He is worried that things could be very uncomfortable at the office if Sheila knew that he has a crush on her, but he is fairly confident that she hasn’t yet realized. Tim’s girlfriend is Amy, the same colleague that Sheila has told about John’s crush. Tim tells Amy about John’s crush on Sheila, and Amy tells Tim that Sheila told her about it earlier that day. Tim is worried about John – he knows that John would be mortified if he realized that Sheila knew about his feelings for her. Amy reassures Tim that Sheila intends to keep John in the dark by acting normally, so that he never realizes that she’s figured it out.
Amy realizes that there is another person who needs to know about this whole situation: Victor. Victor is her brother Shaun’s best friend, and he is married to Sheila. Even if there is nothing going on between Sheila and John, Amy thinks that Victor deserves to know about the situation. She tells him about John’s crush and Sheila’s plan to keep the office environment comfortable. It turns out that Victor knew about the whole plan.",implicit,control,1,"Sheila: You know my supervisor, Mike?","Sheila: You know my PA, Mike?",a,-3.62109375,-4.328125,-54.3125,-60.5625,"tensor(-5.1016, dtype=torch.float16);tensor(0., dtype=torch.float16);tensor(-11.8203, dtype=torch.float16);tensor(-5.0664, dtype=torch.float16);tensor(-1.9219, dtype=torch.float16);tensor(-5.4531, dtype=torch.float16);tensor(-4.7031, dtype=torch.float16);tensor(0., dtype=torch.float16);tensor(-1., dtype=torch.float16);tensor(-0.0781, dtype=torch.float16);tensor(-0.2344, dtype=torch.float16);tensor(-7.5625, dtype=torch.float16);tensor(-5.3672, dtype=torch.float16);tensor(-0.0625, dtype=torch.float16);tensor(-5.9531, dtype=torch.float16)","tensor(-5.1016, dtype=torch.float16);tensor(0., dtype=torch.float16);tensor(-11.8203, dtype=torch.float16);tensor(-5.0664, dtype=torch.float16);tensor(-1.9219, dtype=torch.float16);tensor(-5.4531, dtype=torch.float16);tensor(-7.6250, dtype=torch.float16);tensor(-0.8047, dtype=torch.float16);tensor(-6.2188, dtype=torch.float16);tensor(-0.1562, dtype=torch.float16);tensor(-6.6562, dtype=torch.float16);tensor(-5.2656, dtype=torch.float16);tensor(-0.0625, dtype=torch.float16);tensor(-4.4141, dtype=torch.float16)",epitome_rm
4,Sheila's Problem,explicit,"John and Sheila work in an office together. Sheila works in Finance and has a great working relationship with her supervisor, Mike. Mike’s boss Courtney has recently hired a new PA called John, who has developed a crush on Sheila. One day, after an extremely awkward encounter with John, Sheila tells her friend and colleague Amy about John’s crush. She and Sheila agree that it would be best to just let John believe that Sheila hasn’t noticed anything odd.
Later, at the pub, John tells his best friend Tim about his crush on Sheila. He is worried that things could be very uncomfortable at the office if Sheila knew that he has a crush on her, but he is fairly confident that she hasn’t yet realized. Tim’s girlfriend is Amy, the same colleague that Sheila has told about John’s crush. Tim tells Amy about John’s crush on Sheila, and Amy tells Tim that Sheila told her about it earlier that day. Tim is worried about John – he knows that John would be mortified if he realized that Sheila knew about his feelings for her. Amy reassures Tim that Sheila intends to keep John in the dark by acting normally, so that he never realizes that she’s figured it out.
Amy realizes that there is another person who needs to know about this whole situation: Victor. Victor is her brother Shaun’s best friend, and he is married to Sheila. Even if there is nothing going on between Sheila and John, Amy thinks that Victor deserves to know about the situation. She tells him about John’s crush and Sheila’s plan to keep the office environment comfortable. It turns out that Victor knew about the whole plan.",implicit,control,2,"Sheila: You know my supervisor’s boss, Courtney?","Sheila: You know my PA’s supervisor, Courtney?",a,-3.36328125,-3.861328125,-67.25,-73.375,"tensor(-5.1016, dtype=torch.float16);tensor(0., dtype=torch.float16);tensor(-11.8203, dtype=torch.float16);tensor(-5.0664, dtype=torch.float16);tensor(-1.9219, dtype=torch.float16);tensor(-5.4531, dtype=torch.float16);tensor(-4.7031, dtype=torch.float16);tensor(0., dtype=torch.float16);tensor(-5.7578, dtype=torch.float16);tensor(0., dtype=torch.float16);tensor(-3.8359, dtype=torch.float16);tensor(0., dtype=torch.float16);tensor(-1.6016, dtype=torch.float16);tensor(-0.1094, dtype=torch.float16);tensor(0., dtype=torch.float16);tensor(-0.7656, dtype=torch.float16);tensor(-7.9023, dtype=torch.float16);tensor(-5.7266, dtype=torch.float16);tensor(-0.0781, dtype=torch.float16);tensor(-7.4219, dtype=torch.float16)","tensor(-5.1016, dtype=torch.float16);tensor(0., dtype=torch.float16);tensor(-11.8203, dtype=torch.float16);tensor(-5.0664, dtype=torch.float16);tensor(-1.9219, dtype=torch.float16);tensor(-5.4531, dtype=torch.float16);tensor(-7.6250, dtype=torch.float16);tensor(-4.8125, dtype=torch.float16);tensor(-0.0156, dtype=torch.float16);tensor(-7.9766, dtype=torch.float16);tensor(-0.5312, dtype=torch.float16);tensor(-0.7812, dtype=torch.float16);tensor(-1.5625, dtype=torch.float16);tensor(0., dtype=torch.float16);tensor(-0.4688, dtype=torch.float16);tensor(-7.2969, dtype=torch.float16);tensor(-6.4844, dtype=torch.float16);tensor(-0.0703, dtype=torch.float16);tensor(-6.3906, dtype=torch.float16)",epitome_rm
4,Sheila's Problem,explicit,"John and Sheila work in an office together. Sheila works in Finance and has a great working relationship with her supervisor, Mike. Mike’s boss Courtney has recently hired a new PA called John, who has developed a crush on Sheila. One day, after an extremely awkward encounter with John, Sheila tells her friend and colleague Amy about John’s crush. She and Sheila agree that it would be best to just let John believe that Sheila hasn’t noticed anything odd.
Later, at the pub, John tells his best friend Tim about his crush on Sheila. He is worried that things could be very uncomfortable at the office if Sheila knew that he has a crush on her, but he is fairly confident that she hasn’t yet realized. Tim’s girlfriend is Amy, the same colleague that Sheila has told about John’s crush. Tim tells Amy about John’s crush on Sheila, and Amy tells Tim that Sheila told her about it earlier that day. Tim is worried about John – he knows that John would be mortified if he realized that Sheila knew about his feelings for her. Amy reassures Tim that Sheila intends to keep John in the dark by acting normally, so that he never realizes that she’s figured it out.
Amy realizes that there is another person who needs to know about this whole situation: Victor. Victor is her brother Shaun’s best friend, and he is married to Sheila. Even if there is nothing going on between Sheila and John, Amy thinks that Victor deserves to know about the situation. She tells him about John’s crush and Sheila’s plan to keep the office environment comfortable. It turns out that Victor knew about the whole plan.",implicit,control,3,"Sheila: Anyway, my supervisor Mike, his boss has hired this new PA, John.","Sheila: Anyway, my PA Mike’s boss has this new supervisor, John.",a,-3.03515625,-4.0234375,-78.875,-96.625,"tensor(-5.1016, dtype=torch.float16);tensor(0., dtype=torch.float16);tensor(-11.8203, dtype=torch.float16);tensor(-11.8359, dtype=torch.float16);tensor(-0.0312, dtype=torch.float16);tensor(-5.3984, dtype=torch.float16);tensor(-6.0078, dtype=torch.float16);tensor(0., dtype=torch.float16);tensor(-0.3750, dtype=torch.float16);tensor(-3.7969, dtype=torch.float16);tensor(-3.8594, dtype=torch.float16);tensor(-0.0156, dtype=torch.float16);tensor(0., dtype=torch.float16);tensor(-7.5078, dtype=torch.float16);tensor(-0.2656, dtype=torch.float16);tensor(0., dtype=torch.float16);tensor(-2.2031, dtype=torch.float16);tensor(-0.0469, dtype=torch.float16);tensor(-0.0938, dtype=torch.float16);tensor(-1.1641, dtype=torch.float16);tensor(-0.1562, dtype=torch.float16);tensor(-0.9844, dtype=torch.float16);tensor(-6.7344, dtype=torch.float16);tensor(-2.9844, dtype=torch.float16);tensor(-0.0391, dtype=torch.float16);tensor(-8.4844, dtype=torch.float16)","tensor(-5.1016, dtype=torch.float16);tensor(0., dtype=torch.float16);tensor(-11.8203, dtype=torch.float16);tensor(-11.8359, dtype=torch.float16);tensor(-0.0312, dtype=torch.float16);tensor(-5.3984, dtype=torch.float16);tensor(-7.9219, dtype=torch.float16);tensor(-5.4531, dtype=torch.float16);tensor(-4.1797, dtype=torch.float16);tensor(0., dtype=torch.float16);tensor(-0.1406, dtype=torch.float16);tensor(0., dtype=torch.float16);tensor(-3.4844, dtype=torch.float16);tensor(-4.1641, dtype=torch.float16);tensor(-0.5312, dtype=torch.float16);tensor(-9.2031, dtype=torch.float16);tensor(-4.5781, dtype=torch.float16);tensor(-1.1172, dtype=torch.float16);tensor(-2.2891, dtype=torch.float16);tensor(-0.8984, dtype=torch.float16);tensor(-7.3047, dtype=torch.float16);tensor(-2.7578, dtype=torch.float16);tensor(-0.0469, dtype=torch.float16);tensor(-8.3359, dtype=torch.float16)",epitome_rm
4,Sheila's Problem,explicit,"John and Sheila work in an office together. Sheila works in Finance and has a great working relationship with her supervisor, Mike. Mike’s boss Courtney has recently hired a new PA called John, who has developed a crush on Sheila. One day, after an extremely awkward encounter with John, Sheila tells her friend and colleague Amy about John’s crush. She and Sheila agree that it would be best to just let John believe that Sheila hasn’t noticed anything odd.
Later, at the pub, John tells his best friend Tim about his crush on Sheila. He is worried that things could be very uncomfortable at the office if Sheila knew that he has a crush on her, but he is fairly confident that she hasn’t yet realized. Tim’s girlfriend is Amy, the same colleague that Sheila has told about John’s crush. Tim tells Amy about John’s crush on Sheila, and Amy tells Tim that Sheila told her about it earlier that day. Tim is worried about John – he knows that John would be mortified if he realized that Sheila knew about his feelings for her. Amy reassures Tim that Sheila intends to keep John in the dark by acting normally, so that he never realizes that she’s figured it out.
Amy realizes that there is another person who needs to know about this whole situation: Victor. Victor is her brother Shaun’s best friend, and he is married to Sheila. Even if there is nothing going on between Sheila and John, Amy thinks that Victor deserves to know about the situation. She tells him about John’s crush and Sheila’s plan to keep the office environment comfortable. It turns out that Victor knew about the whole plan.",implicit,control,4,"Amy: Oh, you know Sheila? Well, her supervisor Mike, his boss has this new PA, John.
Tim: My best friend John?
Amy: That’s the one.","Amy: Oh, you know Sheila? Well, her best friend Mike, his boss has this new PA, John.Tim: Oh, I’m John’s supervisor.",a,-2.455078125,-3.736328125,-117.875,-160.625,"tensor(-8.7031, dtype=torch.float16);tensor(-6.6094, dtype=torch.float16);tensor(-4.9531, dtype=torch.float16);tensor(-2.2031, dtype=torch.float16);tensor(-1.4609, dtype=torch.float16);tensor(-2.7969, dtype=torch.float16);tensor(-8.8047, dtype=torch.float16);tensor(0., dtype=torch.float16);tensor(-2.6953, dtype=torch.float16);tensor(-4.5938, dtype=torch.float16);tensor(-0.0781, dtype=torch.float16);tensor(-3.1797, dtype=torch.float16);tensor(-6.7578, dtype=torch.float16);tensor(-0.0156, dtype=torch.float16);tensor(-0.3438, dtype=torch.float16);tensor(-3.8516, dtype=torch.float16);tensor(-5.2578, dtype=torch.float16);tensor(-0.0156, dtype=torch.float16);tensor(0., dtype=torch.float16);tensor(-7.3438, dtype=torch.float16);tensor(-4.1250, dtype=torch.float16);tensor(-0.1875, dtype=torch.float16);tensor(-0.1250, dtype=torch.float16);tensor(-0.8438, dtype=torch.float16);tensor(-0.0781, dtype=torch.float16);tensor(-1., dtype=torch.float16);tensor(-2.8359, dtype=torch.float16);tensor(-3.7734, dtype=torch.float16);tensor(-0.0625, dtype=torch.float16);tensor(-10.5781, dtype=torch.float16);tensor(-1.3906, dtype=torch.float16);tensor(-0.0781, dtype=torch.float16);tensor(-0.1250, dtype=torch.float16);tensor(-1.2500, dtype=torch.float16);tensor(-2.7891, dtype=torch.float16);tensor(-0.0156, dtype=torch.float16);tensor(0., dtype=torch.float16);tensor(0., dtype=torch.float16);tensor(-5.6953, dtype=torch.float16);tensor(-0.1250, dtype=torch.float16);tensor(0., dtype=torch.float16);tensor(-0.1250, dtype=torch.float16);tensor(-0.0312, dtype=torch.float16);tensor(-0.5938, dtype=torch.float16);tensor(-8.5469, dtype=torch.float16);tensor(-0.3281, dtype=torch.float16);tensor(-0.0469, dtype=torch.float16);tensor(-3.4609, dtype=torch.float16)","tensor(-8.7031, dtype=torch.float16);tensor(-6.6094, dtype=torch.float16);tensor(-4.9531, dtype=torch.float16);tensor(-2.2031, dtype=torch.float16);tensor(-1.4609, dtype=torch.float16);tensor(-2.7969, dtype=torch.float16);tensor(-8.8047, dtype=torch.float16);tensor(0., dtype=torch.float16);tensor(-2.6953, dtype=torch.float16);tensor(-4.5938, dtype=torch.float16);tensor(-0.0781, dtype=torch.float16);tensor(-3.1797, dtype=torch.float16);tensor(-7.6406, dtype=torch.float16);tensor(-0.1406, dtype=torch.float16);tensor(-5.3281, dtype=torch.float16);tensor(-3.7578, dtype=torch.float16);tensor(-5.3594, dtype=torch.float16);tensor(-0.7969, dtype=torch.float16);tensor(0., dtype=torch.float16);tensor(-5.0703, dtype=torch.float16);tensor(-5.2969, dtype=torch.float16);tensor(-0.5000, dtype=torch.float16);tensor(-0.2031, dtype=torch.float16);tensor(-0.7422, dtype=torch.float16);tensor(-0.1094, dtype=torch.float16);tensor(-17.6562, dtype=torch.float16);tensor(-9.5000, dtype=torch.float16);tensor(-0.0781, dtype=torch.float16);tensor(-0.5938, dtype=torch.float16);tensor(-1.0469, dtype=torch.float16);tensor(-2.0234, dtype=torch.float16);tensor(-4.2344, dtype=torch.float16);tensor(-4.5000, dtype=torch.float16);tensor(-8.0391, dtype=torch.float16);tensor(-0.2500, dtype=torch.float16);tensor(0., dtype=torch.float16);tensor(-12.9844, dtype=torch.float16);tensor(-0.0156, dtype=torch.float16);tensor(-0.8672, dtype=torch.float16);tensor(-9.6562, dtype=torch.float16);tensor(-0.2188, dtype=torch.float16);tensor(-0.0312, dtype=torch.float16);tensor(-7.9531, dtype=torch.float16)",epitome_rm
4,Sheila's Problem,explicit,"John and Sheila work in an office together. Sheila works in Finance and has a great working relationship with her supervisor, Mike. Mike’s boss Courtney has recently hired a new PA called John, who has developed a crush on Sheila. One day, after an extremely awkward encounter with John, Sheila tells her friend and colleague Amy about John’s crush. She and Sheila agree that it would be best to just let John believe that Sheila hasn’t noticed anything odd.
Later, at the pub, John tells his best friend Tim about his crush on Sheila. He is worried that things could be very uncomfortable at the office if Sheila knew that he has a crush on her, but he is fairly confident that she hasn’t yet realized. Tim’s girlfriend is Amy, the same colleague that Sheila has told about John’s crush. Tim tells Amy about John’s crush on Sheila, and Amy tells Tim that Sheila told her about it earlier that day. Tim is worried about John – he knows that John would be mortified if he realized that Sheila knew about his feelings for her. Amy reassures Tim that Sheila intends to keep John in the dark by acting normally, so that he never realizes that she’s figured it out.
Amy realizes that there is another person who needs to know about this whole situation: Victor. Victor is her brother Shaun’s best friend, and he is married to Sheila. Even if there is nothing going on between Sheila and John, Amy thinks that Victor deserves to know about the situation. She tells him about John’s crush and Sheila’s plan to keep the office environment comfortable. It turns out that Victor knew about the whole plan.",implicit,control,5,"Victor: How did Amy know about this whole situation?Sheila: It’s a bit complicated. So John is my supervisor Mike’s boss’s new PA, and John’s best friend is Amy’s boyfriend.","Victor: How did Amy know about this whole situation?Sheila: It’s a bit complicated. So John is my PA Mike’s supervisor’s boss, and John’s best friend is Amy’s boyfriend.",a,-2.818359375,-2.9296875,-155.0,-158.25,"tensor(-2.5703, dtype=torch.float16);tensor(-5.5938, dtype=torch.float16);tensor(-6.8281, dtype=torch.float16);tensor(-1.5625, dtype=torch.float16);tensor(-6.9844, dtype=torch.float16);tensor(-0.8984, dtype=torch.float16);tensor(-0.3438, dtype=torch.float16);tensor(-2.1094, dtype=torch.float16);tensor(-1.7969, dtype=torch.float16);tensor(-0.1250, dtype=torch.float16);tensor(-0.0625, dtype=torch.float16);tensor(-17.0469, dtype=torch.float16);tensor(-8.6797, dtype=torch.float16);tensor(-0.0469, dtype=torch.float16);tensor(-0.3828, dtype=torch.float16);tensor(-6.2656, dtype=torch.float16);tensor(-1.6562, dtype=torch.float16);tensor(0., dtype=torch.float16);tensor(-0.6250, dtype=torch.float16);tensor(-3.7969, dtype=torch.float16);tensor(-2.3438, dtype=torch.float16);tensor(-0.8438, dtype=torch.float16);tensor(-4.8906, dtype=torch.float16);tensor(-3.6094, dtype=torch.float16);tensor(-6.0469, dtype=torch.float16);tensor(-5.0938, dtype=torch.float16);tensor(-4.8516, dtype=torch.float16);tensor(-0.0312, dtype=torch.float16);tensor(-2.0625, dtype=torch.float16);tensor(-0.0156, dtype=torch.float16);tensor(0., dtype=torch.float16);tensor(-8., dtype=torch.float16);tensor(0., dtype=torch.float16);tensor(-1.4297, dtype=torch.float16);tensor(-0.0781, dtype=torch.float16);tensor(-0.8906, dtype=torch.float16);tensor(-0.0781, dtype=torch.float16);tensor(-0.9375, dtype=torch.float16);tensor(-0.3438, dtype=torch.float16);tensor(-3.5625, dtype=torch.float16);tensor(-4., dtype=torch.float16);tensor(0., dtype=torch.float16);tensor(-5.2891, dtype=torch.float16);tensor(0., dtype=torch.float16);tensor(-1.8125, dtype=torch.float16);tensor(-8.0156, dtype=torch.float16);tensor(-0.1094, dtype=torch.float16);tensor(0., dtype=torch.float16);tensor(-0.5469, dtype=torch.float16);tensor(0., dtype=torch.float16);tensor(-4.1875, dtype=torch.float16);tensor(-9.3828, dtype=torch.float16);tensor(-0.3203, dtype=torch.float16);tensor(-0.0312, dtype=torch.float16);tensor(-8.8750, dtype=torch.float16)","tensor(-2.5703, dtype=torch.float16);tensor(-5.5938, dtype=torch.float16);tensor(-6.8281, dtype=torch.float16);tensor(-1.5625, dtype=torch.float16);tensor(-6.9844, dtype=torch.float16);tensor(-0.8984, dtype=torch.float16);tensor(-0.3438, dtype=torch.float16);tensor(-2.1094, dtype=torch.float16);tensor(-1.7969, dtype=torch.float16);tensor(-0.1250, dtype=torch.float16);tensor(-0.0625, dtype=torch.float16);tensor(-17.0469, dtype=torch.float16);tensor(-8.6797, dtype=torch.float16);tensor(-0.0469, dtype=torch.float16);tensor(-0.3828, dtype=torch.float16);tensor(-6.2656, dtype=torch.float16);tensor(-1.6562, dtype=torch.float16);tensor(0., dtype=torch.float16);tensor(-0.6250, dtype=torch.float16);tensor(-3.7969, dtype=torch.float16);tensor(-2.3438, dtype=torch.float16);tensor(-0.8438, dtype=torch.float16);tensor(-4.8906, dtype=torch.float16);tensor(-3.6094, dtype=torch.float16);tensor(-6.0469, dtype=torch.float16);tensor(-5.0938, dtype=torch.float16);tensor(-1.2734, dtype=torch.float16);tensor(-9.2656, dtype=torch.float16);tensor(-0.1719, dtype=torch.float16);tensor(0., dtype=torch.float16);tensor(-6.0156, dtype=torch.float16);tensor(-0.0156, dtype=torch.float16);tensor(-1.1406, dtype=torch.float16);tensor(0., dtype=torch.float16);tensor(-6.5547, dtype=torch.float16);tensor(0., dtype=torch.float16);tensor(-3.2734, dtype=torch.float16);tensor(-0.8047, dtype=torch.float16);tensor(-2.5156, dtype=torch.float16);tensor(-3.5625, dtype=torch.float16);tensor(0., dtype=torch.float16);tensor(-2.8438, dtype=torch.float16);tensor(0., dtype=torch.float16);tensor(-1.5938, dtype=torch.float16);tensor(-6.9062, dtype=torch.float16);tensor(-0.1094, dtype=torch.float16);tensor(0., dtype=torch.float16);tensor(-1., dtype=torch.float16);tensor(0., dtype=torch.float16);tensor(-2.9688, dtype=torch.float16);tensor(-9.5312, dtype=torch.float16);tensor(-0.5781, dtype=torch.float16);tensor(-0.0312, dtype=torch.float16);tensor(-7.8320, dtype=torch.float16)",epitome_rm
4,Sheila's Problem,explicit,"John and Sheila work in an office together. Sheila works in Finance and has a great working relationship with her supervisor, Mike. Mike’s boss Courtney has recently hired a new PA called John, who has developed a crush on Sheila. One day, after an extremely awkward encounter with John, Sheila tells her friend and colleague Amy about John’s crush. She and Sheila agree that it would be best to just let John believe that Sheila hasn’t noticed anything odd.
Later, at the pub, John tells his best friend Tim about his crush on Sheila. He is worried that things could be very uncomfortable at the office if Sheila knew that he has a crush on her, but he is fairly confident that she hasn’t yet realized. Tim’s girlfriend is Amy, the same colleague that Sheila has told about John’s crush. Tim tells Amy about John’s crush on Sheila, and Amy tells Tim that Sheila told her about it earlier that day. Tim is worried about John – he knows that John would be mortified if he realized that Sheila knew about his feelings for her. Amy reassures Tim that Sheila intends to keep John in the dark by acting normally, so that he never realizes that she’s figured it out.
Amy realizes that there is another person who needs to know about this whole situation: Victor. Victor is her brother Shaun’s best friend, and he is married to Sheila. Even if there is nothing going on between Sheila and John, Amy thinks that Victor deserves to know about the situation. She tells him about John’s crush and Sheila’s plan to keep the office environment comfortable. It turns out that Victor knew about the whole plan.",implicit,control,6,"Amy: Yeah, it’s really complicated. So your best friend is Sheila’s supervisor Mike’s boss’s PA, John, and Shaun is my brother.","Amy: Yeah, it’s really complicated. My boyfriend is PA to Sheila’s best friend Mike’s supervisor’s boss, John, and Shaun is my brother.",a,-2.833984375,-3.103515625,-124.6875,-142.75,"tensor(-8.7031, dtype=torch.float16);tensor(-6.6094, dtype=torch.float16);tensor(-7.6719, dtype=torch.float16);tensor(-0.1094, dtype=torch.float16);tensor(-4.6875, dtype=torch.float16);tensor(-1.6406, dtype=torch.float16);tensor(0., dtype=torch.float16);tensor(-3.9766, dtype=torch.float16);tensor(-3.3984, dtype=torch.float16);tensor(-0.5312, dtype=torch.float16);tensor(-2.8359, dtype=torch.float16);tensor(-7.0781, dtype=torch.float16);tensor(-5.2656, dtype=torch.float16);tensor(-0.0156, dtype=torch.float16);tensor(-2.8125, dtype=torch.float16);tensor(-10.8125, dtype=torch.float16);tensor(0., dtype=torch.float16);tensor(-0.6875, dtype=torch.float16);tensor(0., dtype=torch.float16);tensor(-5.6641, dtype=torch.float16);tensor(0., dtype=torch.float16);tensor(-1.6875, dtype=torch.float16);tensor(-2.2969, dtype=torch.float16);tensor(0., dtype=torch.float16);tensor(-3.2031, dtype=torch.float16);tensor(0., dtype=torch.float16);tensor(-1.4375, dtype=torch.float16);tensor(-0.0625, dtype=torch.float16);tensor(-0.4219, dtype=torch.float16);tensor(-1.0469, dtype=torch.float16);tensor(-5.2266, dtype=torch.float16);tensor(-0.5312, dtype=torch.float16);tensor(-0.4062, dtype=torch.float16);tensor(-11.2344, dtype=torch.float16);tensor(-0.3438, dtype=torch.float16);tensor(0., dtype=torch.float16);tensor(-1.6094, dtype=torch.float16);tensor(-2.9609, dtype=torch.float16);tensor(0., dtype=torch.float16);tensor(-1.4531, dtype=torch.float16);tensor(-9.1094, dtype=torch.float16);tensor(-3.1719, dtype=torch.float16);tensor(-0.0781, dtype=torch.float16);tensor(-5.9062, dtype=torch.float16)","tensor(-8.7031, dtype=torch.float16);tensor(-6.6094, dtype=torch.float16);tensor(-7.6719, dtype=torch.float16);tensor(-0.1094, dtype=torch.float16);tensor(-4.6875, dtype=torch.float16);tensor(-1.6406, dtype=torch.float16);tensor(0., dtype=torch.float16);tensor(-3.9766, dtype=torch.float16);tensor(-3.3984, dtype=torch.float16);tensor(-0.5312, dtype=torch.float16);tensor(-6.1797, dtype=torch.float16);tensor(-4.1953, dtype=torch.float16);tensor(0., dtype=torch.float16);tensor(-4.5391, dtype=torch.float16);tensor(-16.1562, dtype=torch.float16);tensor(-0.0156, dtype=torch.float16);tensor(-3.3906, dtype=torch.float16);tensor(0., dtype=torch.float16);tensor(-0.2031, dtype=torch.float16);tensor(0., dtype=torch.float16);tensor(-10.8828, dtype=torch.float16);tensor(-0.0312, dtype=torch.float16);tensor(-0.7656, dtype=torch.float16);tensor(-4.6484, dtype=torch.float16);tensor(0., dtype=torch.float16);tensor(-5.7656, dtype=torch.float16);tensor(0., dtype=torch.float16);tensor(-5.5391, dtype=torch.float16);tensor(0., dtype=torch.float16);tensor(-1., dtype=torch.float16);tensor(0., dtype=torch.float16);tensor(-1.6406, dtype=torch.float16);tensor(-5.9531, dtype=torch.float16);tensor(-1.4766, dtype=torch.float16);tensor(-0.7500, dtype=torch.float16);tensor(-9.1094, dtype=torch.float16);tensor(0., dtype=torch.float16);tensor(0., dtype=torch.float16);tensor(-1.5547, dtype=torch.float16);tensor(-3.4766, dtype=torch.float16);tensor(0., dtype=torch.float16);tensor(-0.4844, dtype=torch.float16);tensor(-8.2656, dtype=torch.float16);tensor(-3.1328, dtype=torch.float16);tensor(-0.1797, dtype=torch.float16);tensor(-6.1289, dtype=torch.float16)",epitome_rm
4,Sheila's Problem,explicit,"John and Sheila work in an office together. Sheila works in Finance and has a great working relationship with her supervisor, Mike. Mike’s boss Courtney has recently hired a new PA called John, who has developed a crush on Sheila. One day, after an extremely awkward encounter with John, Sheila tells her friend and colleague Amy about John’s crush. She and Sheila agree that it would be best to just let John believe that Sheila hasn’t noticed anything odd.
Later, at the pub, John tells his best friend Tim about his crush on Sheila. He is worried that things could be very uncomfortable at the office if Sheila knew that he has a crush on her, but he is fairly confident that she hasn’t yet realized. Tim’s girlfriend is Amy, the same colleague that Sheila has told about John’s crush. Tim tells Amy about John’s crush on Sheila, and Amy tells Tim that Sheila told her about it earlier that day. Tim is worried about John – he knows that John would be mortified if he realized that Sheila knew about his feelings for her. Amy reassures Tim that Sheila intends to keep John in the dark by acting normally, so that he never realizes that she’s figured it out.
Amy realizes that there is another person who needs to know about this whole situation: Victor. Victor is her brother Shaun’s best friend, and he is married to Sheila. Even if there is nothing going on between Sheila and John, Amy thinks that Victor deserves to know about the situation. She tells him about John’s crush and Sheila’s plan to keep the office environment comfortable. It turns out that Victor knew about the whole plan.",implicit,control,7,"Tim: How does everyone know each other again?Amy: So, your best friend John is Sheila’s supervisor Mike’s boss’s PA. And Sheila is married to my brother’s best friend Victor.","Tim: How does everyone know each other again?Amy: So, Sheila’s my best friend, and my brother Mike’s boss’s supervisor, John, has just hired a new PA. Victor is that PA’s girlfriend’s friend.",a,-2.669921875,-3.359375,-144.125,-211.625,"tensor(-8.7969, dtype=torch.float16);tensor(-7.0625, dtype=torch.float16);tensor(-4.6641, dtype=torch.float16);tensor(-3.4375, dtype=torch.float16);tensor(-5.6719, dtype=torch.float16);tensor(-0.1875, dtype=torch.float16);tensor(-6.8047, dtype=torch.float16);tensor(0., dtype=torch.float16);tensor(-4.2578, dtype=torch.float16);tensor(0., dtype=torch.float16);tensor(-15.8828, dtype=torch.float16);tensor(-9.7812, dtype=torch.float16);tensor(0., dtype=torch.float16);tensor(-0.0156, dtype=torch.float16);tensor(-4.4219, dtype=torch.float16);tensor(-0.4688, dtype=torch.float16);tensor(-8.4766, dtype=torch.float16);tensor(-2.1719, dtype=torch.float16);tensor(-0.0156, dtype=torch.float16);tensor(-0.3125, dtype=torch.float16);tensor(-5.2266, dtype=torch.float16);tensor(-11.5781, dtype=torch.float16);tensor(0., dtype=torch.float16);tensor(-0.1250, dtype=torch.float16);tensor(0., dtype=torch.float16);tensor(-1., dtype=torch.float16);tensor(0., dtype=torch.float16);tensor(-0.6406, dtype=torch.float16);tensor(-0.0469, dtype=torch.float16);tensor(0., dtype=torch.float16);tensor(-7.4297, dtype=torch.float16);tensor(0., dtype=torch.float16);tensor(-2.0781, dtype=torch.float16);tensor(-0.0938, dtype=torch.float16);tensor(-0.5000, dtype=torch.float16);tensor(-1.6250, dtype=torch.float16);tensor(-1.2969, dtype=torch.float16);tensor(-2.6953, dtype=torch.float16);tensor(0., dtype=torch.float16);tensor(-1.2656, dtype=torch.float16);tensor(-0.2500, dtype=torch.float16);tensor(0., dtype=torch.float16);tensor(-4.5625, dtype=torch.float16);tensor(0., dtype=torch.float16);tensor(-3.9219, dtype=torch.float16);tensor(0., dtype=torch.float16);tensor(-0.0469, dtype=torch.float16);tensor(0., dtype=torch.float16);tensor(-0.0156, dtype=torch.float16);tensor(-0.0938, dtype=torch.float16);tensor(-8.7969, dtype=torch.float16);tensor(-0.0703, dtype=torch.float16);tensor(-0.0859, dtype=torch.float16);tensor(-8.2578, dtype=torch.float16)","tensor(-8.7969, dtype=torch.float16);tensor(-7.0625, dtype=torch.float16);tensor(-4.6641, dtype=torch.float16);tensor(-3.4375, dtype=torch.float16);tensor(-5.6719, dtype=torch.float16);tensor(-0.1875, dtype=torch.float16);tensor(-6.8047, dtype=torch.float16);tensor(0., dtype=torch.float16);tensor(-4.2578, dtype=torch.float16);tensor(0., dtype=torch.float16);tensor(-15.8828, dtype=torch.float16);tensor(-9.7812, dtype=torch.float16);tensor(0., dtype=torch.float16);tensor(-0.0156, dtype=torch.float16);tensor(-4.4219, dtype=torch.float16);tensor(-0.4688, dtype=torch.float16);tensor(-3.2500, dtype=torch.float16);tensor(0., dtype=torch.float16);tensor(-4.3984, dtype=torch.float16);tensor(0., dtype=torch.float16);tensor(-2.8594, dtype=torch.float16);tensor(-5.0312, dtype=torch.float16);tensor(-0.0156, dtype=torch.float16);tensor(-0.3750, dtype=torch.float16);tensor(-0.8750, dtype=torch.float16);tensor(-6.6094, dtype=torch.float16);tensor(-0.0469, dtype=torch.float16);tensor(-14.8203, dtype=torch.float16);tensor(-0.9375, dtype=torch.float16);tensor(0., dtype=torch.float16);tensor(-1.9297, dtype=torch.float16);tensor(0., dtype=torch.float16);tensor(-6.3438, dtype=torch.float16);tensor(-0.0156, dtype=torch.float16);tensor(-7.9609, dtype=torch.float16);tensor(0., dtype=torch.float16);tensor(-2.4141, dtype=torch.float16);tensor(-5.9453, dtype=torch.float16);tensor(-0.4375, dtype=torch.float16);tensor(-0.0156, dtype=torch.float16);tensor(-11.2344, dtype=torch.float16);tensor(-5.2344, dtype=torch.float16);tensor(0., dtype=torch.float16);tensor(-0.2969, dtype=torch.float16);tensor(-0.0312, dtype=torch.float16);tensor(-0.0312, dtype=torch.float16);tensor(-2.1562, dtype=torch.float16);tensor(-1.8594, dtype=torch.float16);tensor(-0.3750, dtype=torch.float16);tensor(-10.2031, dtype=torch.float16);tensor(-0.2812, dtype=torch.float16);tensor(-3.2031, dtype=torch.float16);tensor(0., dtype=torch.float16);tensor(-10.8125, dtype=torch.float16);tensor(0., dtype=torch.float16);tensor(-4.3984, dtype=torch.float16);tensor(0., dtype=torch.float16);tensor(-7.2031, dtype=torch.float16);tensor(-0.6875, dtype=torch.float16);tensor(-8.4844, dtype=torch.float16);tensor(-0.1562, dtype=torch.float16);tensor(-0.1562, dtype=torch.float16);tensor(-9.1094, dtype=torch.float16)",epitome_rm
4,Sheila's Problem,implicit,"Scene 1: John and Sheila’s encounter in the office. John hands Sheila a stack of papers and he gets awkward.
John: Oh, um, Sheila, hi, um – nice – um – scarf.
Sheila: Thanks, John. I’ll get these back to you by tomorrow.
John: Yup, great, thanks, nice, that would be good.
[John exits, Amy enters]
Sheila: Oh gosh, Amy, I’m in such an awkward situation.
Amy: Yeah? What’s up?
Sheila: Well, you know my supervisor Mike, right? His boss Courtney has this new PA, John, who gets really weird around me. I think he has a crush on me and it’s really uncomfortable.
Amy: That’s awkward. Are you going to confront him about it?
Sheila: What, are you mad? Poor guy would explode. It would make it a hundred times worse. No, I’ll just keep letting him think I have no idea about it.
Amy: Yeah, good idea.

Scene 2: John talks to Tim about Sheila
Tim: Anyway, so how’s it going at your new job?
John: Urgh, not so good at the moment. Remember I told you about Sheila, who works in Finance?
Tim: Yeah?
John: Yeah, I’ve gone full schoolboy crush on her. I blush and get awkward and everything. It’s terrible.
Tim: Oh, yikes. Does she know?
John: No, I don’t think so. She still acts completely normal around me.
Tim: That’s a relief.
John: Yeah. Anyway, I’d better run.
Tim: Cheers, hope the office gets better!

Scene 3: Amy enters
Amy: Hi, sweetheart.
Tim: Hiya.
Tim: Poor guy, he’s in an awkward situation at work. He actually has a schoolboy crush, can you believe it? On someone called Sheila.
Amy: Sheila? Oh, yeah, she told me about it.
Tim: She knows? Aw, John thinks she hasn’t realized how he feels. He’d be mortified if he found out that she does know.
Amy: It’s all right, her plan is to keep him in the dark – she doesn’t want him to know that she’s realized, because it’ll make it so much more awkward.
Tim: That’s all right then.
Amy: But – I wonder if Victor knows about this?
Tim: Victor?
Amy: Victor, you know Victor! My brother Shaun’s best friend? He’s married to Sheila!
Tim: Oh, yeah, right, Victor.
Amy: He should know about this, even if there’s nothing going on. I’ll chat to him later.

Scene 4: Amy tells Victor
Amy: Victor, I need to chat to you about something.
Victor: What’s up?
Amy: Tim told me something he heard the other day and I thought that, as Sheila’s husband, you deserved to know.
Victor: Oh god, this doesn’t sound good.
Amy: It’s not a huge deal, it’s just that there’s somebody at Sheila’s office, John, who has a bit of a thing for her, and Sheila’s worked it out, but she’s pretending not to know to stop things from getting awkward.
Victor: Oh, yeah, she told me about that. Poor guy.",explicit,mental,1,John likes Sheila.,John likes Amy.,a,-4.17578125,-5.51171875,-41.75,-49.59375,"tensor(-9.5234, dtype=torch.float16);tensor(-6.7031, dtype=torch.float16);tensor(0., dtype=torch.float16);tensor(-2.1406, dtype=torch.float16);tensor(0., dtype=torch.float16);tensor(-2.5312, dtype=torch.float16);tensor(-9.5469, dtype=torch.float16);tensor(-2.7188, dtype=torch.float16);tensor(-0.1016, dtype=torch.float16);tensor(-8.4922, dtype=torch.float16)","tensor(-9.5234, dtype=torch.float16);tensor(-6.7031, dtype=torch.float16);tensor(0., dtype=torch.float16);tensor(-10.7344, dtype=torch.float16);tensor(-1.8594, dtype=torch.float16);tensor(-9.5938, dtype=torch.float16);tensor(-2.6016, dtype=torch.float16);tensor(-0.1641, dtype=torch.float16);tensor(-8.4141, dtype=torch.float16)",epitome_rm
4,Sheila's Problem,implicit,"Scene 1: John and Sheila’s encounter in the office. John hands Sheila a stack of papers and he gets awkward.
John: Oh, um, Sheila, hi, um – nice – um – scarf.
Sheila: Thanks, John. I’ll get these back to you by tomorrow.
John: Yup, great, thanks, nice, that would be good.
[John exits, Amy enters]
Sheila: Oh gosh, Amy, I’m in such an awkward situation.
Amy: Yeah? What’s up?
Sheila: Well, you know my supervisor Mike, right? His boss Courtney has this new PA, John, who gets really weird around me. I think he has a crush on me and it’s really uncomfortable.
Amy: That’s awkward. Are you going to confront him about it?
Sheila: What, are you mad? Poor guy would explode. It would make it a hundred times worse. No, I’ll just keep letting him think I have no idea about it.
Amy: Yeah, good idea.

Scene 2: John talks to Tim about Sheila
Tim: Anyway, so how’s it going at your new job?
John: Urgh, not so good at the moment. Remember I told you about Sheila, who works in Finance?
Tim: Yeah?
John: Yeah, I’ve gone full schoolboy crush on her. I blush and get awkward and everything. It’s terrible.
Tim: Oh, yikes. Does she know?
John: No, I don’t think so. She still acts completely normal around me.
Tim: That’s a relief.
John: Yeah. Anyway, I’d better run.
Tim: Cheers, hope the office gets better!

Scene 3: Amy enters
Amy: Hi, sweetheart.
Tim: Hiya.
Tim: Poor guy, he’s in an awkward situation at work. He actually has a schoolboy crush, can you believe it? On someone called Sheila.
Amy: Sheila? Oh, yeah, she told me about it.
Tim: She knows? Aw, John thinks she hasn’t realized how he feels. He’d be mortified if he found out that she does know.
Amy: It’s all right, her plan is to keep him in the dark – she doesn’t want him to know that she’s realized, because it’ll make it so much more awkward.
Tim: That’s all right then.
Amy: But – I wonder if Victor knows about this?
Tim: Victor?
Amy: Victor, you know Victor! My brother Shaun’s best friend? He’s married to Sheila!
Tim: Oh, yeah, right, Victor.
Amy: He should know about this, even if there’s nothing going on. I’ll chat to him later.

Scene 4: Amy tells Victor
Amy: Victor, I need to chat to you about something.
Victor: What’s up?
Amy: Tim told me something he heard the other day and I thought that, as Sheila’s husband, you deserved to know.
Victor: Oh god, this doesn’t sound good.
Amy: It’s not a huge deal, it’s just that there’s somebody at Sheila’s office, John, who has a bit of a thing for her, and Sheila’s worked it out, but she’s pretending not to know to stop things from getting awkward.
Victor: Oh, yeah, she told me about that. Poor guy.",explicit,mental,2,Sheila knows that John likes her.,Sheila doesn’t know that John likes her.,a,-3.484375,-3.150390625,-45.3125,-50.40625,"tensor(-4.1562, dtype=torch.float16);tensor(-2.8125, dtype=torch.float16);tensor(-5.3594, dtype=torch.float16);tensor(-3.1562, dtype=torch.float16);tensor(-3.8359, dtype=torch.float16);tensor(-2.4844, dtype=torch.float16);tensor(0., dtype=torch.float16);tensor(0., dtype=torch.float16);tensor(-3.2188, dtype=torch.float16);tensor(-10.9062, dtype=torch.float16);tensor(-1.1016, dtype=torch.float16);tensor(-0.0859, dtype=torch.float16);tensor(-8.1875, dtype=torch.float16)","tensor(-4.1562, dtype=torch.float16);tensor(-2.8125, dtype=torch.float16);tensor(-4.2109, dtype=torch.float16);tensor(0., dtype=torch.float16);tensor(0., dtype=torch.float16);tensor(-2.8672, dtype=torch.float16);tensor(-0.7812, dtype=torch.float16);tensor(-6.7344, dtype=torch.float16);tensor(-7.6016, dtype=torch.float16);tensor(0., dtype=torch.float16);tensor(0., dtype=torch.float16);tensor(-1.9531, dtype=torch.float16);tensor(-10.5547, dtype=torch.float16);tensor(-0.9219, dtype=torch.float16);tensor(-0.1094, dtype=torch.float16);tensor(-7.7031, dtype=torch.float16)",epitome_rm
4,Sheila's Problem,implicit,"Scene 1: John and Sheila’s encounter in the office. John hands Sheila a stack of papers and he gets awkward.
John: Oh, um, Sheila, hi, um – nice – um – scarf.
Sheila: Thanks, John. I’ll get these back to you by tomorrow.
John: Yup, great, thanks, nice, that would be good.
[John exits, Amy enters]
Sheila: Oh gosh, Amy, I’m in such an awkward situation.
Amy: Yeah? What’s up?
Sheila: Well, you know my supervisor Mike, right? His boss Courtney has this new PA, John, who gets really weird around me. I think he has a crush on me and it’s really uncomfortable.
Amy: That’s awkward. Are you going to confront him about it?
Sheila: What, are you mad? Poor guy would explode. It would make it a hundred times worse. No, I’ll just keep letting him think I have no idea about it.
Amy: Yeah, good idea.

Scene 2: John talks to Tim about Sheila
Tim: Anyway, so how’s it going at your new job?
John: Urgh, not so good at the moment. Remember I told you about Sheila, who works in Finance?
Tim: Yeah?
John: Yeah, I’ve gone full schoolboy crush on her. I blush and get awkward and everything. It’s terrible.
Tim: Oh, yikes. Does she know?
John: No, I don’t think so. She still acts completely normal around me.
Tim: That’s a relief.
John: Yeah. Anyway, I’d better run.
Tim: Cheers, hope the office gets better!

Scene 3: Amy enters
Amy: Hi, sweetheart.
Tim: Hiya.
Tim: Poor guy, he’s in an awkward situation at work. He actually has a schoolboy crush, can you believe it? On someone called Sheila.
Amy: Sheila? Oh, yeah, she told me about it.
Tim: She knows? Aw, John thinks she hasn’t realized how he feels. He’d be mortified if he found out that she does know.
Amy: It’s all right, her plan is to keep him in the dark – she doesn’t want him to know that she’s realized, because it’ll make it so much more awkward.
Tim: That’s all right then.
Amy: But – I wonder if Victor knows about this?
Tim: Victor?
Amy: Victor, you know Victor! My brother Shaun’s best friend? He’s married to Sheila!
Tim: Oh, yeah, right, Victor.
Amy: He should know about this, even if there’s nothing going on. I’ll chat to him later.

Scene 4: Amy tells Victor
Amy: Victor, I need to chat to you about something.
Victor: What’s up?
Amy: Tim told me something he heard the other day and I thought that, as Sheila’s husband, you deserved to know.
Victor: Oh god, this doesn’t sound good.
Amy: It’s not a huge deal, it’s just that there’s somebody at Sheila’s office, John, who has a bit of a thing for her, and Sheila’s worked it out, but she’s pretending not to know to stop things from getting awkward.
Victor: Oh, yeah, she told me about that. Poor guy.",explicit,mental,3,John thinks that Sheila hasn’t realised that he likes her.,John thinks that Sheila has realised that he likes her.,a,-2.73828125,-3.791015625,-54.75,-68.25,"tensor(-9.5234, dtype=torch.float16);tensor(-3.4062, dtype=torch.float16);tensor(-4.7812, dtype=torch.float16);tensor(-1.8281, dtype=torch.float16);tensor(0., dtype=torch.float16);tensor(-1.4062, dtype=torch.float16);tensor(0., dtype=torch.float16);tensor(0., dtype=torch.float16);tensor(-5.5703, dtype=torch.float16);tensor(-0.0156, dtype=torch.float16);tensor(-2.6172, dtype=torch.float16);tensor(-0.0156, dtype=torch.float16);tensor(-2.2812, dtype=torch.float16);tensor(0., dtype=torch.float16);tensor(0., dtype=torch.float16);tensor(-0.6875, dtype=torch.float16);tensor(-10.1016, dtype=torch.float16);tensor(-4.8750, dtype=torch.float16);tensor(-0.0938, dtype=torch.float16);tensor(-7.5508, dtype=torch.float16)","tensor(-9.5234, dtype=torch.float16);tensor(-3.4062, dtype=torch.float16);tensor(-4.7812, dtype=torch.float16);tensor(-1.8281, dtype=torch.float16);tensor(0., dtype=torch.float16);tensor(-4.4609, dtype=torch.float16);tensor(-11.3125, dtype=torch.float16);tensor(-0.0625, dtype=torch.float16);tensor(-3.2656, dtype=torch.float16);tensor(-0.0156, dtype=torch.float16);tensor(-2.0469, dtype=torch.float16);tensor(0., dtype=torch.float16);tensor(0., dtype=torch.float16);tensor(-3.9375, dtype=torch.float16);tensor(-9.8984, dtype=torch.float16);tensor(-5.7852, dtype=torch.float16);tensor(-0.0938, dtype=torch.float16);tensor(-7.8125, dtype=torch.float16)",epitome_rm
4,Sheila's Problem,implicit,"Scene 1: John and Sheila’s encounter in the office. John hands Sheila a stack of papers and he gets awkward.
John: Oh, um, Sheila, hi, um – nice – um – scarf.
Sheila: Thanks, John. I’ll get these back to you by tomorrow.
John: Yup, great, thanks, nice, that would be good.
[John exits, Amy enters]
Sheila: Oh gosh, Amy, I’m in such an awkward situation.
Amy: Yeah? What’s up?
Sheila: Well, you know my supervisor Mike, right? His boss Courtney has this new PA, John, who gets really weird around me. I think he has a crush on me and it’s really uncomfortable.
Amy: That’s awkward. Are you going to confront him about it?
Sheila: What, are you mad? Poor guy would explode. It would make it a hundred times worse. No, I’ll just keep letting him think I have no idea about it.
Amy: Yeah, good idea.

Scene 2: John talks to Tim about Sheila
Tim: Anyway, so how’s it going at your new job?
John: Urgh, not so good at the moment. Remember I told you about Sheila, who works in Finance?
Tim: Yeah?
John: Yeah, I’ve gone full schoolboy crush on her. I blush and get awkward and everything. It’s terrible.
Tim: Oh, yikes. Does she know?
John: No, I don’t think so. She still acts completely normal around me.
Tim: That’s a relief.
John: Yeah. Anyway, I’d better run.
Tim: Cheers, hope the office gets better!

Scene 3: Amy enters
Amy: Hi, sweetheart.
Tim: Hiya.
Tim: Poor guy, he’s in an awkward situation at work. He actually has a schoolboy crush, can you believe it? On someone called Sheila.
Amy: Sheila? Oh, yeah, she told me about it.
Tim: She knows? Aw, John thinks she hasn’t realized how he feels. He’d be mortified if he found out that she does know.
Amy: It’s all right, her plan is to keep him in the dark – she doesn’t want him to know that she’s realized, because it’ll make it so much more awkward.
Tim: That’s all right then.
Amy: But – I wonder if Victor knows about this?
Tim: Victor?
Amy: Victor, you know Victor! My brother Shaun’s best friend? He’s married to Sheila!
Tim: Oh, yeah, right, Victor.
Amy: He should know about this, even if there’s nothing going on. I’ll chat to him later.

Scene 4: Amy tells Victor
Amy: Victor, I need to chat to you about something.
Victor: What’s up?
Amy: Tim told me something he heard the other day and I thought that, as Sheila’s husband, you deserved to know.
Victor: Oh god, this doesn’t sound good.
Amy: It’s not a huge deal, it’s just that there’s somebody at Sheila’s office, John, who has a bit of a thing for her, and Sheila’s worked it out, but she’s pretending not to know to stop things from getting awkward.
Victor: Oh, yeah, she told me about that. Poor guy.",explicit,mental,4,Sheila wants John to think that she hasn’t realised that he likes her.,Sheila doesn’t want John to think that she hasn’t realised that he likes her.,a,-2.572265625,-2.583984375,-59.125,-67.1875,"tensor(-4.1562, dtype=torch.float16);tensor(-2.8125, dtype=torch.float16);tensor(-5.4844, dtype=torch.float16);tensor(-7.8125, dtype=torch.float16);tensor(-0.0781, dtype=torch.float16);tensor(-0.3750, dtype=torch.float16);tensor(-1.9219, dtype=torch.float16);tensor(-0.0312, dtype=torch.float16);tensor(-2.0156, dtype=torch.float16);tensor(0., dtype=torch.float16);tensor(0., dtype=torch.float16);tensor(-5.4375, dtype=torch.float16);tensor(-0.0156, dtype=torch.float16);tensor(-4.0938, dtype=torch.float16);tensor(-0.0312, dtype=torch.float16);tensor(-1.8594, dtype=torch.float16);tensor(0., dtype=torch.float16);tensor(0., dtype=torch.float16);tensor(-0.6562, dtype=torch.float16);tensor(-11.1719, dtype=torch.float16);tensor(-3.1328, dtype=torch.float16);tensor(-0.1328, dtype=torch.float16);tensor(-7.9219, dtype=torch.float16)","tensor(-4.1562, dtype=torch.float16);tensor(-2.8125, dtype=torch.float16);tensor(-4.2109, dtype=torch.float16);tensor(0., dtype=torch.float16);tensor(0., dtype=torch.float16);tensor(-0.2188, dtype=torch.float16);tensor(-7.2344, dtype=torch.float16);tensor(-0.0625, dtype=torch.float16);tensor(-5.6328, dtype=torch.float16);tensor(-1.6094, dtype=torch.float16);tensor(0., dtype=torch.float16);tensor(-9.1641, dtype=torch.float16);tensor(0., dtype=torch.float16);tensor(0., dtype=torch.float16);tensor(-5.6641, dtype=torch.float16);tensor(0., dtype=torch.float16);tensor(-4.0078, dtype=torch.float16);tensor(-0.0156, dtype=torch.float16);tensor(-1.8594, dtype=torch.float16);tensor(0., dtype=torch.float16);tensor(0., dtype=torch.float16);tensor(-0.9062, dtype=torch.float16);tensor(-11., dtype=torch.float16);tensor(-1.2031, dtype=torch.float16);tensor(-0.0859, dtype=torch.float16);tensor(-7.3398, dtype=torch.float16)",epitome_rm
4,Sheila's Problem,implicit,"Scene 1: John and Sheila’s encounter in the office. John hands Sheila a stack of papers and he gets awkward.
John: Oh, um, Sheila, hi, um – nice – um – scarf.
Sheila: Thanks, John. I’ll get these back to you by tomorrow.
John: Yup, great, thanks, nice, that would be good.
[John exits, Amy enters]
Sheila: Oh gosh, Amy, I’m in such an awkward situation.
Amy: Yeah? What’s up?
Sheila: Well, you know my supervisor Mike, right? His boss Courtney has this new PA, John, who gets really weird around me. I think he has a crush on me and it’s really uncomfortable.
Amy: That’s awkward. Are you going to confront him about it?
Sheila: What, are you mad? Poor guy would explode. It would make it a hundred times worse. No, I’ll just keep letting him think I have no idea about it.
Amy: Yeah, good idea.

Scene 2: John talks to Tim about Sheila
Tim: Anyway, so how’s it going at your new job?
John: Urgh, not so good at the moment. Remember I told you about Sheila, who works in Finance?
Tim: Yeah?
John: Yeah, I’ve gone full schoolboy crush on her. I blush and get awkward and everything. It’s terrible.
Tim: Oh, yikes. Does she know?
John: No, I don’t think so. She still acts completely normal around me.
Tim: That’s a relief.
John: Yeah. Anyway, I’d better run.
Tim: Cheers, hope the office gets better!

Scene 3: Amy enters
Amy: Hi, sweetheart.
Tim: Hiya.
Tim: Poor guy, he’s in an awkward situation at work. He actually has a schoolboy crush, can you believe it? On someone called Sheila.
Amy: Sheila? Oh, yeah, she told me about it.
Tim: She knows? Aw, John thinks she hasn’t realized how he feels. He’d be mortified if he found out that she does know.
Amy: It’s all right, her plan is to keep him in the dark – she doesn’t want him to know that she’s realized, because it’ll make it so much more awkward.
Tim: That’s all right then.
Amy: But – I wonder if Victor knows about this?
Tim: Victor?
Amy: Victor, you know Victor! My brother Shaun’s best friend? He’s married to Sheila!
Tim: Oh, yeah, right, Victor.
Amy: He should know about this, even if there’s nothing going on. I’ll chat to him later.

Scene 4: Amy tells Victor
Amy: Victor, I need to chat to you about something.
Victor: What’s up?
Amy: Tim told me something he heard the other day and I thought that, as Sheila’s husband, you deserved to know.
Victor: Oh god, this doesn’t sound good.
Amy: It’s not a huge deal, it’s just that there’s somebody at Sheila’s office, John, who has a bit of a thing for her, and Sheila’s worked it out, but she’s pretending not to know to stop things from getting awkward.
Victor: Oh, yeah, she told me about that. Poor guy.",explicit,mental,5,Amy knows that Sheila wants John to think that she hasn’t realised that he likes her.,Amy doesn’t know that Sheila wants John to think that she hasn’t realised that he likes her.,a,-2.455078125,-2.3984375,-63.8125,-69.5625,"tensor(-12.0703, dtype=torch.float16);tensor(-8.7422, dtype=torch.float16);tensor(-4.0547, dtype=torch.float16);tensor(-1.2578, dtype=torch.float16);tensor(0., dtype=torch.float16);tensor(-6.4297, dtype=torch.float16);tensor(-2.8594, dtype=torch.float16);tensor(-0.0781, dtype=torch.float16);tensor(-0.6250, dtype=torch.float16);tensor(-0.9375, dtype=torch.float16);tensor(-0.0156, dtype=torch.float16);tensor(-1.5000, dtype=torch.float16);tensor(-0.3438, dtype=torch.float16);tensor(0., dtype=torch.float16);tensor(-2.7500, dtype=torch.float16);tensor(0., dtype=torch.float16);tensor(-1.8750, dtype=torch.float16);tensor(-0.0469, dtype=torch.float16);tensor(-2.0469, dtype=torch.float16);tensor(0., dtype=torch.float16);tensor(0., dtype=torch.float16);tensor(-0.4844, dtype=torch.float16);tensor(-9.2500, dtype=torch.float16);tensor(-0.2969, dtype=torch.float16);tensor(-0.1562, dtype=torch.float16);tensor(-7.9883, dtype=torch.float16)","tensor(-12.0703, dtype=torch.float16);tensor(-9.7500, dtype=torch.float16);tensor(-0.2188, dtype=torch.float16);tensor(0., dtype=torch.float16);tensor(-0.9609, dtype=torch.float16);tensor(-1.2422, dtype=torch.float16);tensor(-1.1953, dtype=torch.float16);tensor(0., dtype=torch.float16);tensor(-6.9219, dtype=torch.float16);tensor(-4.9062, dtype=torch.float16);tensor(-0.0469, dtype=torch.float16);tensor(-0.7812, dtype=torch.float16);tensor(-1.8906, dtype=torch.float16);tensor(-0.0156, dtype=torch.float16);tensor(-1.8281, dtype=torch.float16);tensor(-0.0156, dtype=torch.float16);tensor(0., dtype=torch.float16);tensor(-3.7734, dtype=torch.float16);tensor(0., dtype=torch.float16);tensor(-3.3984, dtype=torch.float16);tensor(-0.1719, dtype=torch.float16);tensor(-1.8906, dtype=torch.float16);tensor(0., dtype=torch.float16);tensor(0., dtype=torch.float16);tensor(-0.4531, dtype=torch.float16);tensor(-9.5312, dtype=torch.float16);tensor(-0.9609, dtype=torch.float16);tensor(-0.1172, dtype=torch.float16);tensor(-7.3984, dtype=torch.float16)",epitome_rm
4,Sheila's Problem,implicit,"Scene 1: John and Sheila’s encounter in the office. John hands Sheila a stack of papers and he gets awkward.
John: Oh, um, Sheila, hi, um – nice – um – scarf.
Sheila: Thanks, John. I’ll get these back to you by tomorrow.
John: Yup, great, thanks, nice, that would be good.
[John exits, Amy enters]
Sheila: Oh gosh, Amy, I’m in such an awkward situation.
Amy: Yeah? What’s up?
Sheila: Well, you know my supervisor Mike, right? His boss Courtney has this new PA, John, who gets really weird around me. I think he has a crush on me and it’s really uncomfortable.
Amy: That’s awkward. Are you going to confront him about it?
Sheila: What, are you mad? Poor guy would explode. It would make it a hundred times worse. No, I’ll just keep letting him think I have no idea about it.
Amy: Yeah, good idea.

Scene 2: John talks to Tim about Sheila
Tim: Anyway, so how’s it going at your new job?
John: Urgh, not so good at the moment. Remember I told you about Sheila, who works in Finance?
Tim: Yeah?
John: Yeah, I’ve gone full schoolboy crush on her. I blush and get awkward and everything. It’s terrible.
Tim: Oh, yikes. Does she know?
John: No, I don’t think so. She still acts completely normal around me.
Tim: That’s a relief.
John: Yeah. Anyway, I’d better run.
Tim: Cheers, hope the office gets better!

Scene 3: Amy enters
Amy: Hi, sweetheart.
Tim: Hiya.
Tim: Poor guy, he’s in an awkward situation at work. He actually has a schoolboy crush, can you believe it? On someone called Sheila.
Amy: Sheila? Oh, yeah, she told me about it.
Tim: She knows? Aw, John thinks she hasn’t realized how he feels. He’d be mortified if he found out that she does know.
Amy: It’s all right, her plan is to keep him in the dark – she doesn’t want him to know that she’s realized, because it’ll make it so much more awkward.
Tim: That’s all right then.
Amy: But – I wonder if Victor knows about this?
Tim: Victor?
Amy: Victor, you know Victor! My brother Shaun’s best friend? He’s married to Sheila!
Tim: Oh, yeah, right, Victor.
Amy: He should know about this, even if there’s nothing going on. I’ll chat to him later.

Scene 4: Amy tells Victor
Amy: Victor, I need to chat to you about something.
Victor: What’s up?
Amy: Tim told me something he heard the other day and I thought that, as Sheila’s husband, you deserved to know.
Victor: Oh god, this doesn’t sound good.
Amy: It’s not a huge deal, it’s just that there’s somebody at Sheila’s office, John, who has a bit of a thing for her, and Sheila’s worked it out, but she’s pretending not to know to stop things from getting awkward.
Victor: Oh, yeah, she told me about that. Poor guy.",explicit,mental,6,Victor knows that Amy knows that Sheila wants John to think that she hasn’t realised that he likes her.,Victor doesn’t know that Amy knows that Sheila wants John to think that she hasn’t realised that he likes her.,a,-2.486328125,-2.296875,-72.125,-73.5,"tensor(-10.9062, dtype=torch.float16);tensor(-6.3867, dtype=torch.float16);tensor(-3.6406, dtype=torch.float16);tensor(-7.0703, dtype=torch.float16);tensor(-3.1094, dtype=torch.float16);tensor(-0.9297, dtype=torch.float16);tensor(-0.5625, dtype=torch.float16);tensor(0., dtype=torch.float16);tensor(-9.0078, dtype=torch.float16);tensor(-2.5469, dtype=torch.float16);tensor(-0.0781, dtype=torch.float16);tensor(-0.5000, dtype=torch.float16);tensor(-1.3125, dtype=torch.float16);tensor(-0.0312, dtype=torch.float16);tensor(-1.9844, dtype=torch.float16);tensor(-0.5781, dtype=torch.float16);tensor(0., dtype=torch.float16);tensor(-2.2812, dtype=torch.float16);tensor(0., dtype=torch.float16);tensor(-1.7266, dtype=torch.float16);tensor(-0.0469, dtype=torch.float16);tensor(-1.8750, dtype=torch.float16);tensor(0., dtype=torch.float16);tensor(0., dtype=torch.float16);tensor(-0.3281, dtype=torch.float16);tensor(-9.1562, dtype=torch.float16);tensor(-0.4297, dtype=torch.float16);tensor(-0.1328, dtype=torch.float16);tensor(-7.4727, dtype=torch.float16)","tensor(-10.9062, dtype=torch.float16);tensor(-5.6719, dtype=torch.float16);tensor(-0.1094, dtype=torch.float16);tensor(0., dtype=torch.float16);tensor(-1.4141, dtype=torch.float16);tensor(-5.4609, dtype=torch.float16);tensor(-5.2344, dtype=torch.float16);tensor(-0.7266, dtype=torch.float16);tensor(-0.9219, dtype=torch.float16);tensor(-0.6406, dtype=torch.float16);tensor(0., dtype=torch.float16);tensor(-9.8438, dtype=torch.float16);tensor(-3.3047, dtype=torch.float16);tensor(-0.0938, dtype=torch.float16);tensor(-0.5938, dtype=torch.float16);tensor(-1.7500, dtype=torch.float16);tensor(-0.0312, dtype=torch.float16);tensor(-1.9219, dtype=torch.float16);tensor(-0.0156, dtype=torch.float16);tensor(0., dtype=torch.float16);tensor(-2.8594, dtype=torch.float16);tensor(0., dtype=torch.float16);tensor(-2.5859, dtype=torch.float16);tensor(-0.0469, dtype=torch.float16);tensor(-1.8594, dtype=torch.float16);tensor(0., dtype=torch.float16);tensor(0., dtype=torch.float16);tensor(-0.2500, dtype=torch.float16);tensor(-9.2812, dtype=torch.float16);tensor(-0.9219, dtype=torch.float16);tensor(-0.0859, dtype=torch.float16);tensor(-6.9922, dtype=torch.float16)",epitome_rm
4,Sheila's Problem,implicit,"Scene 1: John and Sheila’s encounter in the office. John hands Sheila a stack of papers and he gets awkward.
John: Oh, um, Sheila, hi, um – nice – um – scarf.
Sheila: Thanks, John. I’ll get these back to you by tomorrow.
John: Yup, great, thanks, nice, that would be good.
[John exits, Amy enters]
Sheila: Oh gosh, Amy, I’m in such an awkward situation.
Amy: Yeah? What’s up?
Sheila: Well, you know my supervisor Mike, right? His boss Courtney has this new PA, John, who gets really weird around me. I think he has a crush on me and it’s really uncomfortable.
Amy: That’s awkward. Are you going to confront him about it?
Sheila: What, are you mad? Poor guy would explode. It would make it a hundred times worse. No, I’ll just keep letting him think I have no idea about it.
Amy: Yeah, good idea.

Scene 2: John talks to Tim about Sheila
Tim: Anyway, so how’s it going at your new job?
John: Urgh, not so good at the moment. Remember I told you about Sheila, who works in Finance?
Tim: Yeah?
John: Yeah, I’ve gone full schoolboy crush on her. I blush and get awkward and everything. It’s terrible.
Tim: Oh, yikes. Does she know?
John: No, I don’t think so. She still acts completely normal around me.
Tim: That’s a relief.
John: Yeah. Anyway, I’d better run.
Tim: Cheers, hope the office gets better!

Scene 3: Amy enters
Amy: Hi, sweetheart.
Tim: Hiya.
Tim: Poor guy, he’s in an awkward situation at work. He actually has a schoolboy crush, can you believe it? On someone called Sheila.
Amy: Sheila? Oh, yeah, she told me about it.
Tim: She knows? Aw, John thinks she hasn’t realized how he feels. He’d be mortified if he found out that she does know.
Amy: It’s all right, her plan is to keep him in the dark – she doesn’t want him to know that she’s realized, because it’ll make it so much more awkward.
Tim: That’s all right then.
Amy: But – I wonder if Victor knows about this?
Tim: Victor?
Amy: Victor, you know Victor! My brother Shaun’s best friend? He’s married to Sheila!
Tim: Oh, yeah, right, Victor.
Amy: He should know about this, even if there’s nothing going on. I’ll chat to him later.

Scene 4: Amy tells Victor
Amy: Victor, I need to chat to you about something.
Victor: What’s up?
Amy: Tim told me something he heard the other day and I thought that, as Sheila’s husband, you deserved to know.
Victor: Oh god, this doesn’t sound good.
Amy: It’s not a huge deal, it’s just that there’s somebody at Sheila’s office, John, who has a bit of a thing for her, and Sheila’s worked it out, but she’s pretending not to know to stop things from getting awkward.
Victor: Oh, yeah, she told me about that. Poor guy.",explicit,mental,7,Amy wants Victor to know that she knows that Sheila wants John to think that she hasn’t realised that he likes her.,Amy doesn't want Victor knows that she knows that Sheila wants John to think that she hasn’t realised that he likes her.,a,-2.439453125,-2.5546875,-78.0625,-86.8125,"tensor(-12.0703, dtype=torch.float16);tensor(-11.3359, dtype=torch.float16);tensor(-5.4922, dtype=torch.float16);tensor(-0.0625, dtype=torch.float16);tensor(-0.2188, dtype=torch.float16);tensor(-1.6562, dtype=torch.float16);tensor(-2.2891, dtype=torch.float16);tensor(-1.1719, dtype=torch.float16);tensor(-3.0234, dtype=torch.float16);tensor(-1.0469, dtype=torch.float16);tensor(0., dtype=torch.float16);tensor(-8.8516, dtype=torch.float16);tensor(-2.6328, dtype=torch.float16);tensor(-0.1094, dtype=torch.float16);tensor(-0.4531, dtype=torch.float16);tensor(-1.5781, dtype=torch.float16);tensor(-0.0156, dtype=torch.float16);tensor(-2.0781, dtype=torch.float16);tensor(-0.7188, dtype=torch.float16);tensor(0., dtype=torch.float16);tensor(-2.5156, dtype=torch.float16);tensor(0., dtype=torch.float16);tensor(-1.5625, dtype=torch.float16);tensor(-0.0312, dtype=torch.float16);tensor(-1.9531, dtype=torch.float16);tensor(0., dtype=torch.float16);tensor(0., dtype=torch.float16);tensor(-0.3594, dtype=torch.float16);tensor(-9.1250, dtype=torch.float16);tensor(-0.0547, dtype=torch.float16);tensor(-0.1641, dtype=torch.float16);tensor(-7.4883, dtype=torch.float16)","tensor(-12.0703, dtype=torch.float16);tensor(-9.7500, dtype=torch.float16);tensor(-1.6562, dtype=torch.float16);tensor(0., dtype=torch.float16);tensor(-2.9766, dtype=torch.float16);tensor(-1.2969, dtype=torch.float16);tensor(-10.4297, dtype=torch.float16);tensor(-0.8906, dtype=torch.float16);tensor(-0.9375, dtype=torch.float16);tensor(-0.3125, dtype=torch.float16);tensor(-2.4688, dtype=torch.float16);tensor(-0.9219, dtype=torch.float16);tensor(0., dtype=torch.float16);tensor(-9.9531, dtype=torch.float16);tensor(-2.9297, dtype=torch.float16);tensor(-0.2812, dtype=torch.float16);tensor(-0.7812, dtype=torch.float16);tensor(-1.6250, dtype=torch.float16);tensor(-0.0312, dtype=torch.float16);tensor(-2.4219, dtype=torch.float16);tensor(-2.7656, dtype=torch.float16);tensor(0., dtype=torch.float16);tensor(-1.8750, dtype=torch.float16);tensor(-0.0156, dtype=torch.float16);tensor(-2.4141, dtype=torch.float16);tensor(-0.0312, dtype=torch.float16);tensor(-1.6562, dtype=torch.float16);tensor(0., dtype=torch.float16);tensor(0., dtype=torch.float16);tensor(-0.2344, dtype=torch.float16);tensor(-8.7656, dtype=torch.float16);tensor(-0.0781, dtype=torch.float16);tensor(-0.0703, dtype=torch.float16);tensor(-7.1914, dtype=torch.float16)",epitome_rm
4,Sheila's Problem,implicit,"Scene 1: John and Sheila’s encounter in the office. John hands Sheila a stack of papers and he gets awkward.
John: Oh, um, Sheila, hi, um – nice – um – scarf.
Sheila: Thanks, John. I’ll get these back to you by tomorrow.
John: Yup, great, thanks, nice, that would be good.
[John exits, Amy enters]
Sheila: Oh gosh, Amy, I’m in such an awkward situation.
Amy: Yeah? What’s up?
Sheila: Well, you know my supervisor Mike, right? His boss Courtney has this new PA, John, who gets really weird around me. I think he has a crush on me and it’s really uncomfortable.
Amy: That’s awkward. Are you going to confront him about it?
Sheila: What, are you mad? Poor guy would explode. It would make it a hundred times worse. No, I’ll just keep letting him think I have no idea about it.
Amy: Yeah, good idea.

Scene 2: John talks to Tim about Sheila
Tim: Anyway, so how’s it going at your new job?
John: Urgh, not so good at the moment. Remember I told you about Sheila, who works in Finance?
Tim: Yeah?
John: Yeah, I’ve gone full schoolboy crush on her. I blush and get awkward and everything. It’s terrible.
Tim: Oh, yikes. Does she know?
John: No, I don’t think so. She still acts completely normal around me.
Tim: That’s a relief.
John: Yeah. Anyway, I’d better run.
Tim: Cheers, hope the office gets better!

Scene 3: Amy enters
Amy: Hi, sweetheart.
Tim: Hiya.
Tim: Poor guy, he’s in an awkward situation at work. He actually has a schoolboy crush, can you believe it? On someone called Sheila.
Amy: Sheila? Oh, yeah, she told me about it.
Tim: She knows? Aw, John thinks she hasn’t realized how he feels. He’d be mortified if he found out that she does know.
Amy: It’s all right, her plan is to keep him in the dark – she doesn’t want him to know that she’s realized, because it’ll make it so much more awkward.
Tim: That’s all right then.
Amy: But – I wonder if Victor knows about this?
Tim: Victor?
Amy: Victor, you know Victor! My brother Shaun’s best friend? He’s married to Sheila!
Tim: Oh, yeah, right, Victor.
Amy: He should know about this, even if there’s nothing going on. I’ll chat to him later.

Scene 4: Amy tells Victor
Amy: Victor, I need to chat to you about something.
Victor: What’s up?
Amy: Tim told me something he heard the other day and I thought that, as Sheila’s husband, you deserved to know.
Victor: Oh god, this doesn’t sound good.
Amy: It’s not a huge deal, it’s just that there’s somebody at Sheila’s office, John, who has a bit of a thing for her, and Sheila’s worked it out, but she’s pretending not to know to stop things from getting awkward.
Victor: Oh, yeah, she told me about that. Poor guy.",explicit,control,1,Mike is Sheila’s supervisor.,Mike is Sheila’s PA.,a,-3.794921875,-4.50390625,-49.34375,-54.0625,"tensor(-11.6562, dtype=torch.float16);tensor(-4.3594, dtype=torch.float16);tensor(-7.5781, dtype=torch.float16);tensor(0., dtype=torch.float16);tensor(-0.1562, dtype=torch.float16);tensor(0., dtype=torch.float16);tensor(-1.3906, dtype=torch.float16);tensor(0., dtype=torch.float16);tensor(-1.9844, dtype=torch.float16);tensor(-9.8594, dtype=torch.float16);tensor(-3.7422, dtype=torch.float16);tensor(-0.0625, dtype=torch.float16);tensor(-8.5547, dtype=torch.float16)","tensor(-11.6562, dtype=torch.float16);tensor(-4.3594, dtype=torch.float16);tensor(-7.5781, dtype=torch.float16);tensor(0., dtype=torch.float16);tensor(-0.1562, dtype=torch.float16);tensor(0., dtype=torch.float16);tensor(-8.0312, dtype=torch.float16);tensor(-1.3594, dtype=torch.float16);tensor(-8.8125, dtype=torch.float16);tensor(-3.5469, dtype=torch.float16);tensor(-0.0781, dtype=torch.float16);tensor(-8.4844, dtype=torch.float16)",epitome_rm
4,Sheila's Problem,implicit,"Scene 1: John and Sheila’s encounter in the office. John hands Sheila a stack of papers and he gets awkward.
John: Oh, um, Sheila, hi, um – nice – um – scarf.
Sheila: Thanks, John. I’ll get these back to you by tomorrow.
John: Yup, great, thanks, nice, that would be good.
[John exits, Amy enters]
Sheila: Oh gosh, Amy, I’m in such an awkward situation.
Amy: Yeah? What’s up?
Sheila: Well, you know my supervisor Mike, right? His boss Courtney has this new PA, John, who gets really weird around me. I think he has a crush on me and it’s really uncomfortable.
Amy: That’s awkward. Are you going to confront him about it?
Sheila: What, are you mad? Poor guy would explode. It would make it a hundred times worse. No, I’ll just keep letting him think I have no idea about it.
Amy: Yeah, good idea.

Scene 2: John talks to Tim about Sheila
Tim: Anyway, so how’s it going at your new job?
John: Urgh, not so good at the moment. Remember I told you about Sheila, who works in Finance?
Tim: Yeah?
John: Yeah, I’ve gone full schoolboy crush on her. I blush and get awkward and everything. It’s terrible.
Tim: Oh, yikes. Does she know?
John: No, I don’t think so. She still acts completely normal around me.
Tim: That’s a relief.
John: Yeah. Anyway, I’d better run.
Tim: Cheers, hope the office gets better!

Scene 3: Amy enters
Amy: Hi, sweetheart.
Tim: Hiya.
Tim: Poor guy, he’s in an awkward situation at work. He actually has a schoolboy crush, can you believe it? On someone called Sheila.
Amy: Sheila? Oh, yeah, she told me about it.
Tim: She knows? Aw, John thinks she hasn’t realized how he feels. He’d be mortified if he found out that she does know.
Amy: It’s all right, her plan is to keep him in the dark – she doesn’t want him to know that she’s realized, because it’ll make it so much more awkward.
Tim: That’s all right then.
Amy: But – I wonder if Victor knows about this?
Tim: Victor?
Amy: Victor, you know Victor! My brother Shaun’s best friend? He’s married to Sheila!
Tim: Oh, yeah, right, Victor.
Amy: He should know about this, even if there’s nothing going on. I’ll chat to him later.

Scene 4: Amy tells Victor
Amy: Victor, I need to chat to you about something.
Victor: What’s up?
Amy: Tim told me something he heard the other day and I thought that, as Sheila’s husband, you deserved to know.
Victor: Oh god, this doesn’t sound good.
Amy: It’s not a huge deal, it’s just that there’s somebody at Sheila’s office, John, who has a bit of a thing for her, and Sheila’s worked it out, but she’s pretending not to know to stop things from getting awkward.
Victor: Oh, yeah, she told me about that. Poor guy.",explicit,control,2,Courtney is Sheila’s supervisor Mike’s boss.,Courtney’s is Sheila’s PA Mike’s supervisor.,a,-3.044921875,-3.958984375,-57.875,-79.1875,"tensor(-13.3594, dtype=torch.float16);tensor(0., dtype=torch.float16);tensor(-2.8906, dtype=torch.float16);tensor(-7.5234, dtype=torch.float16);tensor(0., dtype=torch.float16);tensor(-0.1250, dtype=torch.float16);tensor(0., dtype=torch.float16);tensor(-2.7969, dtype=torch.float16);tensor(0., dtype=torch.float16);tensor(-9.6016, dtype=torch.float16);tensor(-0.1094, dtype=torch.float16);tensor(0., dtype=torch.float16);tensor(-0.0625, dtype=torch.float16);tensor(0., dtype=torch.float16);tensor(-2.0625, dtype=torch.float16);tensor(-9.5625, dtype=torch.float16);tensor(-1.2109, dtype=torch.float16);tensor(-0.1094, dtype=torch.float16);tensor(-8.4531, dtype=torch.float16)","tensor(-13.3594, dtype=torch.float16);tensor(0., dtype=torch.float16);tensor(-0.9766, dtype=torch.float16);tensor(0., dtype=torch.float16);tensor(-9.2656, dtype=torch.float16);tensor(-11.8438, dtype=torch.float16);tensor(0., dtype=torch.float16);tensor(-0.0781, dtype=torch.float16);tensor(0., dtype=torch.float16);tensor(-4.9219, dtype=torch.float16);tensor(-9.8203, dtype=torch.float16);tensor(-1.2031, dtype=torch.float16);tensor(0., dtype=torch.float16);tensor(-5.7969, dtype=torch.float16);tensor(-0.0312, dtype=torch.float16);tensor(-1.5703, dtype=torch.float16);tensor(-9.4062, dtype=torch.float16);tensor(-2.4688, dtype=torch.float16);tensor(-0.1406, dtype=torch.float16);tensor(-8.2969, dtype=torch.float16)",epitome_rm
4,Sheila's Problem,implicit,"Scene 1: John and Sheila’s encounter in the office. John hands Sheila a stack of papers and he gets awkward.
John: Oh, um, Sheila, hi, um – nice – um – scarf.
Sheila: Thanks, John. I’ll get these back to you by tomorrow.
John: Yup, great, thanks, nice, that would be good.
[John exits, Amy enters]
Sheila: Oh gosh, Amy, I’m in such an awkward situation.
Amy: Yeah? What’s up?
Sheila: Well, you know my supervisor Mike, right? His boss Courtney has this new PA, John, who gets really weird around me. I think he has a crush on me and it’s really uncomfortable.
Amy: That’s awkward. Are you going to confront him about it?
Sheila: What, are you mad? Poor guy would explode. It would make it a hundred times worse. No, I’ll just keep letting him think I have no idea about it.
Amy: Yeah, good idea.

Scene 2: John talks to Tim about Sheila
Tim: Anyway, so how’s it going at your new job?
John: Urgh, not so good at the moment. Remember I told you about Sheila, who works in Finance?
Tim: Yeah?
John: Yeah, I’ve gone full schoolboy crush on her. I blush and get awkward and everything. It’s terrible.
Tim: Oh, yikes. Does she know?
John: No, I don’t think so. She still acts completely normal around me.
Tim: That’s a relief.
John: Yeah. Anyway, I’d better run.
Tim: Cheers, hope the office gets better!

Scene 3: Amy enters
Amy: Hi, sweetheart.
Tim: Hiya.
Tim: Poor guy, he’s in an awkward situation at work. He actually has a schoolboy crush, can you believe it? On someone called Sheila.
Amy: Sheila? Oh, yeah, she told me about it.
Tim: She knows? Aw, John thinks she hasn’t realized how he feels. He’d be mortified if he found out that she does know.
Amy: It’s all right, her plan is to keep him in the dark – she doesn’t want him to know that she’s realized, because it’ll make it so much more awkward.
Tim: That’s all right then.
Amy: But – I wonder if Victor knows about this?
Tim: Victor?
Amy: Victor, you know Victor! My brother Shaun’s best friend? He’s married to Sheila!
Tim: Oh, yeah, right, Victor.
Amy: He should know about this, even if there’s nothing going on. I’ll chat to him later.

Scene 4: Amy tells Victor
Amy: Victor, I need to chat to you about something.
Victor: What’s up?
Amy: Tim told me something he heard the other day and I thought that, as Sheila’s husband, you deserved to know.
Victor: Oh god, this doesn’t sound good.
Amy: It’s not a huge deal, it’s just that there’s somebody at Sheila’s office, John, who has a bit of a thing for her, and Sheila’s worked it out, but she’s pretending not to know to stop things from getting awkward.
Victor: Oh, yeah, she told me about that. Poor guy.",explicit,control,3,John is Sheila’s supervisor Mike’s boss’s PA.,John is Sheila’s PA Mike’s boss’s supervisor.,a,-2.708984375,-3.201171875,-56.90625,-67.1875,"tensor(-9.5312, dtype=torch.float16);tensor(-2.5156, dtype=torch.float16);tensor(-8.9062, dtype=torch.float16);tensor(0., dtype=torch.float16);tensor(-0.0625, dtype=torch.float16);tensor(0., dtype=torch.float16);tensor(-2.9688, dtype=torch.float16);tensor(-0.0312, dtype=torch.float16);tensor(-5.0781, dtype=torch.float16);tensor(0., dtype=torch.float16);tensor(0., dtype=torch.float16);tensor(-6.5078, dtype=torch.float16);tensor(0., dtype=torch.float16);tensor(-1.0156, dtype=torch.float16);tensor(-0.0781, dtype=torch.float16);tensor(-0.6094, dtype=torch.float16);tensor(-0.6562, dtype=torch.float16);tensor(-9.4922, dtype=torch.float16);tensor(-0.7266, dtype=torch.float16);tensor(-0.1484, dtype=torch.float16);tensor(-8.5703, dtype=torch.float16)","tensor(-9.5312, dtype=torch.float16);tensor(-2.5156, dtype=torch.float16);tensor(-8.9062, dtype=torch.float16);tensor(0., dtype=torch.float16);tensor(-0.0625, dtype=torch.float16);tensor(0., dtype=torch.float16);tensor(-2.0234, dtype=torch.float16);tensor(-11.4688, dtype=torch.float16);tensor(-0.0156, dtype=torch.float16);tensor(0., dtype=torch.float16);tensor(-0.9453, dtype=torch.float16);tensor(0., dtype=torch.float16);tensor(-1.0312, dtype=torch.float16);tensor(-0.0625, dtype=torch.float16);tensor(-10.9375, dtype=torch.float16);tensor(-0.1172, dtype=torch.float16);tensor(-0.9375, dtype=torch.float16);tensor(-9.4688, dtype=torch.float16);tensor(-1.0312, dtype=torch.float16);tensor(-0.2188, dtype=torch.float16);tensor(-7.9336, dtype=torch.float16)",epitome_rm
4,Sheila's Problem,implicit,"Scene 1: John and Sheila’s encounter in the office. John hands Sheila a stack of papers and he gets awkward.
John: Oh, um, Sheila, hi, um – nice – um – scarf.
Sheila: Thanks, John. I’ll get these back to you by tomorrow.
John: Yup, great, thanks, nice, that would be good.
[John exits, Amy enters]
Sheila: Oh gosh, Amy, I’m in such an awkward situation.
Amy: Yeah? What’s up?
Sheila: Well, you know my supervisor Mike, right? His boss Courtney has this new PA, John, who gets really weird around me. I think he has a crush on me and it’s really uncomfortable.
Amy: That’s awkward. Are you going to confront him about it?
Sheila: What, are you mad? Poor guy would explode. It would make it a hundred times worse. No, I’ll just keep letting him think I have no idea about it.
Amy: Yeah, good idea.

Scene 2: John talks to Tim about Sheila
Tim: Anyway, so how’s it going at your new job?
John: Urgh, not so good at the moment. Remember I told you about Sheila, who works in Finance?
Tim: Yeah?
John: Yeah, I’ve gone full schoolboy crush on her. I blush and get awkward and everything. It’s terrible.
Tim: Oh, yikes. Does she know?
John: No, I don’t think so. She still acts completely normal around me.
Tim: That’s a relief.
John: Yeah. Anyway, I’d better run.
Tim: Cheers, hope the office gets better!

Scene 3: Amy enters
Amy: Hi, sweetheart.
Tim: Hiya.
Tim: Poor guy, he’s in an awkward situation at work. He actually has a schoolboy crush, can you believe it? On someone called Sheila.
Amy: Sheila? Oh, yeah, she told me about it.
Tim: She knows? Aw, John thinks she hasn’t realized how he feels. He’d be mortified if he found out that she does know.
Amy: It’s all right, her plan is to keep him in the dark – she doesn’t want him to know that she’s realized, because it’ll make it so much more awkward.
Tim: That’s all right then.
Amy: But – I wonder if Victor knows about this?
Tim: Victor?
Amy: Victor, you know Victor! My brother Shaun’s best friend? He’s married to Sheila!
Tim: Oh, yeah, right, Victor.
Amy: He should know about this, even if there’s nothing going on. I’ll chat to him later.

Scene 4: Amy tells Victor
Amy: Victor, I need to chat to you about something.
Victor: What’s up?
Amy: Tim told me something he heard the other day and I thought that, as Sheila’s husband, you deserved to know.
Victor: Oh god, this doesn’t sound good.
Amy: It’s not a huge deal, it’s just that there’s somebody at Sheila’s office, John, who has a bit of a thing for her, and Sheila’s worked it out, but she’s pretending not to know to stop things from getting awkward.
Victor: Oh, yeah, she told me about that. Poor guy.",explicit,control,4,Tim is Sheila’s supervisor Mike’s boss’s PA John’s best friend.,Tim is Sheila’s best friend Mike’s boss’s PA John’s supervisor.,a,-2.962890625,-3.12890625,-77.0,-81.3125,"tensor(-12.0625, dtype=torch.float16);tensor(-5.4297, dtype=torch.float16);tensor(-11.2344, dtype=torch.float16);tensor(-0.0156, dtype=torch.float16);tensor(-0.4062, dtype=torch.float16);tensor(0., dtype=torch.float16);tensor(-2.2422, dtype=torch.float16);tensor(0., dtype=torch.float16);tensor(-6.5781, dtype=torch.float16);tensor(-0.1406, dtype=torch.float16);tensor(0., dtype=torch.float16);tensor(-1.8984, dtype=torch.float16);tensor(0., dtype=torch.float16);tensor(-2.1328, dtype=torch.float16);tensor(-0.0938, dtype=torch.float16);tensor(-0.2500, dtype=torch.float16);tensor(-5.1562, dtype=torch.float16);tensor(-4.6719, dtype=torch.float16);tensor(0., dtype=torch.float16);tensor(-4.2266, dtype=torch.float16);tensor(-0.5625, dtype=torch.float16);tensor(-1.0078, dtype=torch.float16);tensor(-9.4844, dtype=torch.float16);tensor(-1.4531, dtype=torch.float16);tensor(-0.1172, dtype=torch.float16);tensor(-7.8672, dtype=torch.float16)","tensor(-12.0625, dtype=torch.float16);tensor(-5.4297, dtype=torch.float16);tensor(-11.2344, dtype=torch.float16);tensor(-0.0156, dtype=torch.float16);tensor(-0.4062, dtype=torch.float16);tensor(0., dtype=torch.float16);tensor(-2.5000, dtype=torch.float16);tensor(-0.2500, dtype=torch.float16);tensor(-10.0391, dtype=torch.float16);tensor(-0.3125, dtype=torch.float16);tensor(0., dtype=torch.float16);tensor(-1.0312, dtype=torch.float16);tensor(0., dtype=torch.float16);tensor(-2.4375, dtype=torch.float16);tensor(-0.1250, dtype=torch.float16);tensor(-0.2344, dtype=torch.float16);tensor(-6.0234, dtype=torch.float16);tensor(-5.2656, dtype=torch.float16);tensor(-0.0156, dtype=torch.float16);tensor(-4.1875, dtype=torch.float16);tensor(0., dtype=torch.float16);tensor(-1.1328, dtype=torch.float16);tensor(-9.3750, dtype=torch.float16);tensor(-1.5156, dtype=torch.float16);tensor(-0.1641, dtype=torch.float16);tensor(-7.5820, dtype=torch.float16)",epitome_rm
4,Sheila's Problem,implicit,"Scene 1: John and Sheila’s encounter in the office. John hands Sheila a stack of papers and he gets awkward.
John: Oh, um, Sheila, hi, um – nice – um – scarf.
Sheila: Thanks, John. I’ll get these back to you by tomorrow.
John: Yup, great, thanks, nice, that would be good.
[John exits, Amy enters]
Sheila: Oh gosh, Amy, I’m in such an awkward situation.
Amy: Yeah? What’s up?
Sheila: Well, you know my supervisor Mike, right? His boss Courtney has this new PA, John, who gets really weird around me. I think he has a crush on me and it’s really uncomfortable.
Amy: That’s awkward. Are you going to confront him about it?
Sheila: What, are you mad? Poor guy would explode. It would make it a hundred times worse. No, I’ll just keep letting him think I have no idea about it.
Amy: Yeah, good idea.

Scene 2: John talks to Tim about Sheila
Tim: Anyway, so how’s it going at your new job?
John: Urgh, not so good at the moment. Remember I told you about Sheila, who works in Finance?
Tim: Yeah?
John: Yeah, I’ve gone full schoolboy crush on her. I blush and get awkward and everything. It’s terrible.
Tim: Oh, yikes. Does she know?
John: No, I don’t think so. She still acts completely normal around me.
Tim: That’s a relief.
John: Yeah. Anyway, I’d better run.
Tim: Cheers, hope the office gets better!

Scene 3: Amy enters
Amy: Hi, sweetheart.
Tim: Hiya.
Tim: Poor guy, he’s in an awkward situation at work. He actually has a schoolboy crush, can you believe it? On someone called Sheila.
Amy: Sheila? Oh, yeah, she told me about it.
Tim: She knows? Aw, John thinks she hasn’t realized how he feels. He’d be mortified if he found out that she does know.
Amy: It’s all right, her plan is to keep him in the dark – she doesn’t want him to know that she’s realized, because it’ll make it so much more awkward.
Tim: That’s all right then.
Amy: But – I wonder if Victor knows about this?
Tim: Victor?
Amy: Victor, you know Victor! My brother Shaun’s best friend? He’s married to Sheila!
Tim: Oh, yeah, right, Victor.
Amy: He should know about this, even if there’s nothing going on. I’ll chat to him later.

Scene 4: Amy tells Victor
Amy: Victor, I need to chat to you about something.
Victor: What’s up?
Amy: Tim told me something he heard the other day and I thought that, as Sheila’s husband, you deserved to know.
Victor: Oh god, this doesn’t sound good.
Amy: It’s not a huge deal, it’s just that there’s somebody at Sheila’s office, John, who has a bit of a thing for her, and Sheila’s worked it out, but she’s pretending not to know to stop things from getting awkward.
Victor: Oh, yeah, she told me about that. Poor guy.",explicit,control,5,Amy is Sheila’s supervisor Mike’s boss’s PA John’s best friend’s girlfriend.,Amy is Sheila’s PA Mike’s supervisor’s boss John’s best friend’s girlfriend.,a,-2.556640625,-2.955078125,-76.75,-88.625,"tensor(-12.0625, dtype=torch.float16);tensor(-7.8516, dtype=torch.float16);tensor(-7.9180, dtype=torch.float16);tensor(0., dtype=torch.float16);tensor(-1.1875, dtype=torch.float16);tensor(0., dtype=torch.float16);tensor(-2.2109, dtype=torch.float16);tensor(-0.0156, dtype=torch.float16);tensor(-3.0469, dtype=torch.float16);tensor(-0.2500, dtype=torch.float16);tensor(0., dtype=torch.float16);tensor(-1.6328, dtype=torch.float16);tensor(0., dtype=torch.float16);tensor(-2.3750, dtype=torch.float16);tensor(-0.0938, dtype=torch.float16);tensor(-0.8750, dtype=torch.float16);tensor(-5.4219, dtype=torch.float16);tensor(-3.2656, dtype=torch.float16);tensor(0., dtype=torch.float16);tensor(-6.1719, dtype=torch.float16);tensor(-0.3594, dtype=torch.float16);tensor(-3.9141, dtype=torch.float16);tensor(0., dtype=torch.float16);tensor(-2.5234, dtype=torch.float16);tensor(-0.0625, dtype=torch.float16);tensor(-0.4922, dtype=torch.float16);tensor(-8.3672, dtype=torch.float16);tensor(-0.0312, dtype=torch.float16);tensor(-0.2656, dtype=torch.float16);tensor(-6.3320, dtype=torch.float16)","tensor(-12.0625, dtype=torch.float16);tensor(-7.8516, dtype=torch.float16);tensor(-7.9180, dtype=torch.float16);tensor(0., dtype=torch.float16);tensor(-1.1875, dtype=torch.float16);tensor(0., dtype=torch.float16);tensor(-3.5781, dtype=torch.float16);tensor(-8.0312, dtype=torch.float16);tensor(-0.2266, dtype=torch.float16);tensor(0., dtype=torch.float16);tensor(-3.2969, dtype=torch.float16);tensor(-0.0312, dtype=torch.float16);tensor(-2.3672, dtype=torch.float16);tensor(0., dtype=torch.float16);tensor(-2.7656, dtype=torch.float16);tensor(0., dtype=torch.float16);tensor(-7.7891, dtype=torch.float16);tensor(-2.3125, dtype=torch.float16);tensor(0., dtype=torch.float16);tensor(-6.7812, dtype=torch.float16);tensor(-0.2656, dtype=torch.float16);tensor(-3.2344, dtype=torch.float16);tensor(0., dtype=torch.float16);tensor(-3.2031, dtype=torch.float16);tensor(-0.1094, dtype=torch.float16);tensor(-0.5156, dtype=torch.float16);tensor(-8.1953, dtype=torch.float16);tensor(-0.0547, dtype=torch.float16);tensor(-0.3359, dtype=torch.float16);tensor(-6.5117, dtype=torch.float16)",epitome_rm
4,Sheila's Problem,implicit,"Scene 1: John and Sheila’s encounter in the office. John hands Sheila a stack of papers and he gets awkward.
John: Oh, um, Sheila, hi, um – nice – um – scarf.
Sheila: Thanks, John. I’ll get these back to you by tomorrow.
John: Yup, great, thanks, nice, that would be good.
[John exits, Amy enters]
Sheila: Oh gosh, Amy, I’m in such an awkward situation.
Amy: Yeah? What’s up?
Sheila: Well, you know my supervisor Mike, right? His boss Courtney has this new PA, John, who gets really weird around me. I think he has a crush on me and it’s really uncomfortable.
Amy: That’s awkward. Are you going to confront him about it?
Sheila: What, are you mad? Poor guy would explode. It would make it a hundred times worse. No, I’ll just keep letting him think I have no idea about it.
Amy: Yeah, good idea.

Scene 2: John talks to Tim about Sheila
Tim: Anyway, so how’s it going at your new job?
John: Urgh, not so good at the moment. Remember I told you about Sheila, who works in Finance?
Tim: Yeah?
John: Yeah, I’ve gone full schoolboy crush on her. I blush and get awkward and everything. It’s terrible.
Tim: Oh, yikes. Does she know?
John: No, I don’t think so. She still acts completely normal around me.
Tim: That’s a relief.
John: Yeah. Anyway, I’d better run.
Tim: Cheers, hope the office gets better!

Scene 3: Amy enters
Amy: Hi, sweetheart.
Tim: Hiya.
Tim: Poor guy, he’s in an awkward situation at work. He actually has a schoolboy crush, can you believe it? On someone called Sheila.
Amy: Sheila? Oh, yeah, she told me about it.
Tim: She knows? Aw, John thinks she hasn’t realized how he feels. He’d be mortified if he found out that she does know.
Amy: It’s all right, her plan is to keep him in the dark – she doesn’t want him to know that she’s realized, because it’ll make it so much more awkward.
Tim: That’s all right then.
Amy: But – I wonder if Victor knows about this?
Tim: Victor?
Amy: Victor, you know Victor! My brother Shaun’s best friend? He’s married to Sheila!
Tim: Oh, yeah, right, Victor.
Amy: He should know about this, even if there’s nothing going on. I’ll chat to him later.

Scene 4: Amy tells Victor
Amy: Victor, I need to chat to you about something.
Victor: What’s up?
Amy: Tim told me something he heard the other day and I thought that, as Sheila’s husband, you deserved to know.
Victor: Oh god, this doesn’t sound good.
Amy: It’s not a huge deal, it’s just that there’s somebody at Sheila’s office, John, who has a bit of a thing for her, and Sheila’s worked it out, but she’s pretending not to know to stop things from getting awkward.
Victor: Oh, yeah, she told me about that. Poor guy.",explicit,control,6,Shaun is Sheila’s supervisor Mike’s boss’s PA John’s best friend’s girlfriend Amy’s brother.,Shaun is Sheila’s best friend Mike’s supervisor’s boss John’s PA’s girlfriend Amy’s brother.,a,-2.427734375,-2.734375,-87.375,-98.5,"tensor(-11.2422, dtype=torch.float16);tensor(-1.5547, dtype=torch.float16);tensor(-0.0312, dtype=torch.float16);tensor(-5.3047, dtype=torch.float16);tensor(-7.5664, dtype=torch.float16);tensor(0., dtype=torch.float16);tensor(-0.1875, dtype=torch.float16);tensor(0., dtype=torch.float16);tensor(-2.5312, dtype=torch.float16);tensor(0., dtype=torch.float16);tensor(-3.9297, dtype=torch.float16);tensor(-0.6172, dtype=torch.float16);tensor(0., dtype=torch.float16);tensor(-0.7188, dtype=torch.float16);tensor(0., dtype=torch.float16);tensor(-2.1641, dtype=torch.float16);tensor(-0.0781, dtype=torch.float16);tensor(-0.3906, dtype=torch.float16);tensor(-4.9531, dtype=torch.float16);tensor(-5.7734, dtype=torch.float16);tensor(-0.0156, dtype=torch.float16);tensor(-5.2266, dtype=torch.float16);tensor(-0.8906, dtype=torch.float16);tensor(-5.0781, dtype=torch.float16);tensor(-0.0156, dtype=torch.float16);tensor(-2.1250, dtype=torch.float16);tensor(-0.0469, dtype=torch.float16);tensor(-7.8359, dtype=torch.float16);tensor(-1.5625, dtype=torch.float16);tensor(0., dtype=torch.float16);tensor(-0.8438, dtype=torch.float16);tensor(-1.7891, dtype=torch.float16);tensor(-7.2109, dtype=torch.float16);tensor(-0.7500, dtype=torch.float16);tensor(-0.1328, dtype=torch.float16);tensor(-6.8086, dtype=torch.float16)","tensor(-11.2422, dtype=torch.float16);tensor(-1.5547, dtype=torch.float16);tensor(-0.0312, dtype=torch.float16);tensor(-5.3047, dtype=torch.float16);tensor(-7.5664, dtype=torch.float16);tensor(0., dtype=torch.float16);tensor(-0.1875, dtype=torch.float16);tensor(0., dtype=torch.float16);tensor(-3.1562, dtype=torch.float16);tensor(-0.2500, dtype=torch.float16);tensor(-9.8672, dtype=torch.float16);tensor(-0.6250, dtype=torch.float16);tensor(0., dtype=torch.float16);tensor(-3.4297, dtype=torch.float16);tensor(0., dtype=torch.float16);tensor(-3.3281, dtype=torch.float16);tensor(0., dtype=torch.float16);tensor(-2.9219, dtype=torch.float16);tensor(0., dtype=torch.float16);tensor(-7.4453, dtype=torch.float16);tensor(-2.2969, dtype=torch.float16);tensor(0., dtype=torch.float16);tensor(-1.1016, dtype=torch.float16);tensor(-6.3984, dtype=torch.float16);tensor(-0.2031, dtype=torch.float16);tensor(-4.2578, dtype=torch.float16);tensor(-0.0156, dtype=torch.float16);tensor(-6.1562, dtype=torch.float16);tensor(-1.8125, dtype=torch.float16);tensor(0., dtype=torch.float16);tensor(-2.0625, dtype=torch.float16);tensor(-2.0781, dtype=torch.float16);tensor(-7.0703, dtype=torch.float16);tensor(-1.4609, dtype=torch.float16);tensor(-0.1641, dtype=torch.float16);tensor(-6.4805, dtype=torch.float16)",epitome_rm
4,Sheila's Problem,implicit,"Scene 1: John and Sheila’s encounter in the office. John hands Sheila a stack of papers and he gets awkward.
John: Oh, um, Sheila, hi, um – nice – um – scarf.
Sheila: Thanks, John. I’ll get these back to you by tomorrow.
John: Yup, great, thanks, nice, that would be good.
[John exits, Amy enters]
Sheila: Oh gosh, Amy, I’m in such an awkward situation.
Amy: Yeah? What’s up?
Sheila: Well, you know my supervisor Mike, right? His boss Courtney has this new PA, John, who gets really weird around me. I think he has a crush on me and it’s really uncomfortable.
Amy: That’s awkward. Are you going to confront him about it?
Sheila: What, are you mad? Poor guy would explode. It would make it a hundred times worse. No, I’ll just keep letting him think I have no idea about it.
Amy: Yeah, good idea.

Scene 2: John talks to Tim about Sheila
Tim: Anyway, so how’s it going at your new job?
John: Urgh, not so good at the moment. Remember I told you about Sheila, who works in Finance?
Tim: Yeah?
John: Yeah, I’ve gone full schoolboy crush on her. I blush and get awkward and everything. It’s terrible.
Tim: Oh, yikes. Does she know?
John: No, I don’t think so. She still acts completely normal around me.
Tim: That’s a relief.
John: Yeah. Anyway, I’d better run.
Tim: Cheers, hope the office gets better!

Scene 3: Amy enters
Amy: Hi, sweetheart.
Tim: Hiya.
Tim: Poor guy, he’s in an awkward situation at work. He actually has a schoolboy crush, can you believe it? On someone called Sheila.
Amy: Sheila? Oh, yeah, she told me about it.
Tim: She knows? Aw, John thinks she hasn’t realized how he feels. He’d be mortified if he found out that she does know.
Amy: It’s all right, her plan is to keep him in the dark – she doesn’t want him to know that she’s realized, because it’ll make it so much more awkward.
Tim: That’s all right then.
Amy: But – I wonder if Victor knows about this?
Tim: Victor?
Amy: Victor, you know Victor! My brother Shaun’s best friend? He’s married to Sheila!
Tim: Oh, yeah, right, Victor.
Amy: He should know about this, even if there’s nothing going on. I’ll chat to him later.

Scene 4: Amy tells Victor
Amy: Victor, I need to chat to you about something.
Victor: What’s up?
Amy: Tim told me something he heard the other day and I thought that, as Sheila’s husband, you deserved to know.
Victor: Oh god, this doesn’t sound good.
Amy: It’s not a huge deal, it’s just that there’s somebody at Sheila’s office, John, who has a bit of a thing for her, and Sheila’s worked it out, but she’s pretending not to know to stop things from getting awkward.
Victor: Oh, yeah, she told me about that. Poor guy.",explicit,control,7,Victor is Sheila’s supervisor Mike’s boss’s PA John’s best friend’s girlfriend Amy’s brother’s friend.,Victor is Sheila’s best friend Mike’s brother’s boss John’s supervisor’s PA Amy’s girlfriend’s friend.,a,-2.248046875,-2.951171875,-83.1875,-109.1875,"tensor(-10.9062, dtype=torch.float16);tensor(-4.2344, dtype=torch.float16);tensor(-5.1562, dtype=torch.float16);tensor(0., dtype=torch.float16);tensor(-0.7188, dtype=torch.float16);tensor(0., dtype=torch.float16);tensor(-6.3906, dtype=torch.float16);tensor(0., dtype=torch.float16);tensor(-2.5703, dtype=torch.float16);tensor(-0.2109, dtype=torch.float16);tensor(0., dtype=torch.float16);tensor(-0.4688, dtype=torch.float16);tensor(0., dtype=torch.float16);tensor(-2.8359, dtype=torch.float16);tensor(-0.0469, dtype=torch.float16);tensor(-0.3125, dtype=torch.float16);tensor(-4.6875, dtype=torch.float16);tensor(-1.6094, dtype=torch.float16);tensor(0., dtype=torch.float16);tensor(-4.2188, dtype=torch.float16);tensor(-0.3281, dtype=torch.float16);tensor(-4.3828, dtype=torch.float16);tensor(0., dtype=torch.float16);tensor(-3.1484, dtype=torch.float16);tensor(-0.0156, dtype=torch.float16);tensor(-7.2891, dtype=torch.float16);tensor(-0.2188, dtype=torch.float16);tensor(0., dtype=torch.float16);tensor(-0.1719, dtype=torch.float16);tensor(-3.0781, dtype=torch.float16);tensor(0., dtype=torch.float16);tensor(-3.5000, dtype=torch.float16);tensor(-0.5781, dtype=torch.float16);tensor(-8.3750, dtype=torch.float16);tensor(-0.0547, dtype=torch.float16);tensor(-0.2734, dtype=torch.float16);tensor(-7.3789, dtype=torch.float16)","tensor(-10.9062, dtype=torch.float16);tensor(-4.2344, dtype=torch.float16);tensor(-5.1562, dtype=torch.float16);tensor(0., dtype=torch.float16);tensor(-0.7188, dtype=torch.float16);tensor(0., dtype=torch.float16);tensor(-6.6016, dtype=torch.float16);tensor(-0.1250, dtype=torch.float16);tensor(-6.4453, dtype=torch.float16);tensor(-0.3672, dtype=torch.float16);tensor(0., dtype=torch.float16);tensor(-0.6562, dtype=torch.float16);tensor(-6.1094, dtype=torch.float16);tensor(-0.0781, dtype=torch.float16);tensor(-5.7891, dtype=torch.float16);tensor(0., dtype=torch.float16);tensor(-9.0312, dtype=torch.float16);tensor(-1.9375, dtype=torch.float16);tensor(0., dtype=torch.float16);tensor(-3.2031, dtype=torch.float16);tensor(-0.0156, dtype=torch.float16);tensor(-2.6328, dtype=torch.float16);tensor(0., dtype=torch.float16);tensor(-1.3984, dtype=torch.float16);tensor(-10.9531, dtype=torch.float16);tensor(-0.4922, dtype=torch.float16);tensor(0., dtype=torch.float16);tensor(-8.2422, dtype=torch.float16);tensor(0., dtype=torch.float16);tensor(-2.9375, dtype=torch.float16);tensor(0., dtype=torch.float16);tensor(-4.6172, dtype=torch.float16);tensor(-0.4219, dtype=torch.float16);tensor(-7.8438, dtype=torch.float16);tensor(-0.1406, dtype=torch.float16);tensor(-0.3281, dtype=torch.float16);tensor(-7.7891, dtype=torch.float16)",epitome_rm
4,Sheila's Problem,implicit,"Scene 1: John and Sheila’s encounter in the office. John hands Sheila a stack of papers and he gets awkward.
John: Oh, um, Sheila, hi, um – nice – um – scarf.
Sheila: Thanks, John. I’ll get these back to you by tomorrow.
John: Yup, great, thanks, nice, that would be good.
[John exits, Amy enters]
Sheila: Oh gosh, Amy, I’m in such an awkward situation.
Amy: Yeah? What’s up?
Sheila: Well, you know my supervisor Mike, right? His boss Courtney has this new PA, John, who gets really weird around me. I think he has a crush on me and it’s really uncomfortable.
Amy: That’s awkward. Are you going to confront him about it?
Sheila: What, are you mad? Poor guy would explode. It would make it a hundred times worse. No, I’ll just keep letting him think I have no idea about it.
Amy: Yeah, good idea.

Scene 2: John talks to Tim about Sheila
Tim: Anyway, so how’s it going at your new job?
John: Urgh, not so good at the moment. Remember I told you about Sheila, who works in Finance?
Tim: Yeah?
John: Yeah, I’ve gone full schoolboy crush on her. I blush and get awkward and everything. It’s terrible.
Tim: Oh, yikes. Does she know?
John: No, I don’t think so. She still acts completely normal around me.
Tim: That’s a relief.
John: Yeah. Anyway, I’d better run.
Tim: Cheers, hope the office gets better!

Scene 3: Amy enters
Amy: Hi, sweetheart.
Tim: Hiya.
Tim: Poor guy, he’s in an awkward situation at work. He actually has a schoolboy crush, can you believe it? On someone called Sheila.
Amy: Sheila? Oh, yeah, she told me about it.
Tim: She knows? Aw, John thinks she hasn’t realized how he feels. He’d be mortified if he found out that she does know.
Amy: It’s all right, her plan is to keep him in the dark – she doesn’t want him to know that she’s realized, because it’ll make it so much more awkward.
Tim: That’s all right then.
Amy: But – I wonder if Victor knows about this?
Tim: Victor?
Amy: Victor, you know Victor! My brother Shaun’s best friend? He’s married to Sheila!
Tim: Oh, yeah, right, Victor.
Amy: He should know about this, even if there’s nothing going on. I’ll chat to him later.

Scene 4: Amy tells Victor
Amy: Victor, I need to chat to you about something.
Victor: What’s up?
Amy: Tim told me something he heard the other day and I thought that, as Sheila’s husband, you deserved to know.
Victor: Oh god, this doesn’t sound good.
Amy: It’s not a huge deal, it’s just that there’s somebody at Sheila’s office, John, who has a bit of a thing for her, and Sheila’s worked it out, but she’s pretending not to know to stop things from getting awkward.
Victor: Oh, yeah, she told me about that. Poor guy.",implicit,mental,1,John: I have a schoolboy crush on Sheila,John: I have a schoolboy crush on Amy,a,-3.83984375,-4.5859375,-61.4375,-68.75,"tensor(-9.5234, dtype=torch.float16);tensor(-7.8281, dtype=torch.float16);tensor(-4.2031, dtype=torch.float16);tensor(-5.3047, dtype=torch.float16);tensor(-2.0234, dtype=torch.float16);tensor(-3.8438, dtype=torch.float16);tensor(-0.0156, dtype=torch.float16);tensor(0., dtype=torch.float16);tensor(0., dtype=torch.float16);tensor(-0.0938, dtype=torch.float16);tensor(-2.7969, dtype=torch.float16);tensor(0., dtype=torch.float16);tensor(-10.6562, dtype=torch.float16);tensor(-6.3477, dtype=torch.float16);tensor(-0.6719, dtype=torch.float16);tensor(-8.1250, dtype=torch.float16)","tensor(-9.5234, dtype=torch.float16);tensor(-7.8281, dtype=torch.float16);tensor(-4.2031, dtype=torch.float16);tensor(-5.3047, dtype=torch.float16);tensor(-2.0234, dtype=torch.float16);tensor(-3.8438, dtype=torch.float16);tensor(-0.0156, dtype=torch.float16);tensor(0., dtype=torch.float16);tensor(0., dtype=torch.float16);tensor(-0.0938, dtype=torch.float16);tensor(-12.3828, dtype=torch.float16);tensor(-9.2500, dtype=torch.float16);tensor(-5.2969, dtype=torch.float16);tensor(-0.4531, dtype=torch.float16);tensor(-8.5625, dtype=torch.float16)",epitome_rm
4,Sheila's Problem,implicit,"Scene 1: John and Sheila’s encounter in the office. John hands Sheila a stack of papers and he gets awkward.
John: Oh, um, Sheila, hi, um – nice – um – scarf.
Sheila: Thanks, John. I’ll get these back to you by tomorrow.
John: Yup, great, thanks, nice, that would be good.
[John exits, Amy enters]
Sheila: Oh gosh, Amy, I’m in such an awkward situation.
Amy: Yeah? What’s up?
Sheila: Well, you know my supervisor Mike, right? His boss Courtney has this new PA, John, who gets really weird around me. I think he has a crush on me and it’s really uncomfortable.
Amy: That’s awkward. Are you going to confront him about it?
Sheila: What, are you mad? Poor guy would explode. It would make it a hundred times worse. No, I’ll just keep letting him think I have no idea about it.
Amy: Yeah, good idea.

Scene 2: John talks to Tim about Sheila
Tim: Anyway, so how’s it going at your new job?
John: Urgh, not so good at the moment. Remember I told you about Sheila, who works in Finance?
Tim: Yeah?
John: Yeah, I’ve gone full schoolboy crush on her. I blush and get awkward and everything. It’s terrible.
Tim: Oh, yikes. Does she know?
John: No, I don’t think so. She still acts completely normal around me.
Tim: That’s a relief.
John: Yeah. Anyway, I’d better run.
Tim: Cheers, hope the office gets better!

Scene 3: Amy enters
Amy: Hi, sweetheart.
Tim: Hiya.
Tim: Poor guy, he’s in an awkward situation at work. He actually has a schoolboy crush, can you believe it? On someone called Sheila.
Amy: Sheila? Oh, yeah, she told me about it.
Tim: She knows? Aw, John thinks she hasn’t realized how he feels. He’d be mortified if he found out that she does know.
Amy: It’s all right, her plan is to keep him in the dark – she doesn’t want him to know that she’s realized, because it’ll make it so much more awkward.
Tim: That’s all right then.
Amy: But – I wonder if Victor knows about this?
Tim: Victor?
Amy: Victor, you know Victor! My brother Shaun’s best friend? He’s married to Sheila!
Tim: Oh, yeah, right, Victor.
Amy: He should know about this, even if there’s nothing going on. I’ll chat to him later.

Scene 4: Amy tells Victor
Amy: Victor, I need to chat to you about something.
Victor: What’s up?
Amy: Tim told me something he heard the other day and I thought that, as Sheila’s husband, you deserved to know.
Victor: Oh god, this doesn’t sound good.
Amy: It’s not a huge deal, it’s just that there’s somebody at Sheila’s office, John, who has a bit of a thing for her, and Sheila’s worked it out, but she’s pretending not to know to stop things from getting awkward.
Victor: Oh, yeah, she told me about that. Poor guy.",implicit,mental,2,"Sheila: Yeah, it’s a bit awkward, John has a crush on me.","Amy: You know that John has a crush on you, right?Sheila: What?! I had no idea!",a,-2.345703125,-3.126953125,-58.625,-96.9375,"tensor(-4.1562, dtype=torch.float16);tensor(-2.8125, dtype=torch.float16);tensor(-9.4219, dtype=torch.float16);tensor(-0.7578, dtype=torch.float16);tensor(-0.0312, dtype=torch.float16);tensor(-2.2500, dtype=torch.float16);tensor(-0.2344, dtype=torch.float16);tensor(0., dtype=torch.float16);tensor(-0.9844, dtype=torch.float16);tensor(-0.0312, dtype=torch.float16);tensor(-1.6094, dtype=torch.float16);tensor(0., dtype=torch.float16);tensor(-1.2344, dtype=torch.float16);tensor(-8.5391, dtype=torch.float16);tensor(-5.0781, dtype=torch.float16);tensor(-0.3125, dtype=torch.float16);tensor(-0.7969, dtype=torch.float16);tensor(0., dtype=torch.float16);tensor(-0.0156, dtype=torch.float16);tensor(-0.4219, dtype=torch.float16);tensor(-0.8750, dtype=torch.float16);tensor(-10.3672, dtype=torch.float16);tensor(-0.2656, dtype=torch.float16);tensor(-0.1250, dtype=torch.float16);tensor(-8.3125, dtype=torch.float16)","tensor(-12.0703, dtype=torch.float16);tensor(-0.1094, dtype=torch.float16);tensor(-5.0078, dtype=torch.float16);tensor(-1.1406, dtype=torch.float16);tensor(-5.2422, dtype=torch.float16);tensor(-4.5312, dtype=torch.float16);tensor(-6.4141, dtype=torch.float16);tensor(-0.1406, dtype=torch.float16);tensor(-0.3594, dtype=torch.float16);tensor(0., dtype=torch.float16);tensor(-0.0156, dtype=torch.float16);tensor(-8.3438, dtype=torch.float16);tensor(-1.3516, dtype=torch.float16);tensor(-0.1406, dtype=torch.float16);tensor(-0.0156, dtype=torch.float16);tensor(-19.3281, dtype=torch.float16);tensor(-4.0547, dtype=torch.float16);tensor(-0.0156, dtype=torch.float16);tensor(-0.4609, dtype=torch.float16);tensor(-2.5703, dtype=torch.float16);tensor(-0.1875, dtype=torch.float16);tensor(-2.5469, dtype=torch.float16);tensor(-5.2344, dtype=torch.float16);tensor(-1.7578, dtype=torch.float16);tensor(-0.0156, dtype=torch.float16);tensor(-0.0156, dtype=torch.float16);tensor(-0.1875, dtype=torch.float16);tensor(-6.9062, dtype=torch.float16);tensor(-0.3281, dtype=torch.float16);tensor(-0.1250, dtype=torch.float16);tensor(-8.3047, dtype=torch.float16)",epitome_rm
4,Sheila's Problem,implicit,"Scene 1: John and Sheila’s encounter in the office. John hands Sheila a stack of papers and he gets awkward.
John: Oh, um, Sheila, hi, um – nice – um – scarf.
Sheila: Thanks, John. I’ll get these back to you by tomorrow.
John: Yup, great, thanks, nice, that would be good.
[John exits, Amy enters]
Sheila: Oh gosh, Amy, I’m in such an awkward situation.
Amy: Yeah? What’s up?
Sheila: Well, you know my supervisor Mike, right? His boss Courtney has this new PA, John, who gets really weird around me. I think he has a crush on me and it’s really uncomfortable.
Amy: That’s awkward. Are you going to confront him about it?
Sheila: What, are you mad? Poor guy would explode. It would make it a hundred times worse. No, I’ll just keep letting him think I have no idea about it.
Amy: Yeah, good idea.

Scene 2: John talks to Tim about Sheila
Tim: Anyway, so how’s it going at your new job?
John: Urgh, not so good at the moment. Remember I told you about Sheila, who works in Finance?
Tim: Yeah?
John: Yeah, I’ve gone full schoolboy crush on her. I blush and get awkward and everything. It’s terrible.
Tim: Oh, yikes. Does she know?
John: No, I don’t think so. She still acts completely normal around me.
Tim: That’s a relief.
John: Yeah. Anyway, I’d better run.
Tim: Cheers, hope the office gets better!

Scene 3: Amy enters
Amy: Hi, sweetheart.
Tim: Hiya.
Tim: Poor guy, he’s in an awkward situation at work. He actually has a schoolboy crush, can you believe it? On someone called Sheila.
Amy: Sheila? Oh, yeah, she told me about it.
Tim: She knows? Aw, John thinks she hasn’t realized how he feels. He’d be mortified if he found out that she does know.
Amy: It’s all right, her plan is to keep him in the dark – she doesn’t want him to know that she’s realized, because it’ll make it so much more awkward.
Tim: That’s all right then.
Amy: But – I wonder if Victor knows about this?
Tim: Victor?
Amy: Victor, you know Victor! My brother Shaun’s best friend? He’s married to Sheila!
Tim: Oh, yeah, right, Victor.
Amy: He should know about this, even if there’s nothing going on. I’ll chat to him later.

Scene 4: Amy tells Victor
Amy: Victor, I need to chat to you about something.
Victor: What’s up?
Amy: Tim told me something he heard the other day and I thought that, as Sheila’s husband, you deserved to know.
Victor: Oh god, this doesn’t sound good.
Amy: It’s not a huge deal, it’s just that there’s somebody at Sheila’s office, John, who has a bit of a thing for her, and Sheila’s worked it out, but she’s pretending not to know to stop things from getting awkward.
Victor: Oh, yeah, she told me about that. Poor guy.",implicit,mental,3,"John: It’s all right, Sheila hasn’t realised that I like her.","John: Urgh, it’s so awkward, I just know she’s realised that I like her.",a,-3.099609375,-2.755859375,-74.375,-79.9375,"tensor(-9.5234, dtype=torch.float16);tensor(-7.8281, dtype=torch.float16);tensor(-5.6641, dtype=torch.float16);tensor(-0.5625, dtype=torch.float16);tensor(0., dtype=torch.float16);tensor(-1.0078, dtype=torch.float16);tensor(-0.2188, dtype=torch.float16);tensor(-0.1562, dtype=torch.float16);tensor(-5.6484, dtype=torch.float16);tensor(0., dtype=torch.float16);tensor(-7.4141, dtype=torch.float16);tensor(0., dtype=torch.float16);tensor(0., dtype=torch.float16);tensor(-7.1719, dtype=torch.float16);tensor(-0.0156, dtype=torch.float16);tensor(-0.7656, dtype=torch.float16);tensor(-2.2344, dtype=torch.float16);tensor(-7.8828, dtype=torch.float16);tensor(0., dtype=torch.float16);tensor(-0.5469, dtype=torch.float16);tensor(-9.7500, dtype=torch.float16);tensor(-0.4766, dtype=torch.float16);tensor(-0.1094, dtype=torch.float16);tensor(-7.4297, dtype=torch.float16)","tensor(-9.5234, dtype=torch.float16);tensor(-7.8281, dtype=torch.float16);tensor(-2.9922, dtype=torch.float16);tensor(0., dtype=torch.float16);tensor(-0.2188, dtype=torch.float16);tensor(-3.6016, dtype=torch.float16);tensor(-0.1562, dtype=torch.float16);tensor(0., dtype=torch.float16);tensor(-0.8438, dtype=torch.float16);tensor(-1.2031, dtype=torch.float16);tensor(0., dtype=torch.float16);tensor(-2.8984, dtype=torch.float16);tensor(-0.9531, dtype=torch.float16);tensor(-2.3906, dtype=torch.float16);tensor(-7.7109, dtype=torch.float16);tensor(-2.7188, dtype=torch.float16);tensor(-1.3281, dtype=torch.float16);tensor(-0.3125, dtype=torch.float16);tensor(-5.9766, dtype=torch.float16);tensor(-2.3594, dtype=torch.float16);tensor(-4.7109, dtype=torch.float16);tensor(-0.0156, dtype=torch.float16);tensor(-2.1875, dtype=torch.float16);tensor(0., dtype=torch.float16);tensor(-1.9453, dtype=torch.float16);tensor(-9.2969, dtype=torch.float16);tensor(-1.5859, dtype=torch.float16);tensor(-0.1016, dtype=torch.float16);tensor(-7.0508, dtype=torch.float16)",epitome_rm
4,Sheila's Problem,implicit,"Scene 1: John and Sheila’s encounter in the office. John hands Sheila a stack of papers and he gets awkward.
John: Oh, um, Sheila, hi, um – nice – um – scarf.
Sheila: Thanks, John. I’ll get these back to you by tomorrow.
John: Yup, great, thanks, nice, that would be good.
[John exits, Amy enters]
Sheila: Oh gosh, Amy, I’m in such an awkward situation.
Amy: Yeah? What’s up?
Sheila: Well, you know my supervisor Mike, right? His boss Courtney has this new PA, John, who gets really weird around me. I think he has a crush on me and it’s really uncomfortable.
Amy: That’s awkward. Are you going to confront him about it?
Sheila: What, are you mad? Poor guy would explode. It would make it a hundred times worse. No, I’ll just keep letting him think I have no idea about it.
Amy: Yeah, good idea.

Scene 2: John talks to Tim about Sheila
Tim: Anyway, so how’s it going at your new job?
John: Urgh, not so good at the moment. Remember I told you about Sheila, who works in Finance?
Tim: Yeah?
John: Yeah, I’ve gone full schoolboy crush on her. I blush and get awkward and everything. It’s terrible.
Tim: Oh, yikes. Does she know?
John: No, I don’t think so. She still acts completely normal around me.
Tim: That’s a relief.
John: Yeah. Anyway, I’d better run.
Tim: Cheers, hope the office gets better!

Scene 3: Amy enters
Amy: Hi, sweetheart.
Tim: Hiya.
Tim: Poor guy, he’s in an awkward situation at work. He actually has a schoolboy crush, can you believe it? On someone called Sheila.
Amy: Sheila? Oh, yeah, she told me about it.
Tim: She knows? Aw, John thinks she hasn’t realized how he feels. He’d be mortified if he found out that she does know.
Amy: It’s all right, her plan is to keep him in the dark – she doesn’t want him to know that she’s realized, because it’ll make it so much more awkward.
Tim: That’s all right then.
Amy: But – I wonder if Victor knows about this?
Tim: Victor?
Amy: Victor, you know Victor! My brother Shaun’s best friend? He’s married to Sheila!
Tim: Oh, yeah, right, Victor.
Amy: He should know about this, even if there’s nothing going on. I’ll chat to him later.

Scene 4: Amy tells Victor
Amy: Victor, I need to chat to you about something.
Victor: What’s up?
Amy: Tim told me something he heard the other day and I thought that, as Sheila’s husband, you deserved to know.
Victor: Oh god, this doesn’t sound good.
Amy: It’s not a huge deal, it’s just that there’s somebody at Sheila’s office, John, who has a bit of a thing for her, and Sheila’s worked it out, but she’s pretending not to know to stop things from getting awkward.
Victor: Oh, yeah, she told me about that. Poor guy.",implicit,mental,4,"Sheila: He doesn’t know that I’ve figured out that he likes me, and I’m just going to keep it like that.",Sheila: I think I need to confront John and tell him that I know he’s into me.,a,-2.21875,-3.048828125,-79.875,-79.25,"tensor(-4.1562, dtype=torch.float16);tensor(-2.8125, dtype=torch.float16);tensor(-9.4219, dtype=torch.float16);tensor(-4.5234, dtype=torch.float16);tensor(-4.2422, dtype=torch.float16);tensor(0., dtype=torch.float16);tensor(0., dtype=torch.float16);tensor(-0.4062, dtype=torch.float16);tensor(-0.3125, dtype=torch.float16);tensor(-6.2656, dtype=torch.float16);tensor(-3.4531, dtype=torch.float16);tensor(-0.4844, dtype=torch.float16);tensor(-2.7812, dtype=torch.float16);tensor(-2.8438, dtype=torch.float16);tensor(-2.2344, dtype=torch.float16);tensor(-0.0469, dtype=torch.float16);tensor(-2.7812, dtype=torch.float16);tensor(0., dtype=torch.float16);tensor(-0.0938, dtype=torch.float16);tensor(-1.8906, dtype=torch.float16);tensor(-1.1562, dtype=torch.float16);tensor(-1.2500, dtype=torch.float16);tensor(-0.5938, dtype=torch.float16);tensor(-0.2500, dtype=torch.float16);tensor(-0.7188, dtype=torch.float16);tensor(-2.1875, dtype=torch.float16);tensor(-0.1094, dtype=torch.float16);tensor(-0.6250, dtype=torch.float16);tensor(-1.2344, dtype=torch.float16);tensor(-3.6797, dtype=torch.float16);tensor(0., dtype=torch.float16);tensor(-0.8438, dtype=torch.float16);tensor(-10.7734, dtype=torch.float16);tensor(-0.2109, dtype=torch.float16);tensor(-0.0781, dtype=torch.float16);tensor(-7.3984, dtype=torch.float16)","tensor(-4.1562, dtype=torch.float16);tensor(-2.8125, dtype=torch.float16);tensor(-9.4219, dtype=torch.float16);tensor(-4.5156, dtype=torch.float16);tensor(-2.2969, dtype=torch.float16);tensor(-2.9844, dtype=torch.float16);tensor(-3.4453, dtype=torch.float16);tensor(-0.7188, dtype=torch.float16);tensor(-7.6875, dtype=torch.float16);tensor(-3.0547, dtype=torch.float16);tensor(-2.4766, dtype=torch.float16);tensor(-1.3047, dtype=torch.float16);tensor(0., dtype=torch.float16);tensor(-1.2969, dtype=torch.float16);tensor(-0.2031, dtype=torch.float16);tensor(-0.0938, dtype=torch.float16);tensor(-3.6953, dtype=torch.float16);tensor(-1.8594, dtype=torch.float16);tensor(0., dtype=torch.float16);tensor(-5.1172, dtype=torch.float16);tensor(-0.0156, dtype=torch.float16);tensor(-0.5781, dtype=torch.float16);tensor(-11.7031, dtype=torch.float16);tensor(-0.3828, dtype=torch.float16);tensor(-0.2188, dtype=torch.float16);tensor(-9.2422, dtype=torch.float16)",epitome_rm
4,Sheila's Problem,implicit,"Scene 1: John and Sheila’s encounter in the office. John hands Sheila a stack of papers and he gets awkward.
John: Oh, um, Sheila, hi, um – nice – um – scarf.
Sheila: Thanks, John. I’ll get these back to you by tomorrow.
John: Yup, great, thanks, nice, that would be good.
[John exits, Amy enters]
Sheila: Oh gosh, Amy, I’m in such an awkward situation.
Amy: Yeah? What’s up?
Sheila: Well, you know my supervisor Mike, right? His boss Courtney has this new PA, John, who gets really weird around me. I think he has a crush on me and it’s really uncomfortable.
Amy: That’s awkward. Are you going to confront him about it?
Sheila: What, are you mad? Poor guy would explode. It would make it a hundred times worse. No, I’ll just keep letting him think I have no idea about it.
Amy: Yeah, good idea.

Scene 2: John talks to Tim about Sheila
Tim: Anyway, so how’s it going at your new job?
John: Urgh, not so good at the moment. Remember I told you about Sheila, who works in Finance?
Tim: Yeah?
John: Yeah, I’ve gone full schoolboy crush on her. I blush and get awkward and everything. It’s terrible.
Tim: Oh, yikes. Does she know?
John: No, I don’t think so. She still acts completely normal around me.
Tim: That’s a relief.
John: Yeah. Anyway, I’d better run.
Tim: Cheers, hope the office gets better!

Scene 3: Amy enters
Amy: Hi, sweetheart.
Tim: Hiya.
Tim: Poor guy, he’s in an awkward situation at work. He actually has a schoolboy crush, can you believe it? On someone called Sheila.
Amy: Sheila? Oh, yeah, she told me about it.
Tim: She knows? Aw, John thinks she hasn’t realized how he feels. He’d be mortified if he found out that she does know.
Amy: It’s all right, her plan is to keep him in the dark – she doesn’t want him to know that she’s realized, because it’ll make it so much more awkward.
Tim: That’s all right then.
Amy: But – I wonder if Victor knows about this?
Tim: Victor?
Amy: Victor, you know Victor! My brother Shaun’s best friend? He’s married to Sheila!
Tim: Oh, yeah, right, Victor.
Amy: He should know about this, even if there’s nothing going on. I’ll chat to him later.

Scene 4: Amy tells Victor
Amy: Victor, I need to chat to you about something.
Victor: What’s up?
Amy: Tim told me something he heard the other day and I thought that, as Sheila’s husband, you deserved to know.
Victor: Oh god, this doesn’t sound good.
Amy: It’s not a huge deal, it’s just that there’s somebody at Sheila’s office, John, who has a bit of a thing for her, and Sheila’s worked it out, but she’s pretending not to know to stop things from getting awkward.
Victor: Oh, yeah, she told me about that. Poor guy.",implicit,mental,5,"Amy: It’s all right, Sheila’s just going to keep acting normally so that John thinks she hasn’t realised about his feelings for her.","Amy: Sheila’s just going to keep John thinking she hasn’t realised about his feelings for her? That’s weird, why didn’t she tell me?",a,-2.37109375,-2.984375,-90.125,-122.3125,"tensor(-12.0703, dtype=torch.float16);tensor(-0.1094, dtype=torch.float16);tensor(-5.0781, dtype=torch.float16);tensor(-0.7188, dtype=torch.float16);tensor(0., dtype=torch.float16);tensor(-0.8125, dtype=torch.float16);tensor(-0.0625, dtype=torch.float16);tensor(-0.0938, dtype=torch.float16);tensor(-5.1172, dtype=torch.float16);tensor(0., dtype=torch.float16);tensor(-0.5469, dtype=torch.float16);tensor(0., dtype=torch.float16);tensor(-1.4141, dtype=torch.float16);tensor(-2.1016, dtype=torch.float16);tensor(-0.0312, dtype=torch.float16);tensor(-0.4844, dtype=torch.float16);tensor(-4.2734, dtype=torch.float16);tensor(-3.7969, dtype=torch.float16);tensor(-5.8281, dtype=torch.float16);tensor(-2.1250, dtype=torch.float16);tensor(-4.8047, dtype=torch.float16);tensor(-2.5156, dtype=torch.float16);tensor(-0.4531, dtype=torch.float16);tensor(-0.8594, dtype=torch.float16);tensor(0., dtype=torch.float16);tensor(0., dtype=torch.float16);tensor(-4.8516, dtype=torch.float16);tensor(-0.0156, dtype=torch.float16);tensor(-8.9062, dtype=torch.float16);tensor(-0.7656, dtype=torch.float16);tensor(-0.6719, dtype=torch.float16);tensor(-3.4375, dtype=torch.float16);tensor(0., dtype=torch.float16);tensor(-0.0938, dtype=torch.float16);tensor(-10.9375, dtype=torch.float16);tensor(-0.0312, dtype=torch.float16);tensor(-0.0469, dtype=torch.float16);tensor(-7.0664, dtype=torch.float16)","tensor(-12.0703, dtype=torch.float16);tensor(-0.1094, dtype=torch.float16);tensor(-5.1719, dtype=torch.float16);tensor(-3.6797, dtype=torch.float16);tensor(-0.9062, dtype=torch.float16);tensor(0., dtype=torch.float16);tensor(-2.6953, dtype=torch.float16);tensor(-3.2969, dtype=torch.float16);tensor(-0.0938, dtype=torch.float16);tensor(-0.4375, dtype=torch.float16);tensor(-12.0312, dtype=torch.float16);tensor(-4.9062, dtype=torch.float16);tensor(-0.5625, dtype=torch.float16);tensor(-2.2031, dtype=torch.float16);tensor(0., dtype=torch.float16);tensor(0., dtype=torch.float16);tensor(-4.3438, dtype=torch.float16);tensor(-0.0156, dtype=torch.float16);tensor(-9.5469, dtype=torch.float16);tensor(-1.7188, dtype=torch.float16);tensor(-1.0938, dtype=torch.float16);tensor(-2.9141, dtype=torch.float16);tensor(-0.0469, dtype=torch.float16);tensor(-4.3594, dtype=torch.float16);tensor(-4.7812, dtype=torch.float16);tensor(-0.2188, dtype=torch.float16);tensor(0., dtype=torch.float16);tensor(-8.3359, dtype=torch.float16);tensor(-1.7031, dtype=torch.float16);tensor(-5.4922, dtype=torch.float16);tensor(-5.5469, dtype=torch.float16);tensor(0., dtype=torch.float16);tensor(0., dtype=torch.float16);tensor(-0.0938, dtype=torch.float16);tensor(-2.8750, dtype=torch.float16);tensor(-2.1250, dtype=torch.float16);tensor(-0.9219, dtype=torch.float16);tensor(-10.1094, dtype=torch.float16);tensor(-0.8828, dtype=torch.float16);tensor(-0.0781, dtype=torch.float16);tensor(-6.9609, dtype=torch.float16)",epitome_rm
4,Sheila's Problem,implicit,"Scene 1: John and Sheila’s encounter in the office. John hands Sheila a stack of papers and he gets awkward.
John: Oh, um, Sheila, hi, um – nice – um – scarf.
Sheila: Thanks, John. I’ll get these back to you by tomorrow.
John: Yup, great, thanks, nice, that would be good.
[John exits, Amy enters]
Sheila: Oh gosh, Amy, I’m in such an awkward situation.
Amy: Yeah? What’s up?
Sheila: Well, you know my supervisor Mike, right? His boss Courtney has this new PA, John, who gets really weird around me. I think he has a crush on me and it’s really uncomfortable.
Amy: That’s awkward. Are you going to confront him about it?
Sheila: What, are you mad? Poor guy would explode. It would make it a hundred times worse. No, I’ll just keep letting him think I have no idea about it.
Amy: Yeah, good idea.

Scene 2: John talks to Tim about Sheila
Tim: Anyway, so how’s it going at your new job?
John: Urgh, not so good at the moment. Remember I told you about Sheila, who works in Finance?
Tim: Yeah?
John: Yeah, I’ve gone full schoolboy crush on her. I blush and get awkward and everything. It’s terrible.
Tim: Oh, yikes. Does she know?
John: No, I don’t think so. She still acts completely normal around me.
Tim: That’s a relief.
John: Yeah. Anyway, I’d better run.
Tim: Cheers, hope the office gets better!

Scene 3: Amy enters
Amy: Hi, sweetheart.
Tim: Hiya.
Tim: Poor guy, he’s in an awkward situation at work. He actually has a schoolboy crush, can you believe it? On someone called Sheila.
Amy: Sheila? Oh, yeah, she told me about it.
Tim: She knows? Aw, John thinks she hasn’t realized how he feels. He’d be mortified if he found out that she does know.
Amy: It’s all right, her plan is to keep him in the dark – she doesn’t want him to know that she’s realized, because it’ll make it so much more awkward.
Tim: That’s all right then.
Amy: But – I wonder if Victor knows about this?
Tim: Victor?
Amy: Victor, you know Victor! My brother Shaun’s best friend? He’s married to Sheila!
Tim: Oh, yeah, right, Victor.
Amy: He should know about this, even if there’s nothing going on. I’ll chat to him later.

Scene 4: Amy tells Victor
Amy: Victor, I need to chat to you about something.
Victor: What’s up?
Amy: Tim told me something he heard the other day and I thought that, as Sheila’s husband, you deserved to know.
Victor: Oh god, this doesn’t sound good.
Amy: It’s not a huge deal, it’s just that there’s somebody at Sheila’s office, John, who has a bit of a thing for her, and Sheila’s worked it out, but she’s pretending not to know to stop things from getting awkward.
Victor: Oh, yeah, she told me about that. Poor guy.",implicit,mental,6,"Sheila: Anyway, so I chatted to Amy about it at the office and she reckons it’s a
good plan to just keep letting John think I haven’t figured it out.
Victor: Yeah, Amy came by and told me about it all.","Sheila: Anyway, so I chatted to Amy about it at the office and she reckons it’s a good plan to just keep letting John think I haven’t figured it out.Victor: That’s weird, I spoke to Amy today. I had no idea that she knew about this situation.",a,-2.607421875,-2.7578125,-161.625,-193.0,"tensor(-4.1641, dtype=torch.float16);tensor(-2.8047, dtype=torch.float16);tensor(-9.4141, dtype=torch.float16);tensor(-9.8359, dtype=torch.float16);tensor(-0.0156, dtype=torch.float16);tensor(-4.5156, dtype=torch.float16);tensor(-2.4375, dtype=torch.float16);tensor(-6.8125, dtype=torch.float16);tensor(0., dtype=torch.float16);tensor(-0.0156, dtype=torch.float16);tensor(-6.7109, dtype=torch.float16);tensor(-0.8594, dtype=torch.float16);tensor(-0.1094, dtype=torch.float16);tensor(-4.4609, dtype=torch.float16);tensor(-3.1094, dtype=torch.float16);tensor(-1.9609, dtype=torch.float16);tensor(-1.0156, dtype=torch.float16);tensor(-0.4062, dtype=torch.float16);tensor(-4.5000, dtype=torch.float16);tensor(-0.0469, dtype=torch.float16);tensor(-2.5938, dtype=torch.float16);tensor(-0.2500, dtype=torch.float16);tensor(-0.1094, dtype=torch.float16);tensor(-2.1797, dtype=torch.float16);tensor(-10.6953, dtype=torch.float16);tensor(-4.3125, dtype=torch.float16);tensor(-2.7109, dtype=torch.float16);tensor(-0.3594, dtype=torch.float16);tensor(-1.5625, dtype=torch.float16);tensor(-0.8125, dtype=torch.float16);tensor(-3.4766, dtype=torch.float16);tensor(-3.4688, dtype=torch.float16);tensor(-0.0469, dtype=torch.float16);tensor(-5.7891, dtype=torch.float16);tensor(-2.2969, dtype=torch.float16);tensor(0., dtype=torch.float16);tensor(0., dtype=torch.float16);tensor(-5.1250, dtype=torch.float16);tensor(-0.0938, dtype=torch.float16);tensor(0., dtype=torch.float16);tensor(-0.3281, dtype=torch.float16);tensor(-0.6875, dtype=torch.float16);tensor(-0.5156, dtype=torch.float16);tensor(0., dtype=torch.float16);tensor(0., dtype=torch.float16);tensor(0., dtype=torch.float16);tensor(-0.3281, dtype=torch.float16);tensor(-0.0156, dtype=torch.float16);tensor(-9.8594, dtype=torch.float16);tensor(-6.1250, dtype=torch.float16);tensor(-5.5938, dtype=torch.float16);tensor(-1.5938, dtype=torch.float16);tensor(-0.1406, dtype=torch.float16);tensor(0., dtype=torch.float16);tensor(-0.6875, dtype=torch.float16);tensor(-0.0469, dtype=torch.float16);tensor(-7.6094, dtype=torch.float16);tensor(-1.0938, dtype=torch.float16);tensor(-9.9453, dtype=torch.float16);tensor(-0.6797, dtype=torch.float16);tensor(-0.2422, dtype=torch.float16);tensor(-7.0508, dtype=torch.float16)","tensor(-4.1641, dtype=torch.float16);tensor(-2.8047, dtype=torch.float16);tensor(-9.4141, dtype=torch.float16);tensor(-9.8359, dtype=torch.float16);tensor(-0.0156, dtype=torch.float16);tensor(-4.5156, dtype=torch.float16);tensor(-2.4375, dtype=torch.float16);tensor(-6.8125, dtype=torch.float16);tensor(0., dtype=torch.float16);tensor(-0.0156, dtype=torch.float16);tensor(-6.7109, dtype=torch.float16);tensor(-0.8594, dtype=torch.float16);tensor(-0.1094, dtype=torch.float16);tensor(-4.4609, dtype=torch.float16);tensor(-3.1094, dtype=torch.float16);tensor(-1.9609, dtype=torch.float16);tensor(-1.0156, dtype=torch.float16);tensor(-0.4062, dtype=torch.float16);tensor(-4.5000, dtype=torch.float16);tensor(-0.0469, dtype=torch.float16);tensor(-2.5938, dtype=torch.float16);tensor(-0.2500, dtype=torch.float16);tensor(-0.1094, dtype=torch.float16);tensor(-2.1797, dtype=torch.float16);tensor(-1.4922, dtype=torch.float16);tensor(-3.1094, dtype=torch.float16);tensor(-0.3750, dtype=torch.float16);tensor(-1.3750, dtype=torch.float16);tensor(-0.8125, dtype=torch.float16);tensor(-3.5156, dtype=torch.float16);tensor(-3.2969, dtype=torch.float16);tensor(-0.0469, dtype=torch.float16);tensor(-5.4219, dtype=torch.float16);tensor(-2.2344, dtype=torch.float16);tensor(0., dtype=torch.float16);tensor(0., dtype=torch.float16);tensor(-5.2969, dtype=torch.float16);tensor(-0.0625, dtype=torch.float16);tensor(0., dtype=torch.float16);tensor(-19.2031, dtype=torch.float16);tensor(-8.7500, dtype=torch.float16);tensor(0., dtype=torch.float16);tensor(0., dtype=torch.float16);tensor(-0.0469, dtype=torch.float16);tensor(-2.6094, dtype=torch.float16);tensor(-0.5625, dtype=torch.float16);tensor(0., dtype=torch.float16);tensor(-7.4141, dtype=torch.float16);tensor(-1.8594, dtype=torch.float16);tensor(-2.5156, dtype=torch.float16);tensor(-6.5156, dtype=torch.float16);tensor(0., dtype=torch.float16);tensor(-1.0625, dtype=torch.float16);tensor(-5.1172, dtype=torch.float16);tensor(-3.9688, dtype=torch.float16);tensor(-3.7578, dtype=torch.float16);tensor(-4.3047, dtype=torch.float16);tensor(-0.1406, dtype=torch.float16);tensor(0., dtype=torch.float16);tensor(-4.2188, dtype=torch.float16);tensor(-1.1875, dtype=torch.float16);tensor(-0.4531, dtype=torch.float16);tensor(-0.3438, dtype=torch.float16);tensor(-0.6250, dtype=torch.float16);tensor(-4.5469, dtype=torch.float16);tensor(-0.8125, dtype=torch.float16);tensor(-10.2500, dtype=torch.float16);tensor(-0.0938, dtype=torch.float16);tensor(-0.2891, dtype=torch.float16);tensor(-6.9883, dtype=torch.float16)",epitome_rm
4,Sheila's Problem,implicit,"Scene 1: John and Sheila’s encounter in the office. John hands Sheila a stack of papers and he gets awkward.
John: Oh, um, Sheila, hi, um – nice – um – scarf.
Sheila: Thanks, John. I’ll get these back to you by tomorrow.
John: Yup, great, thanks, nice, that would be good.
[John exits, Amy enters]
Sheila: Oh gosh, Amy, I’m in such an awkward situation.
Amy: Yeah? What’s up?
Sheila: Well, you know my supervisor Mike, right? His boss Courtney has this new PA, John, who gets really weird around me. I think he has a crush on me and it’s really uncomfortable.
Amy: That’s awkward. Are you going to confront him about it?
Sheila: What, are you mad? Poor guy would explode. It would make it a hundred times worse. No, I’ll just keep letting him think I have no idea about it.
Amy: Yeah, good idea.

Scene 2: John talks to Tim about Sheila
Tim: Anyway, so how’s it going at your new job?
John: Urgh, not so good at the moment. Remember I told you about Sheila, who works in Finance?
Tim: Yeah?
John: Yeah, I’ve gone full schoolboy crush on her. I blush and get awkward and everything. It’s terrible.
Tim: Oh, yikes. Does she know?
John: No, I don’t think so. She still acts completely normal around me.
Tim: That’s a relief.
John: Yeah. Anyway, I’d better run.
Tim: Cheers, hope the office gets better!

Scene 3: Amy enters
Amy: Hi, sweetheart.
Tim: Hiya.
Tim: Poor guy, he’s in an awkward situation at work. He actually has a schoolboy crush, can you believe it? On someone called Sheila.
Amy: Sheila? Oh, yeah, she told me about it.
Tim: She knows? Aw, John thinks she hasn’t realized how he feels. He’d be mortified if he found out that she does know.
Amy: It’s all right, her plan is to keep him in the dark – she doesn’t want him to know that she’s realized, because it’ll make it so much more awkward.
Tim: That’s all right then.
Amy: But – I wonder if Victor knows about this?
Tim: Victor?
Amy: Victor, you know Victor! My brother Shaun’s best friend? He’s married to Sheila!
Tim: Oh, yeah, right, Victor.
Amy: He should know about this, even if there’s nothing going on. I’ll chat to him later.

Scene 4: Amy tells Victor
Amy: Victor, I need to chat to you about something.
Victor: What’s up?
Amy: Tim told me something he heard the other day and I thought that, as Sheila’s husband, you deserved to know.
Victor: Oh god, this doesn’t sound good.
Amy: It’s not a huge deal, it’s just that there’s somebody at Sheila’s office, John, who has a bit of a thing for her, and Sheila’s worked it out, but she’s pretending not to know to stop things from getting awkward.
Victor: Oh, yeah, she told me about that. Poor guy.",implicit,mental,7,"Amy: You know, Victor really needs to know about this. Even if there’s nothing going on between Sheila and John, he needs to know that his wife knows someone has a crush on her, and what she’s planning to do about it. He’d be really upset if he knew I knew about all of this and didn’t tell him. I’d better talk to him.","Amy: Hmm, I don’t think Victor should know about this. Even if there’s nothing going on between John and Sheila, Victor’s really jealous and he’d be furious to find out that his wife actually knew someone had a crush on her. He’d also be really angry if he found out that I know. I’d better not tell him.",a,-1.6396484375,-1.9462890625,-145.875,-165.375,"tensor(-12.0625, dtype=torch.float16);tensor(-0.1094, dtype=torch.float16);tensor(-5., dtype=torch.float16);tensor(-1.1406, dtype=torch.float16);tensor(-0.4062, dtype=torch.float16);tensor(-1.9141, dtype=torch.float16);tensor(-10.3281, dtype=torch.float16);tensor(-2.1953, dtype=torch.float16);tensor(0., dtype=torch.float16);tensor(-1.5859, dtype=torch.float16);tensor(-0.5938, dtype=torch.float16);tensor(-0.1250, dtype=torch.float16);tensor(-0.6875, dtype=torch.float16);tensor(-6.9531, dtype=torch.float16);tensor(-0.2188, dtype=torch.float16);tensor(-0.3438, dtype=torch.float16);tensor(-0.0625, dtype=torch.float16);tensor(0., dtype=torch.float16);tensor(-0.1094, dtype=torch.float16);tensor(-0.0625, dtype=torch.float16);tensor(0., dtype=torch.float16);tensor(-2.3594, dtype=torch.float16);tensor(-1.2188, dtype=torch.float16);tensor(0., dtype=torch.float16);tensor(0., dtype=torch.float16);tensor(-0.2344, dtype=torch.float16);tensor(-0.1250, dtype=torch.float16);tensor(-1.5391, dtype=torch.float16);tensor(-2.9297, dtype=torch.float16);tensor(-0.0156, dtype=torch.float16);tensor(-0.3594, dtype=torch.float16);tensor(-0.8125, dtype=torch.float16);tensor(-2.1875, dtype=torch.float16);tensor(-2.3125, dtype=torch.float16);tensor(-1.4844, dtype=torch.float16);tensor(-4.2969, dtype=torch.float16);tensor(-1.7344, dtype=torch.float16);tensor(-0.0625, dtype=torch.float16);tensor(-0.0625, dtype=torch.float16);tensor(0., dtype=torch.float16);tensor(0., dtype=torch.float16);tensor(0., dtype=torch.float16);tensor(-1.9688, dtype=torch.float16);tensor(-1.8750, dtype=torch.float16);tensor(-4.4688, dtype=torch.float16);tensor(-2.0859, dtype=torch.float16);tensor(-0.1406, dtype=torch.float16);tensor(0., dtype=torch.float16);tensor(-4.7109, dtype=torch.float16);tensor(-0.0781, dtype=torch.float16);tensor(0., dtype=torch.float16);tensor(-0.2031, dtype=torch.float16);tensor(0., dtype=torch.float16);tensor(-0.0312, dtype=torch.float16);tensor(-4.6484, dtype=torch.float16);tensor(-1.0469, dtype=torch.float16);tensor(-2.2500, dtype=torch.float16);tensor(-0.5000, dtype=torch.float16);tensor(-2.5078, dtype=torch.float16);tensor(-0.3594, dtype=torch.float16);tensor(0., dtype=torch.float16);tensor(-0.0156, dtype=torch.float16);tensor(-0.1250, dtype=torch.float16);tensor(-5.4219, dtype=torch.float16);tensor(-5.7500, dtype=torch.float16);tensor(-0.1250, dtype=torch.float16);tensor(-1.7812, dtype=torch.float16);tensor(-6.4688, dtype=torch.float16);tensor(-1.4062, dtype=torch.float16);tensor(-0.0156, dtype=torch.float16);tensor(-0.1406, dtype=torch.float16);tensor(-0.7500, dtype=torch.float16);tensor(-0.0156, dtype=torch.float16);tensor(0., dtype=torch.float16);tensor(-0.0781, dtype=torch.float16);tensor(0., dtype=torch.float16);tensor(-0.2344, dtype=torch.float16);tensor(-4.9375, dtype=torch.float16);tensor(-1.0938, dtype=torch.float16);tensor(-1.9844, dtype=torch.float16);tensor(-0.5625, dtype=torch.float16);tensor(-4.5312, dtype=torch.float16);tensor(0., dtype=torch.float16);tensor(-0.0625, dtype=torch.float16);tensor(-0.9219, dtype=torch.float16);tensor(-9.6562, dtype=torch.float16);tensor(-0.0469, dtype=torch.float16);tensor(-0.0781, dtype=torch.float16);tensor(-7.1992, dtype=torch.float16)","tensor(-12.0625, dtype=torch.float16);tensor(-0.1094, dtype=torch.float16);tensor(-8.5469, dtype=torch.float16);tensor(-0.9531, dtype=torch.float16);tensor(-1.9609, dtype=torch.float16);tensor(-3.4609, dtype=torch.float16);tensor(-0.0156, dtype=torch.float16);tensor(0., dtype=torch.float16);tensor(-1.6406, dtype=torch.float16);tensor(-10.0078, dtype=torch.float16);tensor(-5.5703, dtype=torch.float16);tensor(-0.5469, dtype=torch.float16);tensor(-0.6719, dtype=torch.float16);tensor(-0.4844, dtype=torch.float16);tensor(-0.6172, dtype=torch.float16);tensor(-7.0391, dtype=torch.float16);tensor(-0.2969, dtype=torch.float16);tensor(-0.3125, dtype=torch.float16);tensor(-0.0938, dtype=torch.float16);tensor(0., dtype=torch.float16);tensor(-0.1094, dtype=torch.float16);tensor(-0.0469, dtype=torch.float16);tensor(0., dtype=torch.float16);tensor(-2.4062, dtype=torch.float16);tensor(-2.0469, dtype=torch.float16);tensor(0., dtype=torch.float16);tensor(-0.0156, dtype=torch.float16);tensor(0., dtype=torch.float16);tensor(-0.0781, dtype=torch.float16);tensor(-1.0938, dtype=torch.float16);tensor(-2.2812, dtype=torch.float16);tensor(-0.0156, dtype=torch.float16);tensor(-5.5547, dtype=torch.float16);tensor(-6.4141, dtype=torch.float16);tensor(0., dtype=torch.float16);tensor(-1., dtype=torch.float16);tensor(-1.5547, dtype=torch.float16);tensor(-0.6250, dtype=torch.float16);tensor(-0.2969, dtype=torch.float16);tensor(-2.7109, dtype=torch.float16);tensor(-2.7109, dtype=torch.float16);tensor(0., dtype=torch.float16);tensor(-3.6875, dtype=torch.float16);tensor(-1.7656, dtype=torch.float16);tensor(0., dtype=torch.float16);tensor(-0.3906, dtype=torch.float16);tensor(-2.2188, dtype=torch.float16);tensor(-0.0469, dtype=torch.float16);tensor(-7.8359, dtype=torch.float16);tensor(-1.3750, dtype=torch.float16);tensor(-4.8203, dtype=torch.float16);tensor(-1.9297, dtype=torch.float16);tensor(-0.0312, dtype=torch.float16);tensor(-0.0312, dtype=torch.float16);tensor(0., dtype=torch.float16);tensor(0., dtype=torch.float16);tensor(0., dtype=torch.float16);tensor(-1.5000, dtype=torch.float16);tensor(-4.0469, dtype=torch.float16);tensor(-0.4375, dtype=torch.float16);tensor(-0.1094, dtype=torch.float16);tensor(-5.5938, dtype=torch.float16);tensor(-1.5859, dtype=torch.float16);tensor(-2.1641, dtype=torch.float16);tensor(-2.2344, dtype=torch.float16);tensor(-3.5156, dtype=torch.float16);tensor(-0.4844, dtype=torch.float16);tensor(-0.6719, dtype=torch.float16);tensor(0., dtype=torch.float16);tensor(-0.2344, dtype=torch.float16);tensor(-3.3672, dtype=torch.float16);tensor(-4.8984, dtype=torch.float16);tensor(-0.7656, dtype=torch.float16);tensor(-3.4609, dtype=torch.float16);tensor(-1.1406, dtype=torch.float16);tensor(-0.9219, dtype=torch.float16);tensor(-0.2188, dtype=torch.float16);tensor(-2.4922, dtype=torch.float16);tensor(-0.6094, dtype=torch.float16);tensor(-0.0312, dtype=torch.float16);tensor(-0.4688, dtype=torch.float16);tensor(-9.3750, dtype=torch.float16);tensor(-0.1484, dtype=torch.float16);tensor(-0.0859, dtype=torch.float16);tensor(-7.3516, dtype=torch.float16)",epitome_rm
4,Sheila's Problem,implicit,"Scene 1: John and Sheila’s encounter in the office. John hands Sheila a stack of papers and he gets awkward.
John: Oh, um, Sheila, hi, um – nice – um – scarf.
Sheila: Thanks, John. I’ll get these back to you by tomorrow.
John: Yup, great, thanks, nice, that would be good.
[John exits, Amy enters]
Sheila: Oh gosh, Amy, I’m in such an awkward situation.
Amy: Yeah? What’s up?
Sheila: Well, you know my supervisor Mike, right? His boss Courtney has this new PA, John, who gets really weird around me. I think he has a crush on me and it’s really uncomfortable.
Amy: That’s awkward. Are you going to confront him about it?
Sheila: What, are you mad? Poor guy would explode. It would make it a hundred times worse. No, I’ll just keep letting him think I have no idea about it.
Amy: Yeah, good idea.

Scene 2: John talks to Tim about Sheila
Tim: Anyway, so how’s it going at your new job?
John: Urgh, not so good at the moment. Remember I told you about Sheila, who works in Finance?
Tim: Yeah?
John: Yeah, I’ve gone full schoolboy crush on her. I blush and get awkward and everything. It’s terrible.
Tim: Oh, yikes. Does she know?
John: No, I don’t think so. She still acts completely normal around me.
Tim: That’s a relief.
John: Yeah. Anyway, I’d better run.
Tim: Cheers, hope the office gets better!

Scene 3: Amy enters
Amy: Hi, sweetheart.
Tim: Hiya.
Tim: Poor guy, he’s in an awkward situation at work. He actually has a schoolboy crush, can you believe it? On someone called Sheila.
Amy: Sheila? Oh, yeah, she told me about it.
Tim: She knows? Aw, John thinks she hasn’t realized how he feels. He’d be mortified if he found out that she does know.
Amy: It’s all right, her plan is to keep him in the dark – she doesn’t want him to know that she’s realized, because it’ll make it so much more awkward.
Tim: That’s all right then.
Amy: But – I wonder if Victor knows about this?
Tim: Victor?
Amy: Victor, you know Victor! My brother Shaun’s best friend? He’s married to Sheila!
Tim: Oh, yeah, right, Victor.
Amy: He should know about this, even if there’s nothing going on. I’ll chat to him later.

Scene 4: Amy tells Victor
Amy: Victor, I need to chat to you about something.
Victor: What’s up?
Amy: Tim told me something he heard the other day and I thought that, as Sheila’s husband, you deserved to know.
Victor: Oh god, this doesn’t sound good.
Amy: It’s not a huge deal, it’s just that there’s somebody at Sheila’s office, John, who has a bit of a thing for her, and Sheila’s worked it out, but she’s pretending not to know to stop things from getting awkward.
Victor: Oh, yeah, she told me about that. Poor guy.",implicit,control,1,"Sheila: You know my supervisor, Mike?","Sheila: You know my PA, Mike?",a,-3.505859375,-3.962890625,-52.59375,-55.46875,"tensor(-4.1562, dtype=torch.float16);tensor(-2.8125, dtype=torch.float16);tensor(-9.4219, dtype=torch.float16);tensor(-6.0703, dtype=torch.float16);tensor(-0.7969, dtype=torch.float16);tensor(-6.1406, dtype=torch.float16);tensor(-0.2031, dtype=torch.float16);tensor(0., dtype=torch.float16);tensor(-4.5000, dtype=torch.float16);tensor(-0.1562, dtype=torch.float16);tensor(-0.5156, dtype=torch.float16);tensor(-8.8906, dtype=torch.float16);tensor(-1.4922, dtype=torch.float16);tensor(-0.2109, dtype=torch.float16);tensor(-7.2266, dtype=torch.float16)","tensor(-4.1562, dtype=torch.float16);tensor(-2.8125, dtype=torch.float16);tensor(-9.4219, dtype=torch.float16);tensor(-6.0703, dtype=torch.float16);tensor(-0.7969, dtype=torch.float16);tensor(-6.1406, dtype=torch.float16);tensor(-6.1016, dtype=torch.float16);tensor(-0.7266, dtype=torch.float16);tensor(-0.8750, dtype=torch.float16);tensor(-0.2031, dtype=torch.float16);tensor(-8.3125, dtype=torch.float16);tensor(-2.5391, dtype=torch.float16);tensor(-0.0938, dtype=torch.float16);tensor(-7.2266, dtype=torch.float16)",epitome_rm
4,Sheila's Problem,implicit,"Scene 1: John and Sheila’s encounter in the office. John hands Sheila a stack of papers and he gets awkward.
John: Oh, um, Sheila, hi, um – nice – um – scarf.
Sheila: Thanks, John. I’ll get these back to you by tomorrow.
John: Yup, great, thanks, nice, that would be good.
[John exits, Amy enters]
Sheila: Oh gosh, Amy, I’m in such an awkward situation.
Amy: Yeah? What’s up?
Sheila: Well, you know my supervisor Mike, right? His boss Courtney has this new PA, John, who gets really weird around me. I think he has a crush on me and it’s really uncomfortable.
Amy: That’s awkward. Are you going to confront him about it?
Sheila: What, are you mad? Poor guy would explode. It would make it a hundred times worse. No, I’ll just keep letting him think I have no idea about it.
Amy: Yeah, good idea.

Scene 2: John talks to Tim about Sheila
Tim: Anyway, so how’s it going at your new job?
John: Urgh, not so good at the moment. Remember I told you about Sheila, who works in Finance?
Tim: Yeah?
John: Yeah, I’ve gone full schoolboy crush on her. I blush and get awkward and everything. It’s terrible.
Tim: Oh, yikes. Does she know?
John: No, I don’t think so. She still acts completely normal around me.
Tim: That’s a relief.
John: Yeah. Anyway, I’d better run.
Tim: Cheers, hope the office gets better!

Scene 3: Amy enters
Amy: Hi, sweetheart.
Tim: Hiya.
Tim: Poor guy, he’s in an awkward situation at work. He actually has a schoolboy crush, can you believe it? On someone called Sheila.
Amy: Sheila? Oh, yeah, she told me about it.
Tim: She knows? Aw, John thinks she hasn’t realized how he feels. He’d be mortified if he found out that she does know.
Amy: It’s all right, her plan is to keep him in the dark – she doesn’t want him to know that she’s realized, because it’ll make it so much more awkward.
Tim: That’s all right then.
Amy: But – I wonder if Victor knows about this?
Tim: Victor?
Amy: Victor, you know Victor! My brother Shaun’s best friend? He’s married to Sheila!
Tim: Oh, yeah, right, Victor.
Amy: He should know about this, even if there’s nothing going on. I’ll chat to him later.

Scene 4: Amy tells Victor
Amy: Victor, I need to chat to you about something.
Victor: What’s up?
Amy: Tim told me something he heard the other day and I thought that, as Sheila’s husband, you deserved to know.
Victor: Oh god, this doesn’t sound good.
Amy: It’s not a huge deal, it’s just that there’s somebody at Sheila’s office, John, who has a bit of a thing for her, and Sheila’s worked it out, but she’s pretending not to know to stop things from getting awkward.
Victor: Oh, yeah, she told me about that. Poor guy.",implicit,control,2,"Sheila: You know my supervisor’s boss, Courtney?","Sheila: You know my PA’s supervisor, Courtney?",a,-3.154296875,-3.5625,-63.09375,-67.6875,"tensor(-4.1562, dtype=torch.float16);tensor(-2.8125, dtype=torch.float16);tensor(-9.4219, dtype=torch.float16);tensor(-6.0703, dtype=torch.float16);tensor(-0.7969, dtype=torch.float16);tensor(-6.1406, dtype=torch.float16);tensor(-0.2031, dtype=torch.float16);tensor(0., dtype=torch.float16);tensor(-7.1484, dtype=torch.float16);tensor(0., dtype=torch.float16);tensor(-4.9062, dtype=torch.float16);tensor(0., dtype=torch.float16);tensor(-1.8438, dtype=torch.float16);tensor(-0.2969, dtype=torch.float16);tensor(0., dtype=torch.float16);tensor(-0.5781, dtype=torch.float16);tensor(-8.9766, dtype=torch.float16);tensor(-2.2109, dtype=torch.float16);tensor(-0.2031, dtype=torch.float16);tensor(-7.3164, dtype=torch.float16)","tensor(-4.1562, dtype=torch.float16);tensor(-2.8125, dtype=torch.float16);tensor(-9.4219, dtype=torch.float16);tensor(-6.0703, dtype=torch.float16);tensor(-0.7969, dtype=torch.float16);tensor(-6.1406, dtype=torch.float16);tensor(-6.1016, dtype=torch.float16);tensor(-3.5391, dtype=torch.float16);tensor(0., dtype=torch.float16);tensor(-6.0156, dtype=torch.float16);tensor(-0.6953, dtype=torch.float16);tensor(-1.2656, dtype=torch.float16);tensor(-1.1094, dtype=torch.float16);tensor(0., dtype=torch.float16);tensor(-0.4688, dtype=torch.float16);tensor(-9.0078, dtype=torch.float16);tensor(-2.6562, dtype=torch.float16);tensor(-0.1562, dtype=torch.float16);tensor(-7.2656, dtype=torch.float16)",epitome_rm
4,Sheila's Problem,implicit,"Scene 1: John and Sheila’s encounter in the office. John hands Sheila a stack of papers and he gets awkward.
John: Oh, um, Sheila, hi, um – nice – um – scarf.
Sheila: Thanks, John. I’ll get these back to you by tomorrow.
John: Yup, great, thanks, nice, that would be good.
[John exits, Amy enters]
Sheila: Oh gosh, Amy, I’m in such an awkward situation.
Amy: Yeah? What’s up?
Sheila: Well, you know my supervisor Mike, right? His boss Courtney has this new PA, John, who gets really weird around me. I think he has a crush on me and it’s really uncomfortable.
Amy: That’s awkward. Are you going to confront him about it?
Sheila: What, are you mad? Poor guy would explode. It would make it a hundred times worse. No, I’ll just keep letting him think I have no idea about it.
Amy: Yeah, good idea.

Scene 2: John talks to Tim about Sheila
Tim: Anyway, so how’s it going at your new job?
John: Urgh, not so good at the moment. Remember I told you about Sheila, who works in Finance?
Tim: Yeah?
John: Yeah, I’ve gone full schoolboy crush on her. I blush and get awkward and everything. It’s terrible.
Tim: Oh, yikes. Does she know?
John: No, I don’t think so. She still acts completely normal around me.
Tim: That’s a relief.
John: Yeah. Anyway, I’d better run.
Tim: Cheers, hope the office gets better!

Scene 3: Amy enters
Amy: Hi, sweetheart.
Tim: Hiya.
Tim: Poor guy, he’s in an awkward situation at work. He actually has a schoolboy crush, can you believe it? On someone called Sheila.
Amy: Sheila? Oh, yeah, she told me about it.
Tim: She knows? Aw, John thinks she hasn’t realized how he feels. He’d be mortified if he found out that she does know.
Amy: It’s all right, her plan is to keep him in the dark – she doesn’t want him to know that she’s realized, because it’ll make it so much more awkward.
Tim: That’s all right then.
Amy: But – I wonder if Victor knows about this?
Tim: Victor?
Amy: Victor, you know Victor! My brother Shaun’s best friend? He’s married to Sheila!
Tim: Oh, yeah, right, Victor.
Amy: He should know about this, even if there’s nothing going on. I’ll chat to him later.

Scene 4: Amy tells Victor
Amy: Victor, I need to chat to you about something.
Victor: What’s up?
Amy: Tim told me something he heard the other day and I thought that, as Sheila’s husband, you deserved to know.
Victor: Oh god, this doesn’t sound good.
Amy: It’s not a huge deal, it’s just that there’s somebody at Sheila’s office, John, who has a bit of a thing for her, and Sheila’s worked it out, but she’s pretending not to know to stop things from getting awkward.
Victor: Oh, yeah, she told me about that. Poor guy.",implicit,control,3,"Sheila: Anyway, my supervisor Mike, his boss has hired this new PA, John.","Sheila: Anyway, my PA Mike’s boss has this new supervisor, John.",a,-2.845703125,-3.564453125,-74.0,-85.5625,"tensor(-4.1562, dtype=torch.float16);tensor(-2.8125, dtype=torch.float16);tensor(-9.4219, dtype=torch.float16);tensor(-9.8438, dtype=torch.float16);tensor(-0.0156, dtype=torch.float16);tensor(-6.4844, dtype=torch.float16);tensor(-6.3125, dtype=torch.float16);tensor(0., dtype=torch.float16);tensor(-0.0469, dtype=torch.float16);tensor(-1.1328, dtype=torch.float16);tensor(-0.1094, dtype=torch.float16);tensor(0., dtype=torch.float16);tensor(0., dtype=torch.float16);tensor(-6.5938, dtype=torch.float16);tensor(-4.7109, dtype=torch.float16);tensor(0., dtype=torch.float16);tensor(-0.5156, dtype=torch.float16);tensor(-0.1094, dtype=torch.float16);tensor(-0.3828, dtype=torch.float16);tensor(-0.5938, dtype=torch.float16);tensor(-0.1406, dtype=torch.float16);tensor(-2.0625, dtype=torch.float16);tensor(-9.1094, dtype=torch.float16);tensor(-0.5391, dtype=torch.float16);tensor(-0.2500, dtype=torch.float16);tensor(-8.6328, dtype=torch.float16)","tensor(-4.1562, dtype=torch.float16);tensor(-2.8125, dtype=torch.float16);tensor(-9.4219, dtype=torch.float16);tensor(-9.8438, dtype=torch.float16);tensor(-0.0156, dtype=torch.float16);tensor(-6.4844, dtype=torch.float16);tensor(-9.2266, dtype=torch.float16);tensor(-1.5781, dtype=torch.float16);tensor(-1.5938, dtype=torch.float16);tensor(0., dtype=torch.float16);tensor(-0.1719, dtype=torch.float16);tensor(0., dtype=torch.float16);tensor(-2.7031, dtype=torch.float16);tensor(-1.5859, dtype=torch.float16);tensor(-0.0781, dtype=torch.float16);tensor(-10.5000, dtype=torch.float16);tensor(-1.8984, dtype=torch.float16);tensor(-0.5000, dtype=torch.float16);tensor(-1.3672, dtype=torch.float16);tensor(-1.9375, dtype=torch.float16);tensor(-8.9688, dtype=torch.float16);tensor(-1.8984, dtype=torch.float16);tensor(-0.3516, dtype=torch.float16);tensor(-8.4688, dtype=torch.float16)",epitome_rm
4,Sheila's Problem,implicit,"Scene 1: John and Sheila’s encounter in the office. John hands Sheila a stack of papers and he gets awkward.
John: Oh, um, Sheila, hi, um – nice – um – scarf.
Sheila: Thanks, John. I’ll get these back to you by tomorrow.
John: Yup, great, thanks, nice, that would be good.
[John exits, Amy enters]
Sheila: Oh gosh, Amy, I’m in such an awkward situation.
Amy: Yeah? What’s up?
Sheila: Well, you know my supervisor Mike, right? His boss Courtney has this new PA, John, who gets really weird around me. I think he has a crush on me and it’s really uncomfortable.
Amy: That’s awkward. Are you going to confront him about it?
Sheila: What, are you mad? Poor guy would explode. It would make it a hundred times worse. No, I’ll just keep letting him think I have no idea about it.
Amy: Yeah, good idea.

Scene 2: John talks to Tim about Sheila
Tim: Anyway, so how’s it going at your new job?
John: Urgh, not so good at the moment. Remember I told you about Sheila, who works in Finance?
Tim: Yeah?
John: Yeah, I’ve gone full schoolboy crush on her. I blush and get awkward and everything. It’s terrible.
Tim: Oh, yikes. Does she know?
John: No, I don’t think so. She still acts completely normal around me.
Tim: That’s a relief.
John: Yeah. Anyway, I’d better run.
Tim: Cheers, hope the office gets better!

Scene 3: Amy enters
Amy: Hi, sweetheart.
Tim: Hiya.
Tim: Poor guy, he’s in an awkward situation at work. He actually has a schoolboy crush, can you believe it? On someone called Sheila.
Amy: Sheila? Oh, yeah, she told me about it.
Tim: She knows? Aw, John thinks she hasn’t realized how he feels. He’d be mortified if he found out that she does know.
Amy: It’s all right, her plan is to keep him in the dark – she doesn’t want him to know that she’s realized, because it’ll make it so much more awkward.
Tim: That’s all right then.
Amy: But – I wonder if Victor knows about this?
Tim: Victor?
Amy: Victor, you know Victor! My brother Shaun’s best friend? He’s married to Sheila!
Tim: Oh, yeah, right, Victor.
Amy: He should know about this, even if there’s nothing going on. I’ll chat to him later.

Scene 4: Amy tells Victor
Amy: Victor, I need to chat to you about something.
Victor: What’s up?
Amy: Tim told me something he heard the other day and I thought that, as Sheila’s husband, you deserved to know.
Victor: Oh god, this doesn’t sound good.
Amy: It’s not a huge deal, it’s just that there’s somebody at Sheila’s office, John, who has a bit of a thing for her, and Sheila’s worked it out, but she’s pretending not to know to stop things from getting awkward.
Victor: Oh, yeah, she told me about that. Poor guy.",implicit,control,4,"Amy: Oh, you know Sheila? Well, her supervisor Mike, his boss has this new PA, John.
Tim: My best friend John?
Amy: That’s the one.","Amy: Oh, you know Sheila? Well, her best friend Mike, his boss has this new PA, John.Tim: Oh, I’m John’s supervisor.",a,-2.427734375,-3.388671875,-116.5625,-145.75,"tensor(-12.0703, dtype=torch.float16);tensor(-0.1094, dtype=torch.float16);tensor(-5.0859, dtype=torch.float16);tensor(-0.2031, dtype=torch.float16);tensor(-2.2812, dtype=torch.float16);tensor(-3.5625, dtype=torch.float16);tensor(-12.7969, dtype=torch.float16);tensor(0., dtype=torch.float16);tensor(-2.4375, dtype=torch.float16);tensor(-2.9609, dtype=torch.float16);tensor(-0.1719, dtype=torch.float16);tensor(-5.1484, dtype=torch.float16);tensor(-7.4531, dtype=torch.float16);tensor(0., dtype=torch.float16);tensor(-0.0625, dtype=torch.float16);tensor(-2.7812, dtype=torch.float16);tensor(-0.4062, dtype=torch.float16);tensor(-0.0156, dtype=torch.float16);tensor(0., dtype=torch.float16);tensor(-5.1875, dtype=torch.float16);tensor(-1.0938, dtype=torch.float16);tensor(-0.0781, dtype=torch.float16);tensor(-0.0156, dtype=torch.float16);tensor(-0.3750, dtype=torch.float16);tensor(-0.0469, dtype=torch.float16);tensor(-2.2734, dtype=torch.float16);tensor(-1.0938, dtype=torch.float16);tensor(-9.6250, dtype=torch.float16);tensor(-0.0156, dtype=torch.float16);tensor(-8.4375, dtype=torch.float16);tensor(-4.5312, dtype=torch.float16);tensor(-1.0703, dtype=torch.float16);tensor(-0.9609, dtype=torch.float16);tensor(-2.4922, dtype=torch.float16);tensor(-0.9062, dtype=torch.float16);tensor(-0.3125, dtype=torch.float16);tensor(0., dtype=torch.float16);tensor(-0.0156, dtype=torch.float16);tensor(-3.3984, dtype=torch.float16);tensor(-0.0312, dtype=torch.float16);tensor(0., dtype=torch.float16);tensor(-0.7031, dtype=torch.float16);tensor(-0.0156, dtype=torch.float16);tensor(-0.8438, dtype=torch.float16);tensor(-7.7891, dtype=torch.float16);tensor(-0.0625, dtype=torch.float16);tensor(-0.1016, dtype=torch.float16);tensor(-7.5195, dtype=torch.float16)","tensor(-12.0703, dtype=torch.float16);tensor(-0.1094, dtype=torch.float16);tensor(-5.0859, dtype=torch.float16);tensor(-0.2031, dtype=torch.float16);tensor(-2.2812, dtype=torch.float16);tensor(-3.5625, dtype=torch.float16);tensor(-12.7969, dtype=torch.float16);tensor(0., dtype=torch.float16);tensor(-2.4375, dtype=torch.float16);tensor(-2.9609, dtype=torch.float16);tensor(-0.1719, dtype=torch.float16);tensor(-5.1484, dtype=torch.float16);tensor(-6.7656, dtype=torch.float16);tensor(-0.9141, dtype=torch.float16);tensor(-8.5156, dtype=torch.float16);tensor(-3.6797, dtype=torch.float16);tensor(-2.8125, dtype=torch.float16);tensor(-0.1406, dtype=torch.float16);tensor(0., dtype=torch.float16);tensor(-3.2578, dtype=torch.float16);tensor(-1.4375, dtype=torch.float16);tensor(-0.1562, dtype=torch.float16);tensor(-0.0469, dtype=torch.float16);tensor(-0.5781, dtype=torch.float16);tensor(-0.0781, dtype=torch.float16);tensor(-18.5000, dtype=torch.float16);tensor(-7.7500, dtype=torch.float16);tensor(-0.0859, dtype=torch.float16);tensor(-1.8750, dtype=torch.float16);tensor(-0.1719, dtype=torch.float16);tensor(-3.6172, dtype=torch.float16);tensor(-3.5312, dtype=torch.float16);tensor(-2.5469, dtype=torch.float16);tensor(-5.3750, dtype=torch.float16);tensor(-3.6719, dtype=torch.float16);tensor(0., dtype=torch.float16);tensor(-5.2031, dtype=torch.float16);tensor(0., dtype=torch.float16);tensor(-1.2344, dtype=torch.float16);tensor(-7.9453, dtype=torch.float16);tensor(-0.2266, dtype=torch.float16);tensor(-0.1719, dtype=torch.float16);tensor(-8.5938, dtype=torch.float16)",epitome_rm
4,Sheila's Problem,implicit,"Scene 1: John and Sheila’s encounter in the office. John hands Sheila a stack of papers and he gets awkward.
John: Oh, um, Sheila, hi, um – nice – um – scarf.
Sheila: Thanks, John. I’ll get these back to you by tomorrow.
John: Yup, great, thanks, nice, that would be good.
[John exits, Amy enters]
Sheila: Oh gosh, Amy, I’m in such an awkward situation.
Amy: Yeah? What’s up?
Sheila: Well, you know my supervisor Mike, right? His boss Courtney has this new PA, John, who gets really weird around me. I think he has a crush on me and it’s really uncomfortable.
Amy: That’s awkward. Are you going to confront him about it?
Sheila: What, are you mad? Poor guy would explode. It would make it a hundred times worse. No, I’ll just keep letting him think I have no idea about it.
Amy: Yeah, good idea.

Scene 2: John talks to Tim about Sheila
Tim: Anyway, so how’s it going at your new job?
John: Urgh, not so good at the moment. Remember I told you about Sheila, who works in Finance?
Tim: Yeah?
John: Yeah, I’ve gone full schoolboy crush on her. I blush and get awkward and everything. It’s terrible.
Tim: Oh, yikes. Does she know?
John: No, I don’t think so. She still acts completely normal around me.
Tim: That’s a relief.
John: Yeah. Anyway, I’d better run.
Tim: Cheers, hope the office gets better!

Scene 3: Amy enters
Amy: Hi, sweetheart.
Tim: Hiya.
Tim: Poor guy, he’s in an awkward situation at work. He actually has a schoolboy crush, can you believe it? On someone called Sheila.
Amy: Sheila? Oh, yeah, she told me about it.
Tim: She knows? Aw, John thinks she hasn’t realized how he feels. He’d be mortified if he found out that she does know.
Amy: It’s all right, her plan is to keep him in the dark – she doesn’t want him to know that she’s realized, because it’ll make it so much more awkward.
Tim: That’s all right then.
Amy: But – I wonder if Victor knows about this?
Tim: Victor?
Amy: Victor, you know Victor! My brother Shaun’s best friend? He’s married to Sheila!
Tim: Oh, yeah, right, Victor.
Amy: He should know about this, even if there’s nothing going on. I’ll chat to him later.

Scene 4: Amy tells Victor
Amy: Victor, I need to chat to you about something.
Victor: What’s up?
Amy: Tim told me something he heard the other day and I thought that, as Sheila’s husband, you deserved to know.
Victor: Oh god, this doesn’t sound good.
Amy: It’s not a huge deal, it’s just that there’s somebody at Sheila’s office, John, who has a bit of a thing for her, and Sheila’s worked it out, but she’s pretending not to know to stop things from getting awkward.
Victor: Oh, yeah, she told me about that. Poor guy.",implicit,control,5,"Victor: How did Amy know about this whole situation?Sheila: It’s a bit complicated. So John is my supervisor Mike’s boss’s new PA, and John’s best friend is Amy’s boyfriend.","Victor: How did Amy know about this whole situation?Sheila: It’s a bit complicated. So John is my PA Mike’s supervisor’s boss, and John’s best friend is Amy’s boyfriend.",a,-2.708984375,-3.033203125,-149.0,-163.875,"tensor(-10.8828, dtype=torch.float16);tensor(-0.9375, dtype=torch.float16);tensor(-6.3594, dtype=torch.float16);tensor(-1.8828, dtype=torch.float16);tensor(-10.3281, dtype=torch.float16);tensor(-1.6562, dtype=torch.float16);tensor(-0.8906, dtype=torch.float16);tensor(-0.8906, dtype=torch.float16);tensor(-7.8750, dtype=torch.float16);tensor(-0.2188, dtype=torch.float16);tensor(-0.0781, dtype=torch.float16);tensor(-16.2969, dtype=torch.float16);tensor(-6.7812, dtype=torch.float16);tensor(-1.7344, dtype=torch.float16);tensor(-1.9297, dtype=torch.float16);tensor(-6.6875, dtype=torch.float16);tensor(-2.2266, dtype=torch.float16);tensor(0., dtype=torch.float16);tensor(-0.8438, dtype=torch.float16);tensor(-3.7734, dtype=torch.float16);tensor(-4.1797, dtype=torch.float16);tensor(-0.6094, dtype=torch.float16);tensor(-5.0781, dtype=torch.float16);tensor(-3.3281, dtype=torch.float16);tensor(-3.4141, dtype=torch.float16);tensor(-3.2031, dtype=torch.float16);tensor(-0.5625, dtype=torch.float16);tensor(0., dtype=torch.float16);tensor(-1.3438, dtype=torch.float16);tensor(-0.0469, dtype=torch.float16);tensor(0., dtype=torch.float16);tensor(-0.9844, dtype=torch.float16);tensor(0., dtype=torch.float16);tensor(-1.0781, dtype=torch.float16);tensor(-0.0469, dtype=torch.float16);tensor(-1.3438, dtype=torch.float16);tensor(-0.1562, dtype=torch.float16);tensor(-0.5938, dtype=torch.float16);tensor(-0.0625, dtype=torch.float16);tensor(-2.5547, dtype=torch.float16);tensor(-2.3516, dtype=torch.float16);tensor(0., dtype=torch.float16);tensor(-10.1797, dtype=torch.float16);tensor(-0.7188, dtype=torch.float16);tensor(-0.8594, dtype=torch.float16);tensor(-0.9219, dtype=torch.float16);tensor(-0.5156, dtype=torch.float16);tensor(0., dtype=torch.float16);tensor(-3.3125, dtype=torch.float16);tensor(0., dtype=torch.float16);tensor(-3.3125, dtype=torch.float16);tensor(-7.8516, dtype=torch.float16);tensor(-0.0703, dtype=torch.float16);tensor(-0.1719, dtype=torch.float16);tensor(-7.8672, dtype=torch.float16)","tensor(-10.8828, dtype=torch.float16);tensor(-0.9375, dtype=torch.float16);tensor(-6.3594, dtype=torch.float16);tensor(-1.8828, dtype=torch.float16);tensor(-10.3281, dtype=torch.float16);tensor(-1.6562, dtype=torch.float16);tensor(-0.8906, dtype=torch.float16);tensor(-0.8906, dtype=torch.float16);tensor(-7.8750, dtype=torch.float16);tensor(-0.2188, dtype=torch.float16);tensor(-0.0781, dtype=torch.float16);tensor(-16.2969, dtype=torch.float16);tensor(-6.7812, dtype=torch.float16);tensor(-1.7344, dtype=torch.float16);tensor(-1.9297, dtype=torch.float16);tensor(-6.6875, dtype=torch.float16);tensor(-2.2266, dtype=torch.float16);tensor(0., dtype=torch.float16);tensor(-0.8438, dtype=torch.float16);tensor(-3.7734, dtype=torch.float16);tensor(-4.1797, dtype=torch.float16);tensor(-0.6094, dtype=torch.float16);tensor(-5.0781, dtype=torch.float16);tensor(-3.3281, dtype=torch.float16);tensor(-3.4141, dtype=torch.float16);tensor(-3.2031, dtype=torch.float16);tensor(-2.8516, dtype=torch.float16);tensor(-8.8438, dtype=torch.float16);tensor(-0.0625, dtype=torch.float16);tensor(0., dtype=torch.float16);tensor(-3.1328, dtype=torch.float16);tensor(0., dtype=torch.float16);tensor(-0.3906, dtype=torch.float16);tensor(0., dtype=torch.float16);tensor(-4.1406, dtype=torch.float16);tensor(0., dtype=torch.float16);tensor(-4.2422, dtype=torch.float16);tensor(-0.5156, dtype=torch.float16);tensor(-1.8438, dtype=torch.float16);tensor(-2.0312, dtype=torch.float16);tensor(0., dtype=torch.float16);tensor(-8.6719, dtype=torch.float16);tensor(-0.8906, dtype=torch.float16);tensor(-0.7656, dtype=torch.float16);tensor(-0.8906, dtype=torch.float16);tensor(-0.3125, dtype=torch.float16);tensor(0., dtype=torch.float16);tensor(-4.0469, dtype=torch.float16);tensor(0., dtype=torch.float16);tensor(-2.1719, dtype=torch.float16);tensor(-7.8477, dtype=torch.float16);tensor(-0.0781, dtype=torch.float16);tensor(-0.1797, dtype=torch.float16);tensor(-7.8359, dtype=torch.float16)",epitome_rm
4,Sheila's Problem,implicit,"Scene 1: John and Sheila’s encounter in the office. John hands Sheila a stack of papers and he gets awkward.
John: Oh, um, Sheila, hi, um – nice – um – scarf.
Sheila: Thanks, John. I’ll get these back to you by tomorrow.
John: Yup, great, thanks, nice, that would be good.
[John exits, Amy enters]
Sheila: Oh gosh, Amy, I’m in such an awkward situation.
Amy: Yeah? What’s up?
Sheila: Well, you know my supervisor Mike, right? His boss Courtney has this new PA, John, who gets really weird around me. I think he has a crush on me and it’s really uncomfortable.
Amy: That’s awkward. Are you going to confront him about it?
Sheila: What, are you mad? Poor guy would explode. It would make it a hundred times worse. No, I’ll just keep letting him think I have no idea about it.
Amy: Yeah, good idea.

Scene 2: John talks to Tim about Sheila
Tim: Anyway, so how’s it going at your new job?
John: Urgh, not so good at the moment. Remember I told you about Sheila, who works in Finance?
Tim: Yeah?
John: Yeah, I’ve gone full schoolboy crush on her. I blush and get awkward and everything. It’s terrible.
Tim: Oh, yikes. Does she know?
John: No, I don’t think so. She still acts completely normal around me.
Tim: That’s a relief.
John: Yeah. Anyway, I’d better run.
Tim: Cheers, hope the office gets better!

Scene 3: Amy enters
Amy: Hi, sweetheart.
Tim: Hiya.
Tim: Poor guy, he’s in an awkward situation at work. He actually has a schoolboy crush, can you believe it? On someone called Sheila.
Amy: Sheila? Oh, yeah, she told me about it.
Tim: She knows? Aw, John thinks she hasn’t realized how he feels. He’d be mortified if he found out that she does know.
Amy: It’s all right, her plan is to keep him in the dark – she doesn’t want him to know that she’s realized, because it’ll make it so much more awkward.
Tim: That’s all right then.
Amy: But – I wonder if Victor knows about this?
Tim: Victor?
Amy: Victor, you know Victor! My brother Shaun’s best friend? He’s married to Sheila!
Tim: Oh, yeah, right, Victor.
Amy: He should know about this, even if there’s nothing going on. I’ll chat to him later.

Scene 4: Amy tells Victor
Amy: Victor, I need to chat to you about something.
Victor: What’s up?
Amy: Tim told me something he heard the other day and I thought that, as Sheila’s husband, you deserved to know.
Victor: Oh god, this doesn’t sound good.
Amy: It’s not a huge deal, it’s just that there’s somebody at Sheila’s office, John, who has a bit of a thing for her, and Sheila’s worked it out, but she’s pretending not to know to stop things from getting awkward.
Victor: Oh, yeah, she told me about that. Poor guy.",implicit,control,6,"Amy: Yeah, it’s really complicated. So your best friend is Sheila’s supervisor Mike’s boss’s PA, John, and Shaun is my brother.","Amy: Yeah, it’s really complicated. My boyfriend is PA to Sheila’s best friend Mike’s supervisor’s boss, John, and Shaun is my brother.",a,-2.49609375,-2.96484375,-109.8125,-136.375,"tensor(-12.0703, dtype=torch.float16);tensor(-0.1094, dtype=torch.float16);tensor(-0.2812, dtype=torch.float16);tensor(-0.3906, dtype=torch.float16);tensor(-1.3203, dtype=torch.float16);tensor(-0.4688, dtype=torch.float16);tensor(0., dtype=torch.float16);tensor(-4.0391, dtype=torch.float16);tensor(-7.6953, dtype=torch.float16);tensor(-0.5000, dtype=torch.float16);tensor(-4.0625, dtype=torch.float16);tensor(-7.5234, dtype=torch.float16);tensor(-3.3594, dtype=torch.float16);tensor(-1.4609, dtype=torch.float16);tensor(-3.6641, dtype=torch.float16);tensor(-5.0312, dtype=torch.float16);tensor(0., dtype=torch.float16);tensor(-0.6875, dtype=torch.float16);tensor(0., dtype=torch.float16);tensor(-2.4141, dtype=torch.float16);tensor(0., dtype=torch.float16);tensor(-2.7891, dtype=torch.float16);tensor(-4.9688, dtype=torch.float16);tensor(0., dtype=torch.float16);tensor(-1.6953, dtype=torch.float16);tensor(0., dtype=torch.float16);tensor(-2.5547, dtype=torch.float16);tensor(-0.1406, dtype=torch.float16);tensor(-0.2344, dtype=torch.float16);tensor(-1.2188, dtype=torch.float16);tensor(-4.2812, dtype=torch.float16);tensor(-0.6719, dtype=torch.float16);tensor(-0.2500, dtype=torch.float16);tensor(-9.5156, dtype=torch.float16);tensor(-2.6172, dtype=torch.float16);tensor(0., dtype=torch.float16);tensor(-1.2812, dtype=torch.float16);tensor(-3.8828, dtype=torch.float16);tensor(-0.1094, dtype=torch.float16);tensor(-1.1562, dtype=torch.float16);tensor(-7.8594, dtype=torch.float16);tensor(-1.6484, dtype=torch.float16);tensor(-0.1641, dtype=torch.float16);tensor(-7.6875, dtype=torch.float16)","tensor(-12.0703, dtype=torch.float16);tensor(-0.1094, dtype=torch.float16);tensor(-0.2812, dtype=torch.float16);tensor(-0.3906, dtype=torch.float16);tensor(-1.3203, dtype=torch.float16);tensor(-0.4688, dtype=torch.float16);tensor(0., dtype=torch.float16);tensor(-4.0391, dtype=torch.float16);tensor(-7.6953, dtype=torch.float16);tensor(-0.5000, dtype=torch.float16);tensor(-8.1172, dtype=torch.float16);tensor(-10.7500, dtype=torch.float16);tensor(-0.0156, dtype=torch.float16);tensor(-4.0469, dtype=torch.float16);tensor(-11.7812, dtype=torch.float16);tensor(-0.0312, dtype=torch.float16);tensor(-1.8281, dtype=torch.float16);tensor(0., dtype=torch.float16);tensor(-0.0781, dtype=torch.float16);tensor(0., dtype=torch.float16);tensor(-12.6250, dtype=torch.float16);tensor(-0.2188, dtype=torch.float16);tensor(-0.8906, dtype=torch.float16);tensor(-4.8594, dtype=torch.float16);tensor(0., dtype=torch.float16);tensor(-7.1562, dtype=torch.float16);tensor(0., dtype=torch.float16);tensor(-4.3516, dtype=torch.float16);tensor(0., dtype=torch.float16);tensor(-0.9141, dtype=torch.float16);tensor(0., dtype=torch.float16);tensor(-0.9766, dtype=torch.float16);tensor(-4.8438, dtype=torch.float16);tensor(-0.7266, dtype=torch.float16);tensor(-0.3281, dtype=torch.float16);tensor(-9.5156, dtype=torch.float16);tensor(-0.3906, dtype=torch.float16);tensor(0., dtype=torch.float16);tensor(-1.3750, dtype=torch.float16);tensor(-4.3203, dtype=torch.float16);tensor(-0.2344, dtype=torch.float16);tensor(-0.7031, dtype=torch.float16);tensor(-7.5312, dtype=torch.float16);tensor(-3.4844, dtype=torch.float16);tensor(-0.1719, dtype=torch.float16);tensor(-7.2539, dtype=torch.float16)",epitome_rm
4,Sheila's Problem,implicit,"Scene 1: John and Sheila’s encounter in the office. John hands Sheila a stack of papers and he gets awkward.
John: Oh, um, Sheila, hi, um – nice – um – scarf.
Sheila: Thanks, John. I’ll get these back to you by tomorrow.
John: Yup, great, thanks, nice, that would be good.
[John exits, Amy enters]
Sheila: Oh gosh, Amy, I’m in such an awkward situation.
Amy: Yeah? What’s up?
Sheila: Well, you know my supervisor Mike, right? His boss Courtney has this new PA, John, who gets really weird around me. I think he has a crush on me and it’s really uncomfortable.
Amy: That’s awkward. Are you going to confront him about it?
Sheila: What, are you mad? Poor guy would explode. It would make it a hundred times worse. No, I’ll just keep letting him think I have no idea about it.
Amy: Yeah, good idea.

Scene 2: John talks to Tim about Sheila
Tim: Anyway, so how’s it going at your new job?
John: Urgh, not so good at the moment. Remember I told you about Sheila, who works in Finance?
Tim: Yeah?
John: Yeah, I’ve gone full schoolboy crush on her. I blush and get awkward and everything. It’s terrible.
Tim: Oh, yikes. Does she know?
John: No, I don’t think so. She still acts completely normal around me.
Tim: That’s a relief.
John: Yeah. Anyway, I’d better run.
Tim: Cheers, hope the office gets better!

Scene 3: Amy enters
Amy: Hi, sweetheart.
Tim: Hiya.
Tim: Poor guy, he’s in an awkward situation at work. He actually has a schoolboy crush, can you believe it? On someone called Sheila.
Amy: Sheila? Oh, yeah, she told me about it.
Tim: She knows? Aw, John thinks she hasn’t realized how he feels. He’d be mortified if he found out that she does know.
Amy: It’s all right, her plan is to keep him in the dark – she doesn’t want him to know that she’s realized, because it’ll make it so much more awkward.
Tim: That’s all right then.
Amy: But – I wonder if Victor knows about this?
Tim: Victor?
Amy: Victor, you know Victor! My brother Shaun’s best friend? He’s married to Sheila!
Tim: Oh, yeah, right, Victor.
Amy: He should know about this, even if there’s nothing going on. I’ll chat to him later.

Scene 4: Amy tells Victor
Amy: Victor, I need to chat to you about something.
Victor: What’s up?
Amy: Tim told me something he heard the other day and I thought that, as Sheila’s husband, you deserved to know.
Victor: Oh god, this doesn’t sound good.
Amy: It’s not a huge deal, it’s just that there’s somebody at Sheila’s office, John, who has a bit of a thing for her, and Sheila’s worked it out, but she’s pretending not to know to stop things from getting awkward.
Victor: Oh, yeah, she told me about that. Poor guy.",implicit,control,7,"Tim: How does everyone know each other again?Amy: So, your best friend John is Sheila’s supervisor Mike’s boss’s PA. And Sheila is married to my brother’s best friend Victor.","Tim: How does everyone know each other again?Amy: So, Sheila’s my best friend, and my brother Mike’s boss’s supervisor, John, has just hired a new PA. Victor is that PA’s girlfriend’s friend.",a,-2.802734375,-3.388671875,-151.375,-213.5,"tensor(-12.0625, dtype=torch.float16);tensor(-2.3047, dtype=torch.float16);tensor(-6.5234, dtype=torch.float16);tensor(-3.6016, dtype=torch.float16);tensor(-7.4375, dtype=torch.float16);tensor(-0.2031, dtype=torch.float16);tensor(-7.8047, dtype=torch.float16);tensor(-0.0156, dtype=torch.float16);tensor(-6.1250, dtype=torch.float16);tensor(0., dtype=torch.float16);tensor(-16.5156, dtype=torch.float16);tensor(-9.0938, dtype=torch.float16);tensor(0., dtype=torch.float16);tensor(-0.0156, dtype=torch.float16);tensor(-4.5312, dtype=torch.float16);tensor(-0.2812, dtype=torch.float16);tensor(-6.2578, dtype=torch.float16);tensor(-2.9297, dtype=torch.float16);tensor(-1.0156, dtype=torch.float16);tensor(-9.9375, dtype=torch.float16);tensor(-1.8750, dtype=torch.float16);tensor(-6.8984, dtype=torch.float16);tensor(0., dtype=torch.float16);tensor(-0.1406, dtype=torch.float16);tensor(0., dtype=torch.float16);tensor(-1.3516, dtype=torch.float16);tensor(0., dtype=torch.float16);tensor(-5.8906, dtype=torch.float16);tensor(-0.0469, dtype=torch.float16);tensor(0., dtype=torch.float16);tensor(-3.4609, dtype=torch.float16);tensor(0., dtype=torch.float16);tensor(-2.2109, dtype=torch.float16);tensor(-0.1094, dtype=torch.float16);tensor(-0.5156, dtype=torch.float16);tensor(-1.8047, dtype=torch.float16);tensor(-1.7969, dtype=torch.float16);tensor(-1.5703, dtype=torch.float16);tensor(0., dtype=torch.float16);tensor(-2.7109, dtype=torch.float16);tensor(-2.9141, dtype=torch.float16);tensor(0., dtype=torch.float16);tensor(-3.6406, dtype=torch.float16);tensor(-0.0469, dtype=torch.float16);tensor(-2.2969, dtype=torch.float16);tensor(0., dtype=torch.float16);tensor(-0.0469, dtype=torch.float16);tensor(-0.0469, dtype=torch.float16);tensor(-0.1406, dtype=torch.float16);tensor(-0.2344, dtype=torch.float16);tensor(-7.3477, dtype=torch.float16);tensor(-0.0625, dtype=torch.float16);tensor(-0.3281, dtype=torch.float16);tensor(-7.2070, dtype=torch.float16)","tensor(-12.0625, dtype=torch.float16);tensor(-2.3047, dtype=torch.float16);tensor(-6.5234, dtype=torch.float16);tensor(-3.6016, dtype=torch.float16);tensor(-7.4375, dtype=torch.float16);tensor(-0.2031, dtype=torch.float16);tensor(-7.8047, dtype=torch.float16);tensor(-0.0156, dtype=torch.float16);tensor(-6.1250, dtype=torch.float16);tensor(0., dtype=torch.float16);tensor(-16.5156, dtype=torch.float16);tensor(-9.0938, dtype=torch.float16);tensor(0., dtype=torch.float16);tensor(-0.0156, dtype=torch.float16);tensor(-4.5312, dtype=torch.float16);tensor(-0.2812, dtype=torch.float16);tensor(-3.4297, dtype=torch.float16);tensor(0., dtype=torch.float16);tensor(-1.2422, dtype=torch.float16);tensor(0., dtype=torch.float16);tensor(-6.1875, dtype=torch.float16);tensor(-3.8984, dtype=torch.float16);tensor(-0.2656, dtype=torch.float16);tensor(-0.5469, dtype=torch.float16);tensor(-0.2656, dtype=torch.float16);tensor(-6.7031, dtype=torch.float16);tensor(-0.0156, dtype=torch.float16);tensor(-14.6875, dtype=torch.float16);tensor(-1.8984, dtype=torch.float16);tensor(0., dtype=torch.float16);tensor(-3.5781, dtype=torch.float16);tensor(0., dtype=torch.float16);tensor(-5.3359, dtype=torch.float16);tensor(-0.0469, dtype=torch.float16);tensor(-9.7656, dtype=torch.float16);tensor(-0.0781, dtype=torch.float16);tensor(-3.5469, dtype=torch.float16);tensor(-3.3906, dtype=torch.float16);tensor(-0.0469, dtype=torch.float16);tensor(-0.1406, dtype=torch.float16);tensor(-9.2188, dtype=torch.float16);tensor(-8.6875, dtype=torch.float16);tensor(-0.0312, dtype=torch.float16);tensor(-1.5391, dtype=torch.float16);tensor(-0.0156, dtype=torch.float16);tensor(-0.1719, dtype=torch.float16);tensor(-3.0859, dtype=torch.float16);tensor(-4.9219, dtype=torch.float16);tensor(-1.5312, dtype=torch.float16);tensor(-7.9453, dtype=torch.float16);tensor(-0.3906, dtype=torch.float16);tensor(-1.2109, dtype=torch.float16);tensor(0., dtype=torch.float16);tensor(-9.1953, dtype=torch.float16);tensor(-0.0156, dtype=torch.float16);tensor(-2.7656, dtype=torch.float16);tensor(0., dtype=torch.float16);tensor(-5.0781, dtype=torch.float16);tensor(-0.7188, dtype=torch.float16);tensor(-7.9414, dtype=torch.float16);tensor(-0.1641, dtype=torch.float16);tensor(-0.3438, dtype=torch.float16);tensor(-6.9766, dtype=torch.float16)",epitome_rm
